0	1017066
1	1017986
2	1018890
3	1019794
4	1020698
5	1021602
6	1022506
7	1023410
8	1024314
9	1025218
10	1026122
11	1027026
12	1027930
13	1028834
14	1029738
15	1030642
16	1031546
17	1032450
18	1033354
19	1034258
20	1035162
21	1036066
22	1036970
23	1037874
24	1038778
25	1039682
26	1040586
27	1041490
28	1042394
29	1043298
30	1044202
31	1045106
32	1046010
33	1046914
34	1047818
35	1048722
36	1049626
37	1050530
38	1051434
39	1052338
40	1053242
41	1054146
42	1055050
43	1055954
44	1056858
45	1057762
46	1058666
47	1059570
48	1060474
49	1061378
50	1062282
51	1063186
52	1064090
53	1064994
54	1065898
55	1066802
56	1067706
57	1068610
58	1069514
59	1070418
60	1071322
61	1072226
62	1073130
63	1074034
64	1074938
65	1075842
66	1076746
67	1077650
68	1078554
69	1079458
70	1080362
71	1081266
72	1082170
73	1083074
74	1083978
75	1084882
76	1085786
77	1086690
78	1087594
79	1088498
80	1089402
81	1090306
82	1091210
83	1092114
84	1093018
85	1093922
86	1094826
87	1095730
88	1096634
89	1097538
90	1098442
91	1099346
92	1100250
93	1101154
94	1102058
95	1102962
96	1103866
97	1104770
98	1105674
99	1106578
100	1107482
101	1108386
102	1109290
103	1110194
104	1111098
105	1112002
106	1112906
107	1113810
108	1114714
109	1115618
110	1116522
111	1117426
112	1118330
113	1119234
114	1120138
115	1121042
116	1121946
117	1122850
118	1123754
119	1124658
120	1125562
121	1126466
122	1127370
123	1128274
124	1129178
125	1130082
126	1130986
127	1131890
128	1132794
129	1133698
130	1134602
131	1135506
132	1136410
133	1137314
134	1138218
135	1139122
136	1140026
137	1140930
138	1141834
139	1142738
140	1143642
141	1144546
142	1145450
143	1146354
144	1147258
145	1148162
146	1149066
147	1149970
148	1150874
149	1151778
150	1152682
151	1153586
152	1154490
153	1155394
154	1156298
155	1157202
156	1158106
157	1159010
158	1159914
159	1160818
160	1161722
161	1162626
162	1163530
163	1164434
164	1165338
165	1166242
166	1167146
167	1168050
168	1168954
169	1169858
170	1170762
171	1171666
172	1172570
173	1173474
174	1174378
175	1175282
176	1176186
177	1177090
178	1177994
179	1178898
180	1179802
181	1180706
182	1181610
183	1182514
184	1183418
185	1184322
186	1185226
187	1186130
188	1187034
189	1187938
190	1188842
191	1189746
192	1190650
193	1191554
194	1192458
195	1193362
196	1194266
197	1195170
198	1196074
199	1196978
200	1197882
201	1198786
202	1199690
203	1200594
204	1201498
205	1202402
206	1203306
207	1204210
208	1205114
209	1206018
210	1206922
211	1207826
212	1208730
213	1209634
214	1210538
215	1211442
216	1212346
217	1213250
218	1214154
219	1215058
220	1215962
221	1216866
222	1217770
223	1218674
224	1219578
225	1220482
226	1221386
227	1222290
228	1223194
229	1224098
230	1225002
231	1225906
232	1226810
233	1227714
234	1228618
235	1229522
236	1230426
237	1231330
238	1232234
239	1233138
240	1234042
241	1234946
242	1235850
243	1236754
244	1237658
245	1238562
246	1239466
247	1240370
248	1241274
249	1242178
250	1243082
251	1243986
252	1244890
253	1245794
254	1246698
255	1247602
256	1248510
257	1249414
258	1250318
259	1251222
260	1252126
261	1253030
262	1253934
263	1254838
264	1255742
265	1256646
266	1257550
267	1258454
268	1259358
269	1260262
270	1261166
271	1262070
272	1262974
273	1263878
274	1264782
275	1265686
276	1266590
277	1267494
278	1268398
279	1269302
280	1270206
281	1271110
282	1272014
283	1272918
284	1273822
285	1274726
286	1275630
287	1276534
288	1277438
289	1278342
290	1279246
291	1280150
292	1281054
293	1281958
294	1282862
295	1283766
296	1284670
297	1285574
298	1286478
299	1287382
300	1288286
301	1289190
302	1290094
303	1290998
304	1291902
305	1292806
306	1293710
307	1294614
308	1295518
309	1296422
310	1297326
311	1298230
312	1299134
313	1300038
314	1300942
315	1301846
316	1302750
317	1303654
318	1304558
319	1305462
320	1306366
321	1307270
322	1308174
323	1309078
324	1309982
325	1310886
326	1311790
327	1312694
328	1313598
329	1314502
330	1315406
331	1316310
332	1317214
333	1318118
334	1319022
335	1319926
336	1320830
337	1321734
338	1322638
339	1323542
340	1324446
341	1325350
342	1326254
343	1327158
344	1328062
345	1328966
346	1329870
347	1330774
348	1331678
349	1332582
350	1333486
351	1334390
352	1335294
353	1336198
354	1337102
355	1338006
356	1338910
357	1339814
358	1340718
359	1341622
360	1342526
361	1343430
362	1344334
363	1345238
364	1346142
365	1347046
366	1347950
367	1348854
368	1349758
369	1350662
370	1351566
371	1352470
372	1353374
373	1354278
374	1355182
375	1356086
376	1356990
377	1357894
378	1358798
379	1359702
380	1360606
381	1361510
382	1362414
383	1363318
384	1364222
385	1365126
386	1366030
387	1366934
388	1367838
389	1368742
390	1369646
391	1370550
392	1371454
393	1372358
394	1373262
395	1374166
396	1375070
397	1375974
398	1376878
399	1377782
400	1378686
401	1379590
402	1380494
403	1381398
404	1382302
405	1383206
406	1384110
407	1385014
408	1385918
409	1386822
410	1387726
411	1388630
412	1389534
413	1390438
414	1391342
415	1392246
416	1393150
417	1394054
418	1394958
419	1395862
420	1396766
421	1397670
422	1398574
423	1399478
424	1400382
425	1401286
426	1402190
427	1403094
428	1403998
429	1404902
430	1405806
431	1406710
432	1407614
433	1408518
434	1409422
435	1410326
436	1411230
437	1412134
438	1413038
439	1413942
440	1414846
441	1415750
442	1416654
443	1417558
444	1418462
445	1419366
446	1420270
447	1421174
448	1422078
449	1422982
450	1423886
451	1424790
452	1425694
453	1426598
454	1427502
455	1428406
456	1429310
457	1430214
458	1431118
459	1432022
460	1432926
461	1433830
462	1434734
463	1435638
464	1436542
465	1437446
466	1438350
467	1439254
468	1440158
469	1441062
470	1441966
471	1442870
472	1443774
473	1444678
474	1445582
475	1446486
476	1447390
477	1448294
478	1449198
479	1450102
480	1451006
481	1451910
482	1452814
483	1453718
484	1454622
485	1455526
486	1456430
487	1457334
488	1458238
489	1459142
490	1460046
491	1460950
492	1461854
493	1462758
494	1463662
495	1464566
496	1465470
497	1466374
498	1467278
499	1468182
500	1469086
501	1469990
502	1470894
503	1471798
504	1472702
505	1473606
506	1474510
507	1475414
508	1476318
509	1477222
510	1478126
511	1479030
512	1479934
513	1480838
514	1481742
515	1482646
516	1483550
517	1484454
518	1485358
519	1486262
520	1487166
521	1488070
522	1488974
523	1489878
524	1490782
525	1491686
526	1492590
527	1493494
528	1494398
529	1495302
530	1496206
531	1497110
532	1498014
533	1498918
534	1499822
535	1500726
536	1501630
537	1502534
538	1503438
539	1504342
540	1505246
541	1506150
542	1507054
543	1507958
544	1508862
545	1509766
546	1510670
547	1511574
548	1512478
549	1513382
550	1514286
551	1515190
552	1516094
553	1516998
554	1517902
555	1518806
556	1519710
557	1520614
558	1521518
559	1522422
560	1523326
561	1524230
562	1525134
563	1526038
564	1526942
565	1527846
566	1528750
567	1529654
568	1530558
569	1531462
570	1532366
571	1533270
572	1534174
573	1535078
574	1535982
575	1536886
576	1537790
577	1538694
578	1539598
579	1540502
580	1541406
581	1542310
582	1543214
583	1544118
584	1545022
585	1545926
586	1546830
587	1547734
588	1548638
589	1549542
590	1550446
591	1551350
592	1552254
593	1553158
594	1554062
595	1554966
596	1555870
597	1556774
598	1557678
599	1558582
600	1559486
601	1560390
602	1561294
603	1562198
604	1563102
605	1564006
606	1564910
607	1565814
608	1566718
609	1567622
610	1568526
611	1569430
612	1570334
613	1571238
614	1572142
615	1573046
616	1573950
617	1574854
618	1575758
619	1576662
620	1577566
621	1578470
622	1579374
623	1580278
624	1581182
625	1582086
626	1582990
627	1583894
628	1584798
629	1585702
630	1586606
631	1587510
632	1588414
633	1589318
634	1590222
635	1591126
636	1592030
637	1592934
638	1593838
639	1594742
640	1595646
641	1596550
642	1597454
643	1598358
644	1599262
645	1600166
646	1601070
647	1601974
648	1602878
649	1603782
650	1604686
651	1605590
652	1606494
653	1607398
654	1608302
655	1609206
656	1610110
657	1611014
658	1611918
659	1612822
660	1613726
661	1614630
662	1615534
663	1616438
664	1617342
665	1618246
666	1619150
667	1620054
668	1620958
669	1621862
670	1622766
671	1623670
672	1624574
673	1625478
674	1626382
675	1627286
676	1628190
677	1629094
678	1629998
679	1630902
680	1631806
681	1632710
682	1633614
683	1634518
684	1635422
685	1636326
686	1637230
687	1638134
688	1639038
689	1639942
690	1640846
691	1641750
692	1642654
693	1643558
694	1644462
695	1645366
696	1646270
697	1647174
698	1648078
699	1648982
700	1649886
701	1650790
702	1651694
703	1652598
704	1653502
705	1654406
706	1655310
707	1656214
708	1657118
709	1658022
710	1658926
711	1659830
712	1660734
713	1661638
714	1662542
715	1663446
716	1664350
717	1665254
718	1666158
719	1667062
720	1667966
721	1668870
722	1669774
723	1670678
724	1671582
725	1672486
726	1673390
727	1674294
728	1675198
729	1676102
730	1677006
731	1677910
732	1678814
733	1679718
734	1680622
735	1681526
736	1682430
737	1683334
738	1684238
739	1685142
740	1686046
741	1686950
742	1687854
743	1688758
744	1689662
745	1690566
746	1691470
747	1692374
748	1693278
749	1694182
750	1695086
751	1695990
752	1696894
753	1697798
754	1698702
755	1699606
756	1700510
757	1701414
758	1702318
759	1703222
760	1704126
761	1705030
762	1705934
763	1706838
764	1707742
765	1708646
766	1709550
767	1710454
768	1711358
769	1712262
770	1713166
771	1714070
772	1714974
773	1715878
774	1716782
775	1717686
776	1718590
777	1719494
778	1720398
779	1721302
780	1722206
781	1723110
782	1724014
783	1724918
784	1725822
785	1726726
786	1727630
787	1728534
788	1729438
789	1730342
790	1731246
791	1732150
792	1733054
793	1733958
794	1734862
795	1735766
796	1736670
797	1737574
798	1738478
799	1739382
800	1740286
801	1741190
802	1742094
803	1742998
804	1743902
805	1744806
806	1745710
807	1746614
808	1747518
809	1748422
810	1749326
811	1750230
812	1751134
813	1752038
814	1752942
815	1753846
816	1754750
817	1755654
818	1756558
819	1757462
820	1758366
821	1759270
822	1760174
823	1761078
824	1761982
825	1762886
826	1763790
827	1764694
828	1765598
829	1766502
830	1767406
831	1768310
832	1769214
833	1770118
834	1771022
835	1771926
836	1772830
837	1773734
838	1774638
839	1775542
840	1776446
841	1777350
842	1778254
843	1779158
844	1780062
845	1780966
846	1781870
847	1782774
848	1783678
849	1784582
850	1785486
851	1786390
852	1787294
853	1788198
854	1789102
855	1790006
856	1790910
857	1791814
858	1792718
859	1793622
860	1794526
861	1795430
862	1796334
863	1797238
864	1798142
865	1799046
866	1799950
867	1800854
868	1801758
869	1802662
870	1803566
871	1804470
872	1805374
873	1806278
874	1807182
875	1808086
876	1808990
877	1809894
878	1810798
879	1811702
880	1812606
881	1813510
882	1814414
883	1815318
884	1816222
885	1817126
886	1818030
887	1818934
888	1819838
889	1820742
890	1821646
891	1822550
892	1823454
893	1824358
894	1825262
895	1826166
896	1827070
897	1827974
898	1828878
899	1829782
900	1830686
901	1831590
902	1832494
903	1833398
904	1834302
905	1835206
906	1836110
907	1837014
908	1837918
909	1838822
910	1839726
911	1840630
912	1841534
913	1842438
914	1843342
915	1844246
916	1845150
917	1846054
918	1846958
919	1847862
920	1848766
921	1849670
922	1850574
923	1851478
924	1852382
925	1853286
926	1854190
927	1855094
928	1855998
929	1856902
930	1857806
931	1858710
932	1859614
933	1860518
934	1861422
935	1862326
936	1863230
937	1864134
938	1865038
939	1865942
940	1866846
941	1867750
942	1868654
943	1869558
944	1870462
945	1871366
946	1872270
947	1873174
948	1874078
949	1874982
950	1875886
951	1876790
952	1877694
953	1878598
954	1879502
955	1880406
956	1881310
957	1882214
958	1883118
959	1884022
960	1884926
961	1885830
962	1886734
963	1887638
964	1888542
965	1889446
966	1890350
967	1891254
968	1892158
969	1893062
970	1893966
971	1894870
972	1895774
973	1896678
974	1897582
975	1898486
976	1899390
977	1900294
978	1901198
979	1902102
980	1903006
981	1903910
982	1904814
983	1905718
984	1906622
985	1907526
986	1908430
987	1909334
988	1910238
989	1911142
990	1912046
991	1912950
992	1913854
993	1914758
994	1915662
995	1916566
996	1917470
997	1918374
998	1919278
999	1920182
