l,500,1,0.0
l,500,60,0.0
h,500,1,77.8
h,500,60,66.0
l,1000,1,0.0
l,1000,60,0.0
h,1000,1,78.0
h,1000,60,72.1
l,1500,1,0.0
l,1500,60,0.0
h,1500,1,78.0
h,1500,60,74.06666666666666
l,2000,1,0.0
l,2000,60,0.0
h,2000,1,78.05
h,2000,60,75.1
l,2500,1,0.0
l,2500,60,0.0
h,2500,1,78.03999999999999
h,2500,60,75.68
l,3000,1,0.0
l,3000,60,0.0
h,3000,1,78.03333333333333
h,3000,60,76.06666666666668
l,3500,1,0.0
l,3500,60,0.0
h,3500,1,78.05714285714286
h,3500,60,76.37142857142857
l,4000,1,0.0
l,4000,60,0.0
h,4000,1,78.05
h,4000,60,76.575
l,4500,1,0.0
l,4500,60,0.0
h,4500,1,78.06666666666666
h,4500,60,76.75555555555556
l,5000,1,0.0
l,5000,60,0.0
h,5000,1,78.06
h,5000,60,76.88000000000001
l,5500,1,0.0
l,5500,60,0.0
h,5500,1,78.07272727272728
h,5500,60,77.0
l,6000,1,0.0
l,6000,60,0.0
h,6000,1,78.06666666666666
h,6000,60,77.08333333333334
l,6500,1,0.0
l,6500,60,0.0
h,6500,1,78.07692307692308
h,6500,60,77.16923076923077
l,7000,1,0.0
l,7000,60,0.0
h,7000,1,78.07142857142857
h,7000,60,77.22857142857143
l,7500,1,0.0
l,7500,60,0.0
h,7500,1,78.06666666666666
h,7500,60,77.28
l,8000,1,0.0
l,8000,60,0.0
h,8000,1,78.075
h,8000,60,77.3375
l,8500,1,0.0
l,8500,60,0.0
h,8500,1,78.07058823529411
h,8500,60,77.37647058823529
l,9000,1,0.06666666666666667
l,9000,60,0.06666666666666667
h,9000,1,78.11111111111111
h,9000,60,78.11111111111111
l,9500,1,5.326315789473684
l,9500,60,5.326315789473684
h,9500,1,79.26315789473685
h,9500,60,79.26315789473685
l,10000,1,10.059999999999999
l,10000,60,10.059999999999999
h,10000,1,80.30000000000001
h,10000,60,80.30000000000001
