l,50,1,10.059999999999999
l,50,60,10.059999999999999
h,50,1,10.059999999999999
h,50,60,10.059999999999999
l,100,1,10.059999999999999
l,100,60,10.059999999999999
h,100,1,10.059999999999999
h,100,60,10.059999999999999
l,500,1,10.07
l,500,60,10.07
h,500,1,58.45
h,500,60,58.45
l,600,1,10.07
l,600,60,10.07
h,600,1,64.92999999999999
h,600,60,64.92999999999999
l,700,1,10.07
l,700,60,10.07
h,700,1,69.66
h,700,60,69.66
l,800,1,10.07
l,800,60,10.07
h,800,1,73.27
h,800,60,73.27
l,900,1,10.07
l,900,60,10.07
h,900,1,76.11
h,900,60,76.11
l,1000,1,10.07
l,1000,60,10.07
h,1000,1,78.41
h,1000,60,78.41
l,1100,1,10.08
l,1100,60,10.08
h,1100,1,80.30000000000001
h,1100,60,80.30000000000001
