0	1009680
1	1011505
2	1013331
3	-1
4	1015156
5	-1
6	1016982
7	-1
8	1018808
9	-1
10	1020633
11	-1
12	1022459
13	1024284
14	-1
15	1026110
16	-1
17	1027936
18	-1
19	1029761
20	-1
21	1031587
22	1033412
23	-1
24	1035238
25	-1
26	1037064
27	-1
28	1038889
29	-1
30	1040715
31	-1
32	1042540
33	1044366
34	-1
35	1046192
36	-1
37	1048017
38	-1
39	1049843
40	-1
41	1051668
42	-1
43	1053494
44	1055320
45	-1
46	1057145
47	-1
48	1058971
49	-1
50	1060796
51	-1
52	1062622
53	1064448
54	-1
55	1066273
56	-1
57	1068099
58	-1
59	1069924
60	-1
61	1071750
62	-1
63	1073576
64	1075401
65	-1
66	1077227
67	-1
68	1079052
69	-1
70	1080878
71	-1
72	1082704
73	-1
74	1084529
75	1086355
76	-1
77	1088180
78	-1
79	1090006
80	-1
81	1091832
82	-1
83	1093657
84	-1
85	1095483
86	1097308
87	-1
88	1099134
89	-1
90	1100960
91	-1
92	1102785
93	-1
94	1104611
95	1106436
96	-1
97	1108262
98	-1
99	1110088
100	-1
101	1111913
102	-1
103	1113739
104	-1
105	1115564
106	1117390
107	-1
108	1119216
109	-1
110	1121041
111	-1
112	1122867
113	-1
114	1124692
115	-1
116	1126518
117	1128344
118	-1
119	1130169
120	-1
121	1131995
122	-1
123	1133820
124	-1
125	1135646
126	-1
127	1137472
128	1139297
129	-1
130	1141123
131	-1
132	1142948
133	-1
134	1144774
135	-1
136	1146600
137	1148425
138	-1
139	1150251
140	-1
141	1152076
142	-1
143	1153902
144	-1
145	1155728
146	-1
147	1157553
148	1159379
149	-1
150	1161204
151	-1
152	1163030
153	-1
154	1164856
155	-1
156	1166681
157	-1
158	1168507
159	1170332
160	-1
161	1172158
162	-1
163	1173984
164	-1
165	1175809
166	-1
167	1177635
168	-1
169	1179460
170	1181286
171	-1
172	1183112
173	-1
174	1184937
175	-1
176	1186763
177	-1
178	1188588
179	1190414
180	-1
181	1192240
182	-1
183	1194065
184	-1
185	1195891
186	-1
187	1197716
188	-1
189	1199542
190	1201368
191	-1
192	1203193
193	-1
194	1205019
195	-1
196	1206844
197	-1
198	1208670
199	-1
200	1210496
201	1212321
202	-1
203	1214147
204	-1
205	1215972
206	-1
207	1217798
208	-1
209	1219624
210	1221449
211	-1
212	1223275
213	-1
214	1225100
215	-1
216	1226926
217	-1
218	1228752
219	-1
220	1230577
221	1232403
222	-1
223	1234228
224	-1
225	1236054
226	-1
227	1237880
228	-1
229	1239705
230	-1
231	1241531
232	1243356
233	-1
234	1245182
235	-1
236	1247008
237	-1
238	1248833
239	-1
240	1250659
241	-1
242	1252484
243	1254310
244	-1
245	1256136
246	-1
247	1257961
248	-1
249	1259787
250	-1
251	1261612
252	1263438
253	-1
254	1265264
255	-1
256	1267089
257	-1
258	1268915
259	-1
260	1270740
261	-1
262	1272566
263	1274392
264	-1
265	1276217
266	-1
267	1278043
268	-1
269	1279868
270	-1
271	1281694
272	-1
273	1283520
274	1285345
275	-1
276	1287171
277	-1
278	1288996
279	-1
280	1290822
281	-1
282	1292648
283	-1
284	1294473
285	1296299
286	-1
287	1298124
288	-1
289	1299950
290	-1
291	1301776
292	-1
293	1303601
294	1305427
295	-1
296	1307252
297	-1
298	1309078
299	-1
300	1310904
301	-1
302	1312729
303	-1
304	1314555
305	1316380
306	-1
307	1318206
308	-1
309	1320032
310	-1
311	1321857
312	-1
313	1323683
314	-1
315	1325508
316	1327334
317	-1
318	1329160
319	-1
320	1330985
321	-1
322	1332811
323	-1
324	1334636
325	-1
326	1336462
327	1338288
328	-1
329	1340113
330	-1
331	1341939
332	-1
333	1343764
334	-1
335	1345590
336	1347416
337	-1
338	1349241
339	-1
340	1351067
341	-1
342	1352892
343	-1
344	1354718
345	-1
346	1356544
347	1358369
348	-1
349	1360195
350	-1
351	1362020
352	-1
353	1363846
354	-1
355	1365672
356	-1
357	1367497
358	1369323
359	-1
360	1371148
361	-1
362	1372974
363	-1
364	1374800
365	-1
366	1376625
367	1378451
368	-1
369	1380276
370	-1
371	1382102
372	-1
373	1383928
374	-1
375	1385753
376	-1
377	1387579
378	1389404
379	-1
380	1391230
381	-1
382	1393056
383	-1
384	1394881
385	-1
386	1396707
387	-1
388	1398532
389	1400358
390	-1
391	1402184
392	-1
393	1404009
394	-1
395	1405835
396	-1
397	1407660
398	-1
399	1409486
400	1411312
401	-1
402	1413137
403	-1
404	1414963
405	-1
406	1416788
407	-1
408	1418614
409	1420440
410	-1
411	1422265
412	-1
413	1424091
414	-1
415	1425916
416	-1
417	1427742
418	-1
419	1429568
420	1431393
421	-1
422	1433219
423	-1
424	1435044
425	-1
426	1436870
427	-1
428	1438696
429	-1
430	1440521
431	1442347
432	-1
433	1444172
434	-1
435	1445998
436	-1
437	1447824
438	-1
439	1449649
440	-1
441	1451475
442	1453300
443	-1
444	1455126
445	-1
446	1456952
447	-1
448	1458777
449	-1
450	1460603
451	1462428
452	-1
453	1464254
454	-1
455	1466080
456	-1
457	1467905
458	-1
459	1469731
460	-1
461	1471556
462	1473382
463	-1
464	1475208
465	-1
466	1477033
467	-1
468	1478859
469	-1
470	1480684
471	-1
472	1482510
473	1484336
474	-1
475	1486161
476	-1
477	1487987
478	-1
479	1489812
480	-1
481	1491638
482	-1
483	1493464
484	1495289
485	-1
486	1497115
487	-1
488	1498940
489	-1
490	1500766
491	-1
492	1502592
493	1504417
494	-1
495	1506243
496	-1
497	1508068
498	-1
499	1509894
500	-1
501	1511720
502	-1
503	1513545
504	1515371
505	-1
506	1517196
507	-1
508	1519022
509	-1
510	1520848
511	-1
512	1522673
513	-1
514	1524499
515	1526324
516	-1
517	1528150
518	-1
519	1529976
520	-1
521	1531801
522	-1
523	1533627
524	1535452
525	-1
526	1537278
527	-1
528	1539104
529	-1
530	1540929
531	-1
532	1542755
533	-1
534	1544580
535	1546406
536	-1
537	1548232
538	-1
539	1550057
540	-1
541	1551883
542	-1
543	1553708
544	-1
545	1555534
546	1557360
547	-1
548	1559185
549	-1
550	1561011
551	-1
552	1562836
553	-1
554	1564662
555	-1
556	1566488
557	1568313
558	-1
559	1570139
560	-1
561	1571964
562	-1
563	1573790
564	-1
565	1575616
566	1577441
567	-1
568	1579267
569	-1
570	1581092
571	-1
572	1582918
573	-1
574	1584744
575	-1
576	1586569
577	1588395
578	-1
579	1590220
580	-1
581	1592046
582	-1
583	1593872
584	-1
585	1595697
586	-1
587	1597523
588	1599348
589	-1
590	1601174
591	-1
592	1603000
593	-1
594	1604825
595	-1
596	1606651
597	-1
598	1608476
599	1610302
600	-1
601	1612128
602	-1
603	1613953
604	-1
605	1615779
606	-1
607	1617604
608	1619430
609	-1
610	1621256
611	-1
612	1623081
613	-1
614	1624907
615	-1
616	1626732
617	-1
618	1628558
619	1630384
620	-1
621	1632209
622	-1
623	1634035
624	-1
625	1635860
626	-1
627	1637686
628	-1
629	1639512
630	1641337
631	-1
632	1643163
633	-1
634	1644988
635	-1
636	1646814
637	-1
638	1648640
639	-1
640	1650465
641	1652291
642	-1
643	1654116
644	-1
645	1655942
646	-1
647	1657768
648	-1
649	1659593
650	1661419
651	-1
652	1663244
653	-1
654	1665070
655	-1
656	1666896
657	-1
658	1668721
659	-1
660	1670547
661	1672372
662	-1
663	1674198
664	-1
665	1676024
666	-1
667	1677849
668	-1
669	1679675
670	-1
671	1681500
672	1683326
673	-1
674	1685152
675	-1
676	1686977
677	-1
678	1688803
679	-1
680	1690628
681	1692454
682	-1
683	1694280
684	-1
685	1696105
686	-1
687	1697931
688	-1
689	1699756
690	-1
691	1701582
692	1703408
693	-1
694	1705233
695	-1
696	1707059
697	-1
698	1708884
699	-1
700	1710710
701	-1
702	1712536
703	1714361
704	-1
705	1716187
706	-1
707	1718012
708	-1
709	1719838
710	-1
711	1721664
712	-1
713	1723489
714	1725315
715	-1
716	1727140
717	-1
718	1728966
719	-1
720	1730792
721	-1
722	1732617
723	1734443
724	-1
725	1736268
726	-1
727	1738094
728	-1
729	1739920
730	-1
731	1741745
732	-1
733	1743571
734	1745396
735	-1
736	1747222
737	-1
738	1749048
739	-1
740	1750873
741	-1
742	1752699
743	-1
744	1754524
745	1756350
746	-1
747	1758176
748	-1
749	1760001
750	-1
751	1761827
752	-1
753	1763652
754	-1
755	1765478
756	1767304
757	-1
758	1769129
759	-1
760	1770955
761	-1
762	1772780
763	-1
764	1774606
765	1776432
766	-1
767	1778257
768	-1
769	1780083
770	-1
771	1781908
772	-1
773	1783734
774	-1
775	1785560
776	1787385
777	-1
778	1789211
779	-1
780	1791036
781	-1
782	1792862
783	-1
784	1794688
785	-1
786	1796513
787	1798339
788	-1
789	1800164
790	-1
791	1801990
792	-1
793	1803816
794	-1
795	1805641
796	-1
797	1807467
798	1809292
799	-1
800	1811118
801	-1
802	1812944
803	-1
804	1814769
805	-1
806	1816595
807	1818420
808	-1
809	1820246
810	-1
811	1822072
812	-1
813	1823897
814	-1
815	1825723
816	-1
817	1827548
818	1829374
819	-1
820	1831200
821	-1
822	1833025
823	-1
824	1834851
825	-1
826	1836676
827	-1
828	1838502
829	1840328
830	-1
831	1842153
832	-1
833	1843979
834	-1
835	1845804
836	-1
837	1847630
838	1849456
839	-1
840	1851281
841	-1
842	1853107
843	-1
844	1854932
845	-1
846	1856758
847	-1
848	1858584
849	1860409
850	-1
851	1862235
852	-1
853	1864060
854	-1
855	1865886
856	-1
857	1867712
858	-1
859	1869537
860	1871363
861	-1
862	1873188
863	-1
864	1875014
865	-1
866	1876840
867	-1
868	1878665
869	-1
870	1880491
871	1882316
872	-1
873	1884142
874	-1
875	1885968
876	-1
877	1887793
878	-1
879	1889619
880	1891444
881	-1
882	1893270
883	-1
884	1895096
885	-1
886	1896921
887	-1
888	1898747
889	-1
890	1900572
891	1902398
892	-1
893	1904224
894	-1
895	1906049
896	-1
897	1907875
898	-1
899	1909700
900	-1
901	1911526
902	1913352
903	-1
904	1915177
905	-1
906	1917003
907	-1
908	1918828
909	-1
910	1920654
911	-1
912	1922480
913	1924305
914	-1
915	1926131
916	-1
917	1927956
918	-1
919	1929782
920	-1
921	1931608
922	1933433
923	-1
924	1935259
925	-1
926	1937084
927	-1
928	1938910
929	-1
930	1940736
931	-1
932	1942561
933	1944387
934	-1
935	1946212
936	-1
937	1948038
938	-1
939	1949864
940	-1
941	1951689
942	-1
943	1953515
944	1955340
945	-1
946	1957166
947	-1
948	1958992
949	-1
950	1960817
951	-1
952	1962643
953	-1
954	1964468
955	1966294
956	-1
957	1968120
958	-1
959	1969945
960	-1
961	1971771
962	-1
963	1973596
964	1975422
965	-1
966	1977248
967	-1
968	1979073
969	-1
970	1980899
971	-1
972	1982724
973	-1
974	1984550
975	1986376
976	-1
977	1988201
978	-1
979	1990027
980	-1
981	1991852
982	-1
983	1993678
984	-1
985	1995504
986	1997329
987	-1
988	1999155
989	-1
990	2000980
991	-1
992	2002806
993	-1
994	2004632
995	2006457
996	-1
997	2008283
998	-1
999	2010108
1000	-1
1001	2011934
1002	-1
1003	2013760
1004	-1
1005	2015585
1006	2017411
1007	-1
1008	2019236
1009	-1
1010	2021062
1011	-1
1012	2022888
1013	-1
1014	2024713
1015	-1
1016	2026539
1017	2028364
1018	-1
1019	2030190
1020	-1
1021	2032016
1022	-1
1023	2033841
1024	-1
1025	2035667
1026	-1
1027	2037492
1028	2039318
1029	-1
1030	2041144
1031	-1
1032	2042969
1033	-1
1034	2044795
1035	-1
1036	2046620
1037	2048446
1038	-1
1039	2050272
1040	-1
1041	2052097
1042	-1
1043	2053923
1044	-1
1045	2055748
1046	-1
1047	2057574
1048	2059400
1049	-1
1050	2061225
1051	-1
1052	2063051
1053	-1
1054	2064876
1055	-1
1056	2066702
1057	-1
1058	2068528
1059	2070353
1060	-1
1061	2072179
1062	-1
1063	2074004
1064	-1
1065	2075830
1066	-1
1067	2077656
1068	-1
1069	2079481
1070	2081307
1071	-1
1072	2083132
1073	-1
1074	2084958
1075	-1
1076	2086784
1077	-1
1078	2088609
1079	2090435
1080	-1
1081	2092260
1082	-1
1083	2094086
1084	-1
1085	2095912
1086	-1
1087	2097737
1088	-1
1089	2099563
1090	2101388
1091	-1
1092	2103214
1093	-1
1094	2105040
1095	-1
1096	2106865
1097	-1
1098	2108691
1099	-1
1100	2110516
1101	2112342
1102	-1
1103	2114168
1104	-1
1105	2115993
1106	-1
1107	2117819
1108	-1
1109	2119644
1110	-1
1111	2121470
1112	2123296
1113	-1
1114	2125121
1115	-1
1116	2126947
1117	-1
1118	2128772
1119	-1
1120	2130598
1121	2132424
1122	-1
1123	2134249
1124	-1
1125	2136075
1126	-1
1127	2137900
1128	-1
1129	2139726
1130	-1
1131	2141552
1132	2143377
1133	-1
1134	2145203
1135	-1
1136	2147028
1137	-1
1138	2148854
1139	-1
1140	2150680
1141	-1
1142	2152505
1143	2154331
1144	-1
1145	2156156
1146	-1
1147	2157982
1148	-1
1149	2159808
1150	-1
1151	2161633
1152	-1
1153	2163459
1154	2165284
1155	-1
1156	2167110
1157	-1
1158	2168936
1159	-1
1160	2170761
1161	-1
1162	2172587
1163	2174412
1164	-1
1165	2176238
1166	-1
1167	2178064
1168	-1
1169	2179889
1170	-1
1171	2181715
1172	-1
1173	2183540
1174	2185366
1175	-1
1176	2187192
1177	-1
1178	2189017
1179	-1
1180	2190843
1181	-1
1182	2192668
1183	-1
1184	2194494
1185	2196320
1186	-1
1187	2198145
1188	-1
1189	2199971
1190	-1
1191	2201796
1192	-1
1193	2203622
1194	2205448
1195	-1
1196	2207273
1197	-1
1198	2209099
1199	-1
1200	2210924
1201	-1
1202	2212750
1203	-1
1204	2214576
1205	2216401
1206	-1
1207	2218227
1208	-1
1209	2220052
1210	-1
1211	2221878
1212	-1
1213	2223704
1214	-1
1215	2225529
1216	2227355
1217	-1
1218	2229180
1219	-1
1220	2231006
1221	-1
1222	2232832
1223	-1
1224	2234657
1225	-1
1226	2236483
1227	2238308
1228	-1
1229	2240134
1230	-1
1231	2241960
1232	-1
1233	2243785
1234	-1
1235	2245611
1236	2247436
1237	-1
1238	2249262
1239	-1
1240	2251088
1241	-1
1242	2252913
1243	-1
1244	2254739
1245	-1
1246	2256564
1247	2258390
1248	-1
1249	2260216
1250	-1
1251	2262041
1252	-1
1253	2263867
1254	-1
1255	2265692
1256	-1
1257	2267518
1258	2269344
1259	-1
1260	2271169
1261	-1
1262	2272995
1263	-1
1264	2274820
1265	-1
1266	2276646
1267	-1
1268	2278472
1269	2280297
1270	-1
1271	2282123
1272	-1
1273	2283948
1274	-1
1275	2285774
1276	-1
1277	2287600
1278	2289425
1279	-1
1280	2291251
1281	-1
1282	2293076
1283	-1
1284	2294902
1285	-1
1286	2296728
1287	-1
1288	2298553
1289	2300379
1290	-1
1291	2302204
1292	-1
1293	2304030
1294	-1
1295	2305856
1296	-1
1297	2307681
1298	-1
1299	2309507
1300	2311332
1301	-1
1302	2313158
1303	-1
1304	2314984
1305	-1
1306	2316809
1307	-1
1308	2318635
1309	-1
1310	2320460
1311	2322286
1312	-1
1313	2324112
1314	-1
1315	2325937
1316	-1
1317	2327763
1318	-1
1319	2329588
1320	2331414
1321	-1
1322	2333240
1323	-1
1324	2335065
1325	-1
1326	2336891
1327	-1
1328	2338716
1329	-1
1330	2340542
1331	2342368
1332	-1
1333	2344193
1334	-1
1335	2346019
1336	-1
1337	2347844
1338	-1
1339	2349670
1340	-1
1341	2351496
1342	2353321
1343	-1
1344	2355147
1345	-1
1346	2356972
1347	-1
1348	2358798
1349	-1
1350	2360624
1351	2362449
1352	-1
1353	2364275
1354	-1
1355	2366100
1356	-1
1357	2367926
1358	-1
1359	2369752
1360	-1
1361	2371577
1362	2373403
1363	-1
1364	2375228
1365	-1
1366	2377054
1367	-1
1368	2378880
1369	-1
1370	2380705
1371	-1
1372	2382531
1373	2384356
1374	-1
1375	2386182
1376	-1
1377	2388008
1378	-1
1379	2389833
1380	-1
1381	2391659
1382	-1
1383	2393484
1384	2395310
1385	-1
1386	2397136
1387	-1
1388	2398961
1389	-1
1390	2400787
1391	-1
1392	2402612
1393	2404438
1394	-1
1395	2406264
1396	-1
1397	2408089
1398	-1
1399	2409915
1400	-1
1401	2411740
1402	-1
1403	2413566
1404	2415392
1405	-1
1406	2417217
1407	-1
1408	2419043
1409	-1
1410	2420868
1411	-1
1412	2422694
1413	-1
1414	2424520
1415	2426345
1416	-1
1417	2428171
1418	-1
1419	2429996
1420	-1
1421	2431822
1422	-1
1423	2433648
1424	-1
1425	2435473
1426	2437299
1427	-1
1428	2439124
1429	-1
1430	2440950
1431	-1
1432	2442776
1433	-1
1434	2444601
1435	2446427
1436	-1
1437	2448252
1438	-1
1439	2450078
1440	-1
1441	2451904
1442	-1
1443	2453729
1444	-1
1445	2455555
1446	2457380
1447	-1
1448	2459206
1449	-1
1450	2461032
1451	-1
1452	2462857
1453	-1
1454	2464683
1455	-1
1456	2466508
1457	2468334
1458	-1
1459	2470160
1460	-1
1461	2471985
1462	-1
1463	2473811
1464	-1
1465	2475636
1466	-1
1467	2477462
1468	2479288
1469	-1
1470	2481113
1471	-1
1472	2482939
1473	-1
1474	2484764
1475	-1
1476	2486590
1477	2488416
1478	-1
1479	2490241
1480	-1
1481	2492067
1482	-1
1483	2493892
1484	-1
1485	2495718
1486	-1
1487	2497544
1488	2499369
1489	-1
1490	2501195
1491	-1
1492	2503020
1493	-1
1494	2504846
1495	-1
1496	2506672
1497	-1
1498	2508497
1499	2510323
1500	-1
1501	2512148
1502	-1
1503	2513974
1504	-1
1505	2515800
1506	-1
1507	2517625
1508	2519451
1509	-1
1510	2521276
1511	-1
1512	2523102
1513	-1
1514	2524928
1515	-1
1516	2526753
1517	-1
1518	2528579
1519	2530404
1520	-1
1521	2532230
1522	-1
1523	2534056
1524	-1
1525	2535881
1526	-1
1527	2537707
1528	-1
1529	2539532
1530	2541358
1531	-1
1532	2543184
1533	-1
1534	2545009
1535	-1
1536	2546835
1537	-1
1538	2548660
1539	-1
1540	2550486
1541	2552312
1542	-1
1543	2554137
1544	-1
1545	2555963
1546	-1
1547	2557788
1548	-1
1549	2559614
1550	2561440
1551	-1
1552	2563265
1553	-1
1554	2565091
1555	-1
1556	2566916
1557	-1
1558	2568742
1559	-1
1560	2570568
1561	2572393
1562	-1
1563	2574219
1564	-1
1565	2576044
1566	-1
1567	2577870
1568	-1
1569	2579696
1570	-1
1571	2581521
1572	2583347
1573	-1
1574	2585172
1575	-1
1576	2586998
1577	-1
1578	2588824
1579	-1
1580	2590649
1581	-1
1582	2592475
1583	2594300
1584	-1
1585	2596126
1586	-1
1587	2597952
1588	-1
1589	2599777
1590	-1
1591	2601603
1592	2603428
1593	-1
1594	2605254
1595	-1
1596	2607080
1597	-1
1598	2608905
1599	-1
1600	2610731
1601	-1
1602	2612556
1603	2614382
1604	-1
1605	2616208
1606	-1
1607	2618033
1608	-1
1609	2619859
1610	-1
1611	2621684
1612	-1
1613	2623510
1614	2625336
1615	-1
1616	2627161
1617	-1
1618	2628987
1619	-1
1620	2630812
1621	-1
1622	2632638
1623	-1
1624	2634464
1625	2636289
1626	-1
1627	2638115
1628	-1
1629	2639940
1630	-1
1631	2641766
1632	-1
1633	2643592
1634	2645417
1635	-1
1636	2647243
1637	-1
1638	2649068
1639	-1
1640	2650894
1641	-1
1642	2652720
1643	-1
1644	2654545
1645	2656371
1646	-1
1647	2658196
1648	-1
1649	2660022
1650	-1
1651	2661848
1652	-1
1653	2663673
1654	-1
1655	2665499
1656	2667324
1657	-1
1658	2669150
1659	-1
1660	2670976
1661	-1
1662	2672801
1663	-1
1664	2674627
1665	2676452
1666	-1
1667	2678278
1668	-1
1669	2680104
1670	-1
1671	2681929
1672	-1
1673	2683755
1674	-1
1675	2685580
1676	2687406
1677	-1
1678	2689232
1679	-1
1680	2691057
1681	-1
1682	2692883
1683	-1
1684	2694708
1685	-1
1686	2696534
1687	2698360
1688	-1
1689	2700185
1690	-1
1691	2702011
1692	-1
1693	2703836
1694	-1
1695	2705662
1696	-1
1697	2707488
1698	2709313
1699	-1
1700	2711139
1701	-1
1702	2712964
1703	-1
1704	2714790
1705	-1
1706	2716616
1707	2718441
1708	-1
1709	2720267
1710	-1
1711	2722092
1712	-1
1713	2723918
1714	-1
1715	2725744
1716	-1
1717	2727569
1718	2729395
1719	-1
1720	2731220
1721	-1
1722	2733046
1723	-1
1724	2734872
1725	-1
1726	2736697
1727	-1
1728	2738523
1729	2740348
1730	-1
1731	2742174
1732	-1
1733	2744000
1734	-1
1735	2745825
1736	-1
1737	2747651
1738	-1
1739	2749476
1740	2751302
1741	-1
1742	2753128
1743	-1
1744	2754953
1745	-1
1746	2756779
1747	-1
1748	2758604
1749	2760430
1750	-1
1751	2762256
1752	-1
1753	2764081
1754	-1
1755	2765907
1756	-1
1757	2767732
1758	-1
1759	2769558
1760	2771384
1761	-1
1762	2773209
1763	-1
1764	2775035
1765	-1
1766	2776860
1767	-1
1768	2778686
1769	-1
1770	2780512
1771	2782337
1772	-1
1773	2784163
1774	-1
1775	2785988
1776	-1
1777	2787814
1778	-1
1779	2789640
1780	-1
1781	2791465
1782	2793291
1783	-1
1784	2795116
1785	-1
1786	2796942
1787	-1
1788	2798768
1789	-1
1790	2800593
1791	2802419
1792	-1
1793	2804244
1794	-1
1795	2806070
1796	-1
1797	2807896
1798	-1
1799	2809721
1800	-1
1801	2811547
1802	2813372
1803	-1
1804	2815198
1805	-1
1806	2817024
1807	-1
1808	2818849
1809	-1
1810	2820675
1811	-1
1812	2822500
1813	2824326
1814	-1
1815	2826152
1816	-1
1817	2827977
1818	-1
1819	2829803
1820	-1
1821	2831628
1822	2833454
1823	-1
1824	2835280
1825	-1
1826	2837105
1827	-1
1828	2838931
1829	-1
1830	2840756
1831	-1
1832	2842582
1833	2844408
1834	-1
1835	2846233
1836	-1
1837	2848059
1838	-1
1839	2849884
1840	-1
1841	2851710
1842	-1
1843	2853536
1844	2855361
1845	-1
1846	2857187
1847	-1
1848	2859012
1849	-1
1850	2860838
1851	-1
1852	2862664
1853	-1
1854	2864489
1855	2866315
1856	-1
1857	2868140
1858	-1
1859	2869966
1860	-1
1861	2871792
1862	-1
1863	2873617
1864	2875443
1865	-1
1866	2877268
1867	-1
1868	2879094
1869	-1
1870	2880920
1871	-1
1872	2882745
1873	-1
1874	2884571
1875	2886396
1876	-1
1877	2888222
1878	-1
1879	2890048
1880	-1
1881	2891873
1882	-1
1883	2893699
1884	-1
1885	2895524
1886	2897350
1887	-1
1888	2899176
1889	-1
1890	2901001
1891	-1
1892	2902827
1893	-1
1894	2904652
1895	-1
1896	2906478
1897	2908304
1898	-1
1899	2910129
1900	-1
1901	2911955
1902	-1
1903	2913780
1904	-1
1905	2915606
1906	2917432
1907	-1
1908	2919257
1909	-1
1910	2921083
1911	-1
1912	2922908
1913	-1
1914	2924734
1915	-1
1916	2926560
1917	2928385
1918	-1
1919	2930211
1920	-1
1921	2932036
1922	-1
1923	2933862
1924	-1
1925	2935688
1926	-1
1927	2937513
1928	2939339
1929	-1
1930	2941164
1931	-1
1932	2942990
1933	-1
1934	2944816
1935	-1
1936	2946641
1937	-1
1938	2948467
1939	2950292
1940	-1
1941	2952118
1942	-1
1943	2953944
1944	-1
1945	2955769
1946	-1
1947	2957595
1948	2959420
1949	-1
1950	2961246
1951	-1
1952	2963072
1953	-1
1954	2964897
1955	-1
1956	2966723
1957	-1
1958	2968548
1959	2970374
1960	-1
1961	2972200
1962	-1
1963	2974025
1964	-1
1965	2975851
1966	-1
1967	2977676
1968	-1
1969	2979502
1970	2981328
1971	-1
1972	2983153
1973	-1
1974	2984979
1975	-1
1976	2986804
1977	-1
1978	2988630
1979	2990456
1980	-1
1981	2992281
1982	-1
1983	2994107
1984	-1
1985	2995932
1986	-1
1987	2997758
1988	-1
1989	2999584
1990	3001409
1991	-1
1992	3003235
1993	-1
1994	3005060
1995	-1
1996	3006886
1997	-1
1998	3008712
1999	-1
2000	3010537
2001	3012363
2002	-1
2003	3014188
2004	-1
2005	3016014
2006	-1
2007	3017840
2008	-1
2009	3019665
2010	-1
2011	3021491
2012	3023316
2013	-1
2014	3025142
2015	-1
2016	3026968
2017	-1
2018	3028793
2019	-1
2020	3030619
2021	3032444
2022	-1
2023	3034270
2024	-1
2025	3036096
2026	-1
2027	3037921
2028	-1
2029	3039747
2030	-1
2031	3041572
2032	3043398
2033	-1
2034	3045224
2035	-1
2036	3047049
2037	-1
2038	3048875
2039	-1
2040	3050700
2041	-1
2042	3052526
2043	3054352
2044	-1
2045	3056177
2046	-1
2047	3058003
2048	-1
2049	3059828
2050	-1
2051	3061654
2052	-1
2053	3063480
2054	3065305
2055	-1
2056	3067131
2057	-1
2058	3068956
2059	-1
2060	3070782
2061	-1
2062	3072608
2063	3074433
2064	-1
2065	3076259
2066	-1
2067	3078084
2068	-1
2069	3079910
2070	-1
2071	3081736
2072	-1
2073	3083561
2074	3085387
2075	-1
2076	3087212
2077	-1
2078	3089038
2079	-1
2080	3090864
2081	-1
2082	3092689
2083	-1
2084	3094515
2085	3096340
2086	-1
2087	3098166
2088	-1
2089	3099992
2090	-1
2091	3101817
2092	-1
2093	3103643
2094	-1
2095	3105468
2096	3107294
2097	-1
2098	3109120
2099	-1
2100	3110945
2101	-1
2102	3112771
2103	-1
2104	3114596
2105	3116422
2106	-1
2107	3118248
2108	-1
2109	3120073
2110	-1
2111	3121899
2112	-1
2113	3123724
2114	-1
2115	3125550
2116	3127376
2117	-1
2118	3129201
2119	-1
2120	3131027
2121	-1
2122	3132852
2123	-1
2124	3134678
2125	-1
2126	3136504
2127	3138329
2128	-1
2129	3140155
2130	-1
2131	3141980
2132	-1
2133	3143806
2134	-1
2135	3145632
2136	3147457
2137	-1
2138	3149283
2139	-1
2140	3151108
2141	-1
2142	3152934
2143	-1
2144	3154760
2145	-1
2146	3156585
2147	3158411
2148	-1
2149	3160236
2150	-1
2151	3162062
2152	-1
2153	3163888
2154	-1
2155	3165713
2156	-1
2157	3167539
2158	3169364
2159	-1
2160	3171190
2161	-1
2162	3173016
2163	-1
2164	3174841
2165	-1
2166	3176667
2167	-1
2168	3178492
2169	3180318
2170	-1
2171	3182144
2172	-1
2173	3183969
2174	-1
2175	3185795
2176	-1
2177	3187620
2178	3189446
2179	-1
2180	3191272
2181	-1
2182	3193097
2183	-1
2184	3194923
2185	-1
2186	3196748
2187	-1
2188	3198574
2189	3200400
2190	-1
2191	3202225
2192	-1
2193	3204051
2194	-1
2195	3205876
2196	-1
2197	3207702
2198	-1
2199	3209528
2200	3211353
2201	-1
2202	3213179
2203	-1
2204	3215004
2205	-1
2206	3216830
2207	-1
2208	3218656
2209	-1
2210	3220481
2211	3222307
2212	-1
2213	3224132
2214	-1
2215	3225958
2216	-1
2217	3227784
2218	-1
2219	3229609
2220	3231435
2221	-1
2222	3233260
2223	-1
2224	3235086
2225	-1
2226	3236912
2227	-1
2228	3238737
2229	-1
2230	3240563
2231	3242388
2232	-1
2233	3244214
2234	-1
2235	3246040
2236	-1
2237	3247865
2238	-1
2239	3249691
2240	-1
2241	3251516
2242	3253342
2243	-1
2244	3255168
2245	-1
2246	3256993
2247	-1
2248	3258819
2249	-1
2250	3260644
2251	-1
2252	3262470
2253	3264296
2254	-1
2255	3266121
2256	-1
2257	3267947
2258	-1
2259	3269772
2260	-1
2261	3271598
2262	3273424
2263	-1
2264	3275249
2265	-1
2266	3277075
2267	-1
2268	3278900
2269	-1
2270	3280726
2271	-1
2272	3282552
2273	3284377
2274	-1
2275	3286203
2276	-1
2277	3288028
2278	-1
2279	3289854
2280	-1
2281	3291680
2282	-1
2283	3293505
2284	3295331
2285	-1
2286	3297156
2287	-1
2288	3298982
2289	-1
2290	3300808
2291	-1
2292	3302633
2293	-1
2294	3304459
2295	3306284
2296	-1
2297	3308110
2298	-1
2299	3309936
2300	-1
2301	3311761
2302	-1
2303	3313587
2304	3315412
2305	-1
2306	3317238
2307	-1
2308	3319064
2309	-1
2310	3320889
2311	-1
2312	3322715
2313	-1
2314	3324540
2315	3326366
2316	-1
2317	3328192
2318	-1
2319	3330017
2320	-1
2321	3331843
2322	-1
2323	3333668
2324	-1
2325	3335494
2326	3337320
2327	-1
2328	3339145
2329	-1
2330	3340971
2331	-1
2332	3342796
2333	-1
2334	3344622
2335	3346448
2336	-1
2337	3348273
2338	-1
2339	3350099
2340	-1
2341	3351924
2342	-1
2343	3353750
2344	-1
2345	3355576
2346	3357401
2347	-1
2348	3359227
2349	-1
2350	3361052
2351	-1
2352	3362878
2353	-1
2354	3364704
2355	-1
2356	3366529
2357	3368355
2358	-1
2359	3370180
2360	-1
2361	3372006
2362	-1
2363	3373832
2364	-1
2365	3375657
2366	-1
2367	3377483
2368	3379308
2369	-1
2370	3381134
2371	-1
2372	3382960
2373	-1
2374	3384785
2375	-1
2376	3386611
2377	3388436
2378	-1
2379	3390262
2380	-1
2381	3392088
2382	-1
2383	3393913
2384	-1
2385	3395739
2386	-1
2387	3397564
2388	3399390
2389	-1
2390	3401216
2391	-1
2392	3403041
2393	-1
2394	3404867
2395	-1
2396	3406692
2397	-1
2398	3408518
2399	3410344
2400	-1
2401	3412169
2402	-1
2403	3413995
2404	-1
2405	3415820
2406	-1
2407	3417646
2408	-1
2409	3419472
2410	3421297
2411	-1
2412	3423123
2413	-1
2414	3424948
2415	-1
2416	3426774
2417	-1
2418	3428600
2419	3430425
2420	-1
2421	3432251
2422	-1
2423	3434076
2424	-1
2425	3435902
2426	-1
2427	3437728
2428	-1
2429	3439553
2430	3441379
2431	-1
2432	3443204
2433	-1
2434	3445030
2435	-1
2436	3446856
2437	-1
2438	3448681
2439	-1
2440	3450507
2441	3452332
2442	-1
2443	3454158
2444	-1
2445	3455984
2446	-1
2447	3457809
2448	-1
2449	3459635
2450	-1
2451	3461460
2452	3463286
2453	-1
2454	3465112
2455	-1
2456	3466937
2457	-1
2458	3468763
2459	-1
2460	3470588
2461	3472414
2462	-1
2463	3474240
2464	-1
2465	3476065
2466	-1
2467	3477891
2468	-1
2469	3479716
2470	-1
2471	3481542
2472	3483368
2473	-1
2474	3485193
2475	-1
2476	3487019
2477	-1
2478	3488844
2479	-1
2480	3490670
2481	-1
2482	3492496
2483	3494321
2484	-1
2485	3496147
2486	-1
2487	3497972
2488	-1
2489	3499798
2490	-1
2491	3501624
2492	3503449
2493	-1
2494	3505275
2495	-1
2496	3507100
2497	-1
2498	3508926
2499	-1
2500	3510752
2501	-1
2502	3512577
2503	3514403
2504	-1
2505	3516228
2506	-1
2507	3518054
2508	-1
2509	3519880
2510	-1
2511	3521705
2512	-1
2513	3523531
2514	3525356
2515	-1
2516	3527182
2517	-1
2518	3529008
2519	-1
2520	3530833
2521	-1
2522	3532659
2523	-1
2524	3534484
2525	3536310
2526	-1
2527	3538136
2528	-1
2529	3539961
2530	-1
2531	3541787
2532	-1
2533	3543612
2534	3545438
2535	-1
2536	3547264
2537	-1
2538	3549089
2539	-1
2540	3550915
2541	-1
2542	3552740
2543	-1
2544	3554566
2545	3556392
2546	-1
2547	3558217
2548	-1
2549	3560043
2550	-1
2551	3561868
2552	-1
2553	3563694
2554	-1
2555	3565520
2556	3567345
2557	-1
2558	3569171
2559	-1
2560	3570996
2561	-1
2562	3572822
2563	-1
2564	3574648
2565	-1
2566	3576473
2567	3578299
2568	-1
2569	3580124
2570	-1
2571	3581950
2572	-1
2573	3583776
2574	-1
2575	3585601
2576	3587427
2577	-1
2578	3589252
2579	-1
2580	3591078
2581	-1
2582	3592904
2583	-1
2584	3594729
2585	-1
2586	3596555
2587	3598380
2588	-1
2589	3600206
2590	-1
2591	3602032
2592	-1
2593	3603857
2594	-1
2595	3605683
2596	-1
2597	3607508
2598	3609334
2599	-1
2600	3611160
2601	-1
2602	3612985
2603	-1
2604	3614811
2605	-1
2606	3616636
2607	-1
2608	3618462
2609	3620288
2610	-1
2611	3622113
2612	-1
2613	3623939
2614	-1
2615	3625764
2616	-1
2617	3627590
2618	3629416
2619	-1
2620	3631241
2621	-1
2622	3633067
2623	-1
2624	3634892
2625	-1
2626	3636718
2627	-1
2628	3638544
2629	3640369
2630	-1
2631	3642195
2632	-1
2633	3644020
2634	-1
2635	3645846
2636	-1
2637	3647672
2638	-1
2639	3649497
2640	3651323
2641	-1
2642	3653148
2643	-1
2644	3654974
2645	-1
2646	3656800
2647	-1
2648	3658625
2649	3660451
2650	-1
2651	3662276
2652	-1
2653	3664102
2654	-1
2655	3665928
2656	-1
2657	3667753
2658	-1
2659	3669579
2660	3671404
2661	-1
2662	3673230
2663	-1
2664	3675056
2665	-1
2666	3676881
2667	-1
2668	3678707
2669	-1
2670	3680532
2671	3682358
2672	-1
2673	3684184
2674	-1
2675	3686009
2676	-1
2677	3687835
2678	-1
2679	3689660
2680	-1
2681	3691486
2682	3693312
2683	-1
2684	3695137
2685	-1
2686	3696963
2687	-1
2688	3698788
2689	-1
2690	3700614
2691	3702440
2692	-1
2693	3704265
2694	-1
2695	3706091
2696	-1
2697	3707916
2698	-1
2699	3709742
2700	-1
2701	3711568
2702	3713393
2703	-1
2704	3715219
2705	-1
2706	3717044
2707	-1
2708	3718870
2709	-1
2710	3720696
2711	-1
2712	3722521
2713	3724347
2714	-1
2715	3726172
2716	-1
2717	3727998
2718	-1
2719	3729824
2720	-1
2721	3731649
2722	-1
2723	3733475
2724	3735300
2725	-1
2726	3737126
2727	-1
2728	3738952
2729	-1
2730	3740777
2731	-1
2732	3742603
2733	3744428
2734	-1
2735	3746254
2736	-1
2737	3748080
2738	-1
2739	3749905
2740	-1
2741	3751731
2742	-1
2743	3753556
2744	3755382
2745	-1
2746	3757208
2747	-1
2748	3759033
2749	-1
2750	3760859
2751	-1
2752	3762684
2753	-1
2754	3764510
2755	3766336
2756	-1
2757	3768161
2758	-1
2759	3769987
2760	-1
2761	3771812
2762	-1
2763	3773638
2764	-1
2765	3775464
2766	3777289
2767	-1
2768	3779115
2769	-1
2770	3780940
2771	-1
2772	3782766
2773	-1
2774	3784592
2775	3786417
2776	-1
2777	3788243
2778	-1
2779	3790068
2780	-1
2781	3791894
2782	-1
2783	3793720
2784	-1
2785	3795545
2786	3797371
2787	-1
2788	3799196
2789	-1
2790	3801022
2791	-1
2792	3802848
2793	-1
2794	3804673
2795	-1
2796	3806499
2797	3808324
2798	-1
2799	3810150
2800	-1
2801	3811976
2802	-1
2803	3813801
2804	-1
2805	3815627
2806	3817452
2807	-1
2808	3819278
2809	-1
2810	3821104
2811	-1
2812	3822929
2813	-1
2814	3824755
2815	-1
2816	3826580
2817	3828406
2818	-1
2819	3830232
2820	-1
2821	3832057
2822	-1
2823	3833883
2824	-1
2825	3835708
2826	-1
2827	3837534
2828	3839360
2829	-1
2830	3841185
2831	-1
2832	3843011
2833	-1
2834	3844836
2835	-1
2836	3846662
2837	-1
2838	3848488
2839	3850313
2840	-1
2841	3852139
2842	-1
2843	3853964
2844	-1
2845	3855790
2846	-1
2847	3857616
2848	3859441
2849	-1
2850	3861267
2851	-1
2852	3863092
2853	-1
2854	3864918
2855	-1
2856	3866744
2857	-1
2858	3868569
2859	3870395
2860	-1
2861	3872220
2862	-1
2863	3874046
2864	-1
2865	3875872
2866	-1
2867	3877697
2868	-1
2869	3879523
2870	3881348
2871	-1
2872	3883174
2873	-1
2874	3885000
2875	-1
2876	3886825
2877	-1
2878	3888651
2879	-1
2880	3890476
2881	3892302
2882	-1
2883	3894128
2884	-1
2885	3895953
2886	-1
2887	3897779
2888	-1
2889	3899604
2890	3901430
2891	-1
2892	3903256
2893	-1
2894	3905081
2895	-1
2896	3906907
2897	-1
2898	3908732
2899	-1
2900	3910558
2901	3912384
2902	-1
2903	3914209
2904	-1
2905	3916035
2906	-1
2907	3917860
2908	-1
2909	3919686
2910	-1
2911	3921512
2912	3923337
2913	-1
2914	3925163
2915	-1
2916	3926988
2917	-1
2918	3928814
2919	-1
2920	3930640
2921	-1
2922	3932465
2923	3934291
2924	-1
2925	3936116
2926	-1
2927	3937942
2928	-1
2929	3939768
2930	-1
2931	3941593
2932	3943419
2933	-1
2934	3945244
2935	-1
2936	3947070
2937	-1
2938	3948896
2939	-1
2940	3950721
2941	-1
2942	3952547
2943	3954372
2944	-1
2945	3956198
2946	-1
2947	3958024
2948	-1
2949	3959849
2950	-1
2951	3961675
2952	-1
2953	3963500
2954	3965326
2955	-1
2956	3967152
2957	-1
2958	3968977
2959	-1
2960	3970803
2961	-1
2962	3972628
2963	3974454
2964	-1
2965	3976280
2966	-1
2967	3978105
2968	-1
2969	3979931
2970	-1
2971	3981756
2972	-1
2973	3983582
2974	3985408
2975	-1
2976	3987233
2977	-1
2978	3989059
2979	-1
2980	3990884
2981	-1
2982	3992710
2983	-1
2984	3994536
2985	3996361
2986	-1
2987	3998187
2988	-1
2989	4000012
2990	-1
2991	4001838
2992	-1
2993	4003664
2994	-1
2995	4005489
2996	4007315
2997	-1
2998	4009140
2999	-1
3000	4010966
3001	-1
3002	4012792
3003	-1
3004	4014617
3005	4016443
3006	-1
3007	4018268
3008	-1
3009	4020094
3010	-1
3011	4021920
3012	-1
3013	4023745
3014	-1
3015	4025571
3016	4027396
3017	-1
3018	4029222
3019	-1
3020	4031048
3021	-1
3022	4032873
3023	-1
3024	4034699
3025	-1
3026	4036524
3027	4038350
3028	-1
3029	4040176
3030	-1
3031	4042001
3032	-1
3033	4043827
3034	-1
3035	4045652
3036	-1
3037	4047478
3038	4049304
3039	-1
3040	4051129
3041	-1
3042	4052955
3043	-1
3044	4054780
3045	-1
3046	4056606
3047	4058432
3048	-1
3049	4060257
3050	-1
3051	4062083
3052	-1
3053	4063908
3054	-1
3055	4065734
3056	-1
3057	4067560
3058	4069385
3059	-1
3060	4071211
3061	-1
3062	4073036
3063	-1
3064	4074862
3065	-1
3066	4076688
3067	-1
3068	4078513
3069	4080339
3070	-1
3071	4082164
3072	-1
3073	4083990
3074	-1
3075	4085816
3076	-1
3077	4087641
3078	-1
3079	4089467
3080	4091292
3081	-1
3082	4093118
3083	-1
3084	4094944
3085	-1
3086	4096769
3087	-1
3088	4098595
3089	4100420
3090	-1
3091	4102246
3092	-1
3093	4104072
3094	-1
3095	4105897
3096	-1
3097	4107723
3098	-1
3099	4109548
3100	4111374
3101	-1
3102	4113200
3103	-1
3104	4115025
3105	-1
3106	4116851
3107	-1
3108	4118676
3109	-1
3110	4120502
3111	4122328
3112	-1
3113	4124153
3114	-1
3115	4125979
3116	-1
3117	4127804
3118	-1
3119	4129630
3120	4131456
3121	-1
3122	4133281
3123	-1
3124	4135107
3125	-1
3126	4136932
3127	-1
3128	4138758
3129	-1
3130	4140584
3131	4142409
3132	-1
3133	4144235
3134	-1
3135	4146060
3136	-1
3137	4147886
3138	-1
3139	4149712
3140	-1
3141	4151537
3142	4153363
3143	-1
3144	4155188
3145	-1
3146	4157014
3147	-1
3148	4158840
3149	-1
3150	4160665
3151	-1
3152	4162491
3153	4164316
3154	-1
3155	4166142
3156	-1
3157	4167968
3158	-1
3159	4169793
3160	-1
3161	4171619
3162	4173444
3163	-1
3164	4175270
3165	-1
3166	4177096
3167	-1
3168	4178921
3169	-1
3170	4180747
3171	-1
3172	4182572
3173	4184398
3174	-1
3175	4186224
3176	-1
3177	4188049
3178	-1
3179	4189875
3180	-1
3181	4191700
3182	-1
3183	4193526
3184	4195352
3185	-1
3186	4197177
3187	-1
3188	4199003
3189	-1
3190	4200828
3191	-1
3192	4202654
3193	-1
3194	4204480
3195	4206305
3196	-1
3197	4208131
3198	-1
3199	4209956
3200	-1
3201	4211782
3202	-1
3203	4213608
3204	4215433
3205	-1
3206	4217259
3207	-1
3208	4219084
3209	-1
3210	4220910
3211	-1
3212	4222736
3213	-1
3214	4224561
3215	4226387
3216	-1
3217	4228212
3218	-1
3219	4230038
3220	-1
3221	4231864
3222	-1
3223	4233689
3224	-1
3225	4235515
3226	4237340
3227	-1
3228	4239166
3229	-1
3230	4240992
3231	-1
3232	4242817
3233	-1
3234	4244643
3235	-1
3236	4246468
3237	4248294
3238	-1
3239	4250120
3240	-1
3241	4251945
3242	-1
3243	4253771
3244	-1
3245	4255596
3246	4257422
3247	-1
3248	4259248
3249	-1
3250	4261073
3251	-1
3252	4262899
3253	-1
3254	4264724
3255	-1
3256	4266550
3257	4268376
3258	-1
3259	4270201
3260	-1
3261	4272027
3262	-1
3263	4273852
3264	-1
3265	4275678
3266	-1
3267	4277504
3268	4279329
3269	-1
3270	4281155
3271	-1
3272	4282980
3273	-1
3274	4284806
3275	-1
3276	4286632
3277	4288457
3278	-1
3279	4290283
3280	-1
3281	4292108
3282	-1
3283	4293934
3284	-1
3285	4295760
3286	-1
3287	4297585
3288	4299411
3289	-1
3290	4301236
3291	-1
3292	4303062
3293	-1
3294	4304888
3295	-1
3296	4306713
3297	-1
3298	4308539
3299	4310364
3300	-1
3301	4312190
3302	-1
3303	4314016
3304	-1
3305	4315841
3306	-1
3307	4317667
3308	-1
3309	4319492
3310	4321318
3311	-1
3312	4323144
3313	-1
3314	4324969
3315	-1
3316	4326795
3317	-1
3318	4328620
3319	4330446
3320	-1
3321	4332272
3322	-1
3323	4334097
3324	-1
3325	4335923
3326	-1
3327	4337748
3328	-1
3329	4339574
3330	4341400
3331	-1
3332	4343225
3333	-1
3334	4345051
3335	-1
3336	4346876
3337	-1
3338	4348702
3339	-1
3340	4350528
3341	4352353
3342	-1
3343	4354179
3344	-1
3345	4356004
3346	-1
3347	4357830
3348	-1
3349	4359656
3350	-1
3351	4361481
3352	4363307
3353	-1
3354	4365132
3355	-1
3356	4366958
3357	-1
3358	4368784
3359	-1
3360	4370609
3361	4372435
3362	-1
3363	4374260
3364	-1
3365	4376086
3366	-1
3367	4377912
3368	-1
3369	4379737
3370	-1
3371	4381563
3372	4383388
3373	-1
3374	4385214
3375	-1
3376	4387040
3377	-1
3378	4388865
3379	-1
3380	4390691
3381	-1
3382	4392516
3383	4394342
3384	-1
3385	4396168
3386	-1
3387	4397993
3388	-1
3389	4399819
3390	-1
3391	4401644
3392	-1
3393	4403470
3394	4405296
3395	-1
3396	4407121
3397	-1
3398	4408947
3399	-1
3400	4410772
3401	-1
3402	4412598
3403	4414424
3404	-1
3405	4416249
3406	-1
3407	4418075
3408	-1
3409	4419900
3410	-1
3411	4421726
3412	-1
3413	4423552
3414	4425377
3415	-1
3416	4427203
3417	-1
3418	4429028
3419	-1
3420	4430854
3421	-1
3422	4432680
3423	-1
3424	4434505
3425	4436331
3426	-1
3427	4438156
3428	-1
3429	4439982
3430	-1
3431	4441808
3432	-1
3433	4443633
3434	-1
3435	4445459
3436	4447284
3437	-1
3438	4449110
3439	-1
3440	4450936
3441	-1
3442	4452761
3443	-1
3444	4454587
3445	4456412
3446	-1
3447	4458238
3448	-1
3449	4460064
3450	-1
3451	4461889
3452	-1
3453	4463715
3454	-1
3455	4465540
3456	4467366
3457	-1
3458	4469192
3459	-1
3460	4471017
3461	-1
3462	4472843
3463	-1
3464	4474668
3465	-1
3466	4476494
3467	4478320
3468	-1
3469	4480145
3470	-1
3471	4481971
3472	-1
3473	4483796
3474	-1
3475	4485622
3476	4487448
3477	-1
3478	4489273
3479	-1
3480	4491099
3481	-1
3482	4492924
3483	-1
3484	4494750
3485	-1
3486	4496576
3487	4498401
3488	-1
3489	4500227
3490	-1
3491	4502052
3492	-1
3493	4503878
3494	-1
3495	4505704
3496	-1
3497	4507529
3498	4509355
3499	-1
3500	4511180
3501	-1
3502	4513006
3503	-1
3504	4514832
3505	-1
3506	4516657
3507	-1
3508	4518483
3509	4520308
3510	-1
3511	4522134
3512	-1
3513	4523960
3514	-1
3515	4525785
3516	-1
3517	4527611
3518	4529436
3519	-1
3520	4531262
3521	-1
3522	4533088
3523	-1
3524	4534913
3525	-1
3526	4536739
3527	-1
3528	4538564
3529	4540390
3530	-1
3531	4542216
3532	-1
3533	4544041
3534	-1
3535	4545867
3536	-1
3537	4547692
3538	-1
3539	4549518
3540	4551344
3541	-1
3542	4553169
3543	-1
3544	4554995
3545	-1
3546	4556820
3547	-1
3548	4558646
3549	-1
3550	4560472
3551	4562297
3552	-1
3553	4564123
3554	-1
3555	4565948
3556	-1
3557	4567774
3558	-1
3559	4569600
3560	4571425
3561	-1
3562	4573251
3563	-1
3564	4575076
3565	-1
3566	4576902
3567	-1
3568	4578728
3569	-1
3570	4580553
3571	4582379
3572	-1
3573	4584204
3574	-1
3575	4586030
3576	-1
3577	4587856
3578	-1
3579	4589681
3580	-1
3581	4591507
3582	4593332
3583	-1
3584	4595158
3585	-1
3586	4596984
3587	-1
3588	4598809
3589	-1
3590	4600635
3591	-1
3592	4602460
3593	4604286
3594	-1
3595	4606112
3596	-1
3597	4607937
3598	-1
3599	4609763
3600	-1
3601	4611588
3602	4613414
3603	-1
3604	4615240
3605	-1
3606	4617065
3607	-1
3608	4618891
3609	-1
3610	4620716
3611	-1
3612	4622542
3613	4624368
3614	-1
3615	4626193
3616	-1
3617	4628019
3618	-1
3619	4629844
3620	-1
3621	4631670
3622	-1
3623	4633496
3624	4635321
3625	-1
3626	4637147
3627	-1
3628	4638972
3629	-1
3630	4640798
3631	-1
3632	4642624
3633	4644449
3634	-1
3635	4646275
3636	-1
3637	4648100
3638	-1
3639	4649926
3640	-1
3641	4651752
3642	-1
3643	4653577
3644	4655403
3645	-1
3646	4657228
3647	-1
3648	4659054
3649	-1
3650	4660880
3651	-1
3652	4662705
3653	-1
3654	4664531
3655	4666356
3656	-1
3657	4668182
3658	-1
3659	4670008
3660	-1
3661	4671833
3662	-1
3663	4673659
3664	-1
3665	4675484
3666	4677310
3667	-1
3668	4679136
3669	-1
3670	4680961
3671	-1
3672	4682787
3673	-1
3674	4684612
3675	4686438
3676	-1
3677	4688264
3678	-1
3679	4690089
3680	-1
3681	4691915
3682	-1
3683	4693740
3684	-1
3685	4695566
3686	4697392
3687	-1
3688	4699217
3689	-1
3690	4701043
3691	-1
3692	4702868
3693	-1
3694	4704694
3695	-1
3696	4706520
3697	4708345
3698	-1
3699	4710171
3700	-1
3701	4711996
3702	-1
3703	4713822
3704	-1
3705	4715648
3706	-1
3707	4717473
3708	4719299
3709	-1
3710	4721124
3711	-1
3712	4722950
3713	-1
3714	4724776
3715	-1
3716	4726601
3717	4728427
3718	-1
3719	4730252
3720	-1
3721	4732078
3722	-1
3723	4733904
3724	-1
3725	4735729
3726	-1
3727	4737555
3728	4739380
3729	-1
3730	4741206
3731	-1
3732	4743032
3733	-1
3734	4744857
3735	-1
3736	4746683
3737	-1
3738	4748508
3739	4750334
3740	-1
3741	4752160
3742	-1
3743	4753985
3744	-1
3745	4755811
3746	-1
3747	4757636
3748	-1
3749	4759462
3750	4761288
3751	-1
3752	4763113
3753	-1
3754	4764939
3755	-1
3756	4766764
3757	-1
3758	4768590
3759	4770416
3760	-1
3761	4772241
3762	-1
3763	4774067
3764	-1
3765	4775892
3766	-1
3767	4777718
3768	-1
3769	4779544
3770	4781369
3771	-1
3772	4783195
3773	-1
3774	4785020
3775	-1
3776	4786846
3777	-1
3778	4788672
3779	-1
3780	4790497
3781	4792323
3782	-1
3783	4794148
3784	-1
3785	4795974
3786	-1
3787	4797800
3788	-1
3789	4799625
3790	4801451
3791	-1
3792	4803276
3793	-1
3794	4805102
3795	-1
3796	4806928
3797	-1
3798	4808753
3799	-1
3800	4810579
3801	4812404
3802	-1
3803	4814230
3804	-1
3805	4816056
3806	-1
3807	4817881
3808	-1
3809	4819707
3810	-1
3811	4821532
3812	4823358
3813	-1
3814	4825184
3815	-1
3816	4827009
3817	-1
3818	4828835
3819	-1
3820	4830660
3821	-1
3822	4832486
3823	4834312
3824	-1
3825	4836137
3826	-1
3827	4837963
3828	-1
3829	4839788
3830	-1
3831	4841614
3832	4843440
3833	-1
3834	4845265
3835	-1
3836	4847091
3837	-1
3838	4848916
3839	-1
3840	4850742
3841	-1
3842	4852568
3843	4854393
3844	-1
3845	4856219
3846	-1
3847	4858044
3848	-1
3849	4859870
3850	-1
3851	4861696
3852	-1
3853	4863521
3854	4865347
3855	-1
3856	4867172
3857	-1
3858	4868998
3859	-1
3860	4870824
3861	-1
3862	4872649
3863	-1
3864	4874475
3865	4876300
3866	-1
3867	4878126
3868	-1
3869	4879952
3870	-1
3871	4881777
3872	-1
3873	4883603
3874	4885428
3875	-1
3876	4887254
3877	-1
3878	4889080
3879	-1
3880	4890905
3881	-1
3882	4892731
3883	-1
3884	4894556
3885	4896382
3886	-1
3887	4898208
3888	-1
3889	4900033
3890	-1
3891	4901859
3892	-1
3893	4903684
3894	-1
3895	4905510
3896	4907336
3897	-1
3898	4909161
3899	-1
3900	4910987
3901	-1
3902	4912812
3903	-1
3904	4914638
3905	-1
3906	4916464
3907	4918289
3908	-1
3909	4920115
3910	-1
3911	4921940
3912	-1
3913	4923766
3914	-1
3915	4925592
3916	4927417
3917	-1
3918	4929243
3919	-1
3920	4931068
3921	-1
3922	4932894
3923	-1
3924	4934720
3925	-1
3926	4936545
3927	4938371
3928	-1
3929	4940196
3930	-1
3931	4942022
3932	-1
3933	4943848
3934	-1
3935	4945673
3936	-1
3937	4947499
3938	4949324
3939	-1
3940	4951150
3941	-1
3942	4952976
3943	-1
3944	4954801
3945	-1
3946	4956627
3947	4958452
3948	-1
3949	4960278
3950	-1
3951	4962104
3952	-1
3953	4963929
3954	-1
3955	4965755
3956	-1
3957	4967580
3958	4969406
3959	-1
3960	4971232
3961	-1
3962	4973057
3963	-1
3964	4974883
3965	-1
3966	4976708
3967	-1
3968	4978534
3969	4980360
3970	-1
3971	4982185
3972	-1
3973	4984011
3974	-1
3975	4985836
3976	-1
3977	4987662
3978	-1
3979	4989488
3980	4991313
3981	-1
3982	4993139
3983	-1
3984	4994964
3985	-1
3986	4996790
3987	-1
3988	4998616
3989	5000441
3990	-1
3991	5002267
3992	-1
3993	5004092
3994	-1
3995	5005918
3996	-1
3997	5007744
3998	-1
3999	5009569
4000	5011395
4001	-1
4002	5013220
4003	-1
4004	5015046
4005	-1
4006	5016872
4007	-1
4008	5018697
4009	-1
4010	5020523
4011	5022348
4012	-1
4013	5024174
4014	-1
4015	5026000
4016	-1
4017	5027825
4018	-1
4019	5029651
4020	-1
4021	5031476
4022	5033302
4023	-1
4024	5035128
4025	-1
4026	5036953
4027	-1
4028	5038779
4029	-1
4030	5040604
4031	5042430
4032	-1
4033	5044256
4034	-1
4035	5046081
4036	-1
4037	5047907
4038	-1
4039	5049732
4040	-1
4041	5051558
4042	5053384
4043	-1
4044	5055209
4045	-1
4046	5057035
4047	-1
4048	5058860
4049	-1
4050	5060686
4051	-1
4052	5062512
4053	5064337
4054	-1
4055	5066163
4056	-1
4057	5067988
4058	-1
4059	5069814
4060	-1
4061	5071640
4062	-1
4063	5073465
4064	5075291
4065	-1
4066	5077116
4067	-1
4068	5078942
4069	-1
4070	5080768
4071	-1
4072	5082593
4073	5084419
4074	-1
4075	5086244
4076	-1
4077	5088070
4078	-1
4079	5089896
4080	-1
4081	5091721
4082	-1
4083	5093547
4084	5095372
4085	-1
4086	5097198
4087	-1
4088	5099024
4089	-1
4090	5100849
4091	-1
4092	5102675
4093	-1
4094	5104500
4095	5106326
4096	-1
4097	5108152
4098	-1
4099	5109977
4100	-1
4101	5111803
4102	-1
4103	5113628
4104	5115454
4105	-1
4106	5117280
4107	-1
4108	5119105
4109	-1
4110	5120931
4111	-1
4112	5122756
4113	-1
4114	5124582
4115	5126408
4116	-1
4117	5128233
4118	-1
4119	5130059
4120	-1
4121	5131884
4122	-1
4123	5133710
4124	-1
4125	5135536
4126	5137361
4127	-1
4128	5139187
4129	-1
4130	5141012
4131	-1
4132	5142838
4133	-1
4134	5144664
4135	-1
4136	5146489
4137	5148315
4138	-1
4139	5150140
4140	-1
4141	5151966
4142	-1
4143	5153792
4144	-1
4145	5155617
4146	5157443
4147	-1
4148	5159268
4149	-1
4150	5161094
4151	-1
4152	5162920
4153	-1
4154	5164745
4155	-1
4156	5166571
4157	5168396
4158	-1
4159	5170222
4160	-1
4161	5172048
4162	-1
4163	5173873
4164	-1
4165	5175699
4166	-1
4167	5177524
4168	5179350
4169	-1
4170	5181176
4171	-1
4172	5183001
4173	-1
4174	5184827
4175	-1
4176	5186652
4177	-1
4178	5188478
4179	5190304
4180	-1
4181	5192129
4182	-1
4183	5193955
4184	-1
4185	5195780
4186	-1
4187	5197606
4188	5199432
4189	-1
4190	5201257
4191	-1
4192	5203083
4193	-1
4194	5204908
4195	-1
4196	5206734
4197	-1
4198	5208560
4199	5210385
4200	-1
4201	5212211
4202	-1
4203	5214036
4204	-1
4205	5215862
4206	-1
4207	5217688
4208	-1
4209	5219513
4210	5221339
4211	-1
4212	5223164
4213	-1
4214	5224990
4215	-1
4216	5226816
4217	-1
4218	5228641
4219	-1
4220	5230467
4221	5232292
4222	-1
4223	5234118
4224	-1
4225	5235944
4226	-1
4227	5237769
4228	-1
4229	5239595
4230	5241420
4231	-1
4232	5243246
4233	-1
4234	5245072
4235	-1
4236	5246897
4237	-1
4238	5248723
4239	-1
4240	5250548
4241	5252374
4242	-1
4243	5254200
4244	-1
4245	5256025
4246	-1
4247	5257851
4248	-1
4249	5259676
4250	-1
4251	5261502
4252	5263328
4253	-1
4254	5265153
4255	-1
4256	5266979
4257	-1
4258	5268804
4259	-1
4260	5270630
4261	5272456
4262	-1
4263	5274281
4264	-1
4265	5276107
4266	-1
4267	5277932
4268	-1
4269	5279758
4270	-1
4271	5281584
4272	5283409
4273	-1
4274	5285235
4275	-1
4276	5287060
4277	-1
4278	5288886
4279	-1
4280	5290712
4281	-1
4282	5292537
4283	5294363
4284	-1
4285	5296188
4286	-1
4287	5298014
4288	-1
4289	5299840
4290	-1
4291	5301665
4292	-1
4293	5303491
4294	5305316
4295	-1
4296	5307142
4297	-1
4298	5308968
4299	-1
4300	5310793
4301	-1
4302	5312619
4303	5314444
4304	-1
4305	5316270
4306	-1
4307	5318096
4308	-1
4309	5319921
4310	-1
4311	5321747
4312	-1
4313	5323572
4314	5325398
4315	-1
4316	5327224
4317	-1
4318	5329049
4319	-1
4320	5330875
4321	-1
4322	5332700
4323	-1
4324	5334526
4325	5336352
4326	-1
4327	5338177
4328	-1
4329	5340003
4330	-1
4331	5341828
4332	-1
4333	5343654
4334	-1
4335	5345480
4336	5347305
4337	-1
4338	5349131
4339	-1
4340	5350956
4341	-1
4342	5352782
4343	-1
4344	5354608
4345	5356433
4346	-1
4347	5358259
4348	-1
4349	5360084
4350	-1
4351	5361910
4352	-1
4353	5363736
4354	-1
4355	5365561
4356	5367387
4357	-1
4358	5369212
4359	-1
4360	5371038
4361	-1
4362	5372864
4363	-1
4364	5374689
4365	-1
4366	5376515
4367	5378340
4368	-1
4369	5380166
4370	-1
4371	5381992
4372	-1
4373	5383817
4374	-1
4375	5385643
4376	-1
4377	5387468
4378	5389294
4379	-1
4380	5391120
4381	-1
4382	5392945
4383	-1
4384	5394771
4385	-1
4386	5396596
4387	5398422
4388	-1
4389	5400248
4390	-1
4391	5402073
4392	-1
4393	5403899
4394	-1
4395	5405724
4396	-1
4397	5407550
4398	5409376
4399	-1
4400	5411201
4401	-1
4402	5413027
4403	-1
4404	5414852
4405	-1
4406	5416678
4407	-1
4408	5418504
4409	5420329
4410	-1
4411	5422155
4412	-1
4413	5423980
4414	-1
4415	5425806
4416	-1
4417	5427632
4418	5429457
4419	-1
4420	5431283
4421	-1
4422	5433108
4423	-1
4424	5434934
4425	-1
4426	5436760
4427	-1
4428	5438585
4429	5440411
4430	-1
4431	5442236
4432	-1
4433	5444062
4434	-1
4435	5445888
4436	-1
4437	5447713
4438	-1
4439	5449539
4440	5451364
4441	-1
4442	5453190
4443	-1
4444	5455016
4445	-1
4446	5456841
4447	-1
4448	5458667
4449	-1
4450	5460492
4451	5462318
4452	-1
4453	5464144
4454	-1
4455	5465969
4456	-1
4457	5467795
4458	-1
4459	5469620
4460	5471446
4461	-1
4462	5473272
4463	-1
4464	5475097
4465	-1
4466	5476923
4467	-1
4468	5478748
4469	-1
4470	5480574
4471	5482400
4472	-1
4473	5484225
4474	-1
4475	5486051
4476	-1
4477	5487876
4478	-1
4479	5489702
4480	-1
4481	5491528
4482	5493353
4483	-1
4484	5495179
4485	-1
4486	5497004
4487	-1
4488	5498830
4489	-1
4490	5500656
4491	-1
4492	5502481
4493	5504307
4494	-1
4495	5506132
4496	-1
4497	5507958
4498	-1
4499	5509784
4500	-1
4501	5511609
4502	5513435
4503	-1
4504	5515260
4505	-1
4506	5517086
4507	-1
4508	5518912
4509	-1
4510	5520737
4511	-1
4512	5522563
4513	5524388
4514	-1
4515	5526214
4516	-1
4517	5528040
4518	-1
4519	5529865
4520	-1
4521	5531691
4522	-1
4523	5533516
4524	5535342
4525	-1
4526	5537168
4527	-1
4528	5538993
4529	-1
4530	5540819
4531	-1
4532	5542644
4533	-1
4534	5544470
4535	5546296
4536	-1
4537	5548121
4538	-1
4539	5549947
4540	-1
4541	5551772
4542	-1
4543	5553598
4544	5555424
4545	-1
4546	5557249
4547	-1
4548	5559075
4549	-1
4550	5560900
4551	-1
4552	5562726
4553	-1
4554	5564552
4555	5566377
4556	-1
4557	5568203
4558	-1
4559	5570028
4560	-1
4561	5571854
4562	-1
4563	5573680
4564	-1
4565	5575505
4566	5577331
4567	-1
4568	5579156
4569	-1
4570	5580982
4571	-1
4572	5582808
4573	-1
4574	5584633
4575	-1
4576	5586459
4577	5588284
4578	-1
4579	5590110
4580	-1
4581	5591936
4582	-1
4583	5593761
4584	-1
4585	5595587
4586	5597412
4587	-1
4588	5599238
4589	-1
4590	5601064
4591	-1
4592	5602889
4593	-1
4594	5604715
4595	-1
4596	5606540
4597	5608366
4598	-1
4599	5610192
4600	-1
4601	5612017
4602	-1
4603	5613843
4604	-1
4605	5615668
4606	-1
4607	5617494
4608	5619320
4609	-1
4610	5621145
4611	-1
4612	5622971
4613	-1
4614	5624796
4615	-1
4616	5626622
4617	5628448
4618	-1
4619	5630273
4620	-1
4621	5632099
4622	-1
4623	5633924
4624	-1
4625	5635750
4626	-1
4627	5637576
4628	5639401
4629	-1
4630	5641227
4631	-1
4632	5643052
4633	-1
4634	5644878
4635	-1
4636	5646704
4637	-1
4638	5648529
4639	5650355
4640	-1
4641	5652180
4642	-1
4643	5654006
4644	-1
4645	5655832
4646	-1
4647	5657657
4648	-1
4649	5659483
4650	5661308
4651	-1
4652	5663134
4653	-1
4654	5664960
4655	-1
4656	5666785
4657	-1
4658	5668611
4659	5670436
4660	-1
4661	5672262
4662	-1
4663	5674088
4664	-1
4665	5675913
4666	-1
4667	5677739
4668	-1
4669	5679564
4670	5681390
4671	-1
4672	5683216
4673	-1
4674	5685041
4675	-1
4676	5686867
4677	-1
4678	5688692
4679	-1
4680	5690518
4681	5692344
4682	-1
4683	5694169
4684	-1
4685	5695995
4686	-1
4687	5697820
4688	-1
4689	5699646
4690	-1
4691	5701472
4692	5703297
4693	-1
4694	5705123
4695	-1
4696	5706948
4697	-1
4698	5708774
4699	-1
4700	5710600
4701	5712425
4702	-1
4703	5714251
4704	-1
4705	5716076
4706	-1
4707	5717902
4708	-1
4709	5719728
4710	-1
4711	5721553
4712	5723379
4713	-1
4714	5725204
4715	-1
4716	5727030
4717	-1
4718	5728856
4719	-1
4720	5730681
4721	-1
4722	5732507
4723	5734332
4724	-1
4725	5736158
4726	-1
4727	5737984
4728	-1
4729	5739809
4730	-1
4731	5741635
4732	-1
4733	5743460
4734	5745286
4735	-1
4736	5747112
4737	-1
4738	5748937
4739	-1
4740	5750763
4741	-1
4742	5752588
4743	5754414
4744	-1
4745	5756240
4746	-1
4747	5758065
4748	-1
4749	5759891
4750	-1
4751	5761716
4752	-1
4753	5763542
4754	5765368
4755	-1
4756	5767193
4757	-1
4758	5769019
4759	-1
4760	5770844
4761	-1
4762	5772670
4763	-1
4764	5774496
4765	5776321
4766	-1
4767	5778147
4768	-1
4769	5779972
4770	-1
4771	5781798
4772	-1
4773	5783624
4774	5785449
4775	-1
4776	5787275
4777	-1
4778	5789100
4779	-1
4780	5790926
4781	-1
4782	5792752
4783	-1
4784	5794577
4785	5796403
4786	-1
4787	5798228
4788	-1
4789	5800054
4790	-1
4791	5801880
4792	-1
4793	5803705
4794	-1
4795	5805531
4796	5807356
4797	-1
4798	5809182
4799	-1
4800	5811008
4801	-1
4802	5812833
4803	-1
4804	5814659
4805	-1
4806	5816484
4807	5818310
4808	-1
4809	5820136
4810	-1
4811	5821961
4812	-1
4813	5823787
4814	-1
4815	5825612
4816	5827438
4817	-1
4818	5829264
4819	-1
4820	5831089
4821	-1
4822	5832915
4823	-1
4824	5834740
4825	-1
4826	5836566
4827	5838392
4828	-1
4829	5840217
4830	-1
4831	5842043
4832	-1
4833	5843868
4834	-1
4835	5845694
4836	-1
4837	5847520
4838	5849345
4839	-1
4840	5851171
4841	-1
4842	5852996
4843	-1
4844	5854822
4845	-1
4846	5856648
4847	-1
4848	5858473
4849	5860299
4850	-1
4851	5862124
4852	-1
4853	5863950
4854	-1
4855	5865776
4856	-1
4857	5867601
4858	5869427
4859	-1
4860	5871252
4861	-1
4862	5873078
4863	-1
4864	5874904
4865	-1
4866	5876729
4867	-1
4868	5878555
4869	5880380
4870	-1
4871	5882206
4872	-1
4873	5884032
4874	-1
4875	5885857
4876	-1
4877	5887683
4878	-1
4879	5889508
4880	5891334
4881	-1
4882	5893160
4883	-1
4884	5894985
4885	-1
4886	5896811
4887	-1
4888	5898636
4889	-1
4890	5900462
4891	5902288
4892	-1
4893	5904113
4894	-1
4895	5905939
4896	-1
4897	5907764
4898	-1
4899	5909590
4900	5911416
4901	-1
4902	5913241
4903	-1
4904	5915067
4905	-1
4906	5916892
4907	-1
4908	5918718
4909	-1
4910	5920544
4911	5922369
4912	-1
4913	5924195
4914	-1
4915	5926020
4916	-1
4917	5927846
4918	-1
4919	5929672
4920	-1
4921	5931497
4922	5933323
4923	-1
4924	5935148
4925	-1
4926	5936974
4927	-1
4928	5938800
4929	-1
4930	5940625
4931	5942451
4932	-1
4933	5944276
4934	-1
4935	5946102
4936	-1
4937	5947928
4938	-1
4939	5949753
4940	-1
4941	5951579
4942	5953404
4943	-1
4944	5955230
4945	-1
4946	5957056
4947	-1
4948	5958881
4949	-1
4950	5960707
4951	-1
4952	5962532
4953	5964358
4954	-1
4955	5966184
4956	-1
4957	5968009
4958	-1
4959	5969835
4960	-1
4961	5971660
4962	-1
4963	5973486
4964	5975312
4965	-1
4966	5977137
4967	-1
4968	5978963
4969	-1
4970	5980788
4971	-1
4972	5982614
4973	5984440
4974	-1
4975	5986265
4976	-1
4977	5988091
4978	-1
4979	5989916
4980	-1
4981	5991742
4982	-1
4983	5993568
4984	5995393
4985	-1
4986	5997219
4987	-1
4988	5999044
4989	-1
4990	6000870
4991	-1
4992	6002696
4993	-1
4994	6004521
4995	6006347
4996	-1
4997	6008172
4998	-1
4999	6009998
5000	-1
5001	6011824
5002	-1
5003	6013649
5004	-1
5005	6015475
5006	6017300
5007	-1
5008	6019126
5009	-1
5010	6020952
5011	-1
5012	6022777
5013	-1
5014	6024603
5015	6026428
5016	-1
5017	6028254
5018	-1
5019	6030080
5020	-1
5021	6031905
5022	-1
5023	6033731
5024	-1
5025	6035556
5026	6037382
5027	-1
5028	6039208
5029	-1
5030	6041033
5031	-1
5032	6042859
5033	-1
5034	6044684
5035	-1
5036	6046510
5037	6048336
5038	-1
5039	6050161
5040	-1
5041	6051987
5042	-1
5043	6053812
5044	-1
5045	6055638
5046	-1
5047	6057464
5048	6059289
5049	-1
5050	6061115
5051	-1
5052	6062940
5053	-1
5054	6064766
5055	-1
5056	6066592
5057	6068417
5058	-1
5059	6070243
5060	-1
5061	6072068
5062	-1
5063	6073894
5064	-1
5065	6075720
5066	-1
5067	6077545
5068	6079371
5069	-1
5070	6081196
5071	-1
5072	6083022
5073	-1
5074	6084848
5075	-1
5076	6086673
5077	-1
5078	6088499
5079	6090324
5080	-1
5081	6092150
5082	-1
5083	6093976
5084	-1
5085	6095801
5086	-1
5087	6097627
5088	6099452
5089	-1
5090	6101278
5091	-1
5092	6103104
5093	-1
5094	6104929
5095	-1
5096	6106755
5097	-1
5098	6108580
5099	6110406
5100	-1
5101	6112232
5102	-1
5103	6114057
5104	-1
5105	6115883
5106	-1
5107	6117708
5108	-1
5109	6119534
5110	6121360
5111	-1
5112	6123185
5113	-1
5114	6125011
5115	-1
5116	6126836
5117	-1
5118	6128662
5119	-1
5120	6130488
5121	6132313
5122	-1
5123	6134139
5124	-1
5125	6135964
5126	-1
5127	6137790
5128	-1
5129	6139616
5130	6141441
5131	-1
5132	6143267
5133	-1
5134	6145092
5135	-1
5136	6146918
5137	-1
5138	6148744
5139	-1
5140	6150569
5141	6152395
5142	-1
5143	6154220
5144	-1
5145	6156046
5146	-1
5147	6157872
5148	-1
5149	6159697
5150	-1
5151	6161523
5152	6163348
5153	-1
5154	6165174
5155	-1
5156	6167000
5157	-1
5158	6168825
5159	-1
5160	6170651
5161	-1
5162	6172476
5163	6174302
5164	-1
5165	6176128
5166	-1
5167	6177953
5168	-1
5169	6179779
5170	-1
5171	6181604
5172	6183430
5173	-1
5174	6185256
5175	-1
5176	6187081
5177	-1
5178	6188907
5179	-1
5180	6190732
5181	-1
5182	6192558
5183	6194384
5184	-1
5185	6196209
5186	-1
5187	6198035
5188	-1
5189	6199860
5190	-1
5191	6201686
5192	-1
5193	6203512
5194	6205337
5195	-1
5196	6207163
5197	-1
5198	6208988
5199	-1
5200	6210814
5201	-1
5202	6212640
5203	-1
5204	6214465
5205	6216291
5206	-1
5207	6218116
5208	-1
5209	6219942
5210	-1
5211	6221768
5212	-1
5213	6223593
5214	6225419
5215	-1
5216	6227244
5217	-1
5218	6229070
5219	-1
5220	6230896
5221	-1
5222	6232721
5223	-1
5224	6234547
5225	6236372
5226	-1
5227	6238198
5228	-1
5229	6240024
5230	-1
5231	6241849
5232	-1
5233	6243675
5234	-1
5235	6245500
5236	6247326
5237	-1
5238	6249152
5239	-1
5240	6250977
5241	-1
5242	6252803
5243	-1
5244	6254628
5245	6256454
5246	-1
5247	6258280
5248	-1
5249	6260105
5250	-1
5251	6261931
5252	-1
5253	6263756
5254	-1
5255	6265582
5256	6267408
5257	-1
5258	6269233
5259	-1
5260	6271059
5261	-1
5262	6272884
5263	-1
5264	6274710
5265	-1
5266	6276536
5267	6278361
5268	-1
5269	6280187
5270	-1
5271	6282012
5272	-1
5273	6283838
5274	-1
5275	6285664
5276	-1
5277	6287489
5278	6289315
5279	-1
5280	6291140
5281	-1
5282	6292966
5283	-1
5284	6294792
5285	-1
5286	6296617
5287	6298443
5288	-1
5289	6300268
5290	-1
5291	6302094
5292	-1
5293	6303920
5294	-1
5295	6305745
5296	-1
5297	6307571
5298	6309396
5299	-1
5300	6311222
5301	-1
5302	6313048
5303	-1
5304	6314873
5305	-1
5306	6316699
5307	-1
5308	6318524
5309	6320350
5310	-1
5311	6322176
5312	-1
5313	6324001
5314	-1
5315	6325827
5316	-1
5317	6327652
5318	-1
5319	6329478
5320	6331304
5321	-1
5322	6333129
5323	-1
5324	6334955
5325	-1
5326	6336780
5327	-1
5328	6338606
5329	6340432
5330	-1
5331	6342257
5332	-1
5333	6344083
5334	-1
5335	6345908
5336	-1
5337	6347734
5338	-1
5339	6349560
5340	6351385
5341	-1
5342	6353211
5343	-1
5344	6355036
5345	-1
5346	6356862
5347	-1
5348	6358688
5349	-1
5350	6360513
5351	6362339
5352	-1
5353	6364164
5354	-1
5355	6365990
5356	-1
5357	6367816
5358	-1
5359	6369641
5360	-1
5361	6371467
5362	6373292
5363	-1
5364	6375118
5365	-1
5366	6376944
5367	-1
5368	6378769
5369	-1
5370	6380595
5371	6382420
5372	-1
5373	6384246
5374	-1
5375	6386072
5376	-1
5377	6387897
5378	-1
5379	6389723
5380	-1
5381	6391548
5382	6393374
5383	-1
5384	6395200
5385	-1
5386	6397025
5387	-1
5388	6398851
5389	-1
5390	6400676
5391	-1
5392	6402502
5393	6404328
5394	-1
5395	6406153
5396	-1
5397	6407979
5398	-1
5399	6409804
5400	-1
5401	6411630
5402	6413456
5403	-1
5404	6415281
5405	-1
5406	6417107
5407	-1
5408	6418932
5409	-1
5410	6420758
5411	-1
5412	6422584
5413	6424409
5414	-1
5415	6426235
5416	-1
5417	6428060
5418	-1
5419	6429886
5420	-1
5421	6431712
5422	-1
5423	6433537
5424	6435363
5425	-1
5426	6437188
5427	-1
5428	6439014
5429	-1
5430	6440840
5431	-1
5432	6442665
5433	-1
5434	6444491
5435	6446316
5436	-1
5437	6448142
5438	-1
5439	6449968
5440	-1
5441	6451793
5442	-1
5443	6453619
5444	6455444
5445	-1
5446	6457270
5447	-1
5448	6459096
5449	-1
5450	6460921
5451	-1
5452	6462747
5453	-1
5454	6464572
5455	6466398
5456	-1
5457	6468224
5458	-1
5459	6470049
5460	-1
5461	6471875
5462	-1
5463	6473700
5464	-1
5465	6475526
5466	6477352
5467	-1
5468	6479177
5469	-1
5470	6481003
5471	-1
5472	6482828
5473	-1
5474	6484654
5475	-1
5476	6486480
5477	6488305
5478	-1
5479	6490131
5480	-1
5481	6491956
5482	-1
5483	6493782
5484	-1
5485	6495608
5486	6497433
5487	-1
5488	6499259
5489	-1
5490	6501084
5491	-1
5492	6502910
5493	-1
5494	6504736
5495	-1
5496	6506561
5497	6508387
5498	-1
5499	6510212
5500	-1
5501	6512038
5502	-1
5503	6513864
5504	-1
5505	6515689
5506	-1
5507	6517515
5508	6519340
5509	-1
5510	6521166
5511	-1
5512	6522992
5513	-1
5514	6524817
5515	-1
5516	6526643
5517	-1
5518	6528468
5519	6530294
5520	-1
5521	6532120
5522	-1
5523	6533945
5524	-1
5525	6535771
5526	-1
5527	6537596
5528	6539422
5529	-1
5530	6541248
5531	-1
5532	6543073
5533	-1
5534	6544899
5535	-1
5536	6546724
5537	-1
5538	6548550
5539	6550376
5540	-1
5541	6552201
5542	-1
5543	6554027
5544	-1
5545	6555852
5546	-1
5547	6557678
5548	-1
5549	6559504
5550	6561329
5551	-1
5552	6563155
5553	-1
5554	6564980
5555	-1
5556	6566806
5557	-1
5558	6568632
5559	6570457
5560	-1
5561	6572283
5562	-1
5563	6574108
5564	-1
5565	6575934
5566	-1
5567	6577760
5568	-1
5569	6579585
5570	6581411
5571	-1
5572	6583236
5573	-1
5574	6585062
5575	-1
5576	6586888
5577	-1
5578	6588713
5579	-1
5580	6590539
5581	6592364
5582	-1
5583	6594190
5584	-1
5585	6596016
5586	-1
5587	6597841
5588	-1
5589	6599667
5590	-1
5591	6601492
5592	6603318
5593	-1
5594	6605144
5595	-1
5596	6606969
5597	-1
5598	6608795
5599	-1
5600	6610620
5601	6612446
5602	-1
5603	6614272
5604	-1
5605	6616097
5606	-1
5607	6617923
5608	-1
5609	6619748
5610	-1
5611	6621574
5612	6623400
5613	-1
5614	6625225
5615	-1
5616	6627051
5617	-1
5618	6628876
5619	-1
5620	6630702
5621	-1
5622	6632528
5623	6634353
5624	-1
5625	6636179
5626	-1
5627	6638004
5628	-1
5629	6639830
5630	-1
5631	6641656
5632	-1
5633	6643481
5634	6645307
5635	-1
5636	6647132
5637	-1
5638	6648958
5639	-1
5640	6650784
5641	-1
5642	6652609
5643	6654435
5644	-1
5645	6656260
5646	-1
5647	6658086
5648	-1
5649	6659912
5650	-1
5651	6661737
5652	-1
5653	6663563
5654	6665388
5655	-1
5656	6667214
5657	-1
5658	6669040
5659	-1
5660	6670865
5661	-1
5662	6672691
5663	-1
5664	6674516
5665	6676342
5666	-1
5667	6678168
5668	-1
5669	6679993
5670	-1
5671	6681819
5672	-1
5673	6683644
5674	-1
5675	6685470
5676	6687296
5677	-1
5678	6689121
5679	-1
5680	6690947
5681	-1
5682	6692772
5683	-1
5684	6694598
5685	6696424
5686	-1
5687	6698249
5688	-1
5689	6700075
5690	-1
5691	6701900
5692	-1
5693	6703726
5694	-1
5695	6705552
5696	6707377
5697	-1
5698	6709203
5699	-1
5700	6711028
5701	-1
5702	6712854
5703	-1
5704	6714680
5705	-1
5706	6716505
5707	6718331
5708	-1
5709	6720156
5710	-1
5711	6721982
5712	-1
5713	6723808
5714	-1
5715	6725633
5716	-1
5717	6727459
5718	6729284
5719	-1
5720	6731110
5721	-1
5722	6732936
5723	-1
5724	6734761
5725	-1
5726	6736587
5727	6738412
5728	-1
5729	6740238
5730	-1
5731	6742064
5732	-1
5733	6743889
5734	-1
5735	6745715
5736	-1
5737	6747540
5738	6749366
5739	-1
5740	6751192
5741	-1
5742	6753017
5743	-1
5744	6754843
5745	-1
5746	6756668
5747	-1
5748	6758494
5749	6760320
5750	-1
5751	6762145
5752	-1
5753	6763971
5754	-1
5755	6765796
5756	-1
5757	6767622
5758	6769448
5759	-1
5760	6771273
5761	-1
5762	6773099
5763	-1
5764	6774924
5765	-1
5766	6776750
5767	-1
5768	6778576
5769	6780401
5770	-1
5771	6782227
5772	-1
5773	6784052
5774	-1
5775	6785878
5776	-1
5777	6787704
5778	-1
5779	6789529
5780	6791355
5781	-1
5782	6793180
5783	-1
5784	6795006
5785	-1
5786	6796832
5787	-1
5788	6798657
5789	-1
5790	6800483
5791	6802308
5792	-1
5793	6804134
5794	-1
5795	6805960
5796	-1
5797	6807785
5798	-1
5799	6809611
5800	6811436
5801	-1
5802	6813262
5803	-1
5804	6815088
5805	-1
5806	6816913
5807	-1
5808	6818739
5809	-1
5810	6820564
5811	6822390
5812	-1
5813	6824216
5814	-1
5815	6826041
5816	-1
5817	6827867
5818	-1
5819	6829692
5820	-1
5821	6831518
5822	6833344
5823	-1
5824	6835169
5825	-1
5826	6836995
5827	-1
5828	6838820
5829	-1
5830	6840646
5831	-1
5832	6842472
5833	6844297
5834	-1
5835	6846123
5836	-1
5837	6847948
5838	-1
5839	6849774
5840	-1
5841	6851600
5842	6853425
5843	-1
5844	6855251
5845	-1
5846	6857076
5847	-1
5848	6858902
5849	-1
5850	6860728
5851	-1
5852	6862553
5853	6864379
5854	-1
5855	6866204
5856	-1
5857	6868030
5858	-1
5859	6869856
5860	-1
5861	6871681
5862	-1
5863	6873507
5864	6875332
5865	-1
5866	6877158
5867	-1
5868	6878984
5869	-1
5870	6880809
5871	-1
5872	6882635
5873	-1
5874	6884460
5875	6886286
5876	-1
5877	6888112
5878	-1
5879	6889937
5880	-1
5881	6891763
5882	-1
5883	6893588
5884	6895414
5885	-1
5886	6897240
5887	-1
5888	6899065
5889	-1
5890	6900891
5891	-1
5892	6902716
5893	-1
5894	6904542
5895	6906368
5896	-1
5897	6908193
5898	-1
5899	6910019
5900	-1
5901	6911844
5902	-1
5903	6913670
5904	-1
5905	6915496
5906	6917321
5907	-1
5908	6919147
5909	-1
5910	6920972
5911	-1
5912	6922798
5913	-1
5914	6924624
5915	6926449
5916	-1
5917	6928275
5918	-1
5919	6930100
5920	-1
5921	6931926
5922	-1
5923	6933752
5924	-1
5925	6935577
5926	6937403
5927	-1
5928	6939228
5929	-1
5930	6941054
5931	-1
5932	6942880
5933	-1
5934	6944705
5935	-1
5936	6946531
5937	6948356
5938	-1
5939	6950182
5940	-1
5941	6952008
5942	-1
5943	6953833
5944	-1
5945	6955659
5946	-1
5947	6957484
5948	6959310
5949	-1
5950	6961136
5951	-1
5952	6962961
5953	-1
5954	6964787
5955	-1
5956	6966612
5957	6968438
5958	-1
5959	6970264
5960	-1
5961	6972089
5962	-1
5963	6973915
5964	-1
5965	6975740
5966	-1
5967	6977566
5968	6979392
5969	-1
5970	6981217
5971	-1
5972	6983043
5973	-1
5974	6984868
5975	-1
5976	6986694
5977	-1
5978	6988520
5979	6990345
5980	-1
5981	6992171
5982	-1
5983	6993996
5984	-1
5985	6995822
5986	-1
5987	6997648
5988	-1
5989	6999473
5990	7001299
5991	-1
5992	7003124
5993	-1
5994	7004950
5995	-1
5996	7006776
5997	-1
5998	7008601
5999	7010427
6000	-1
6001	7012252
6002	-1
6003	7014078
6004	-1
6005	7015904
6006	-1
6007	7017729
6008	-1
6009	7019555
6010	7021380
6011	-1
6012	7023206
6013	-1
6014	7025032
6015	-1
6016	7026857
6017	-1
6018	7028683
6019	-1
6020	7030508
6021	7032334
6022	-1
6023	7034160
6024	-1
6025	7035985
6026	-1
6027	7037811
6028	-1
6029	7039636
6030	-1
6031	7041462
6032	7043288
6033	-1
6034	7045113
6035	-1
6036	7046939
6037	-1
6038	7048764
6039	-1
6040	7050590
6041	7052416
6042	-1
6043	7054241
6044	-1
6045	7056067
6046	-1
6047	7057892
6048	-1
6049	7059718
6050	-1
6051	7061544
6052	7063369
6053	-1
6054	7065195
6055	-1
6056	7067020
6057	-1
6058	7068846
6059	-1
6060	7070672
6061	-1
6062	7072497
6063	7074323
6064	-1
6065	7076148
6066	-1
6067	7077974
6068	-1
6069	7079800
6070	-1
6071	7081625
6072	7083451
6073	-1
6074	7085276
6075	-1
6076	7087102
6077	-1
6078	7088928
6079	-1
6080	7090753
6081	-1
6082	7092579
6083	7094404
6084	-1
6085	7096230
6086	-1
6087	7098056
6088	-1
6089	7099881
6090	-1
6091	7101707
6092	-1
6093	7103532
6094	7105358
6095	-1
6096	7107184
6097	-1
6098	7109009
6099	-1
6100	7110835
6101	-1
6102	7112660
6103	-1
6104	7114486
6105	7116312
6106	-1
6107	7118137
6108	-1
6109	7119963
6110	-1
6111	7121788
6112	-1
6113	7123614
6114	7125440
6115	-1
6116	7127265
6117	-1
6118	7129091
6119	-1
6120	7130916
6121	-1
6122	7132742
6123	-1
6124	7134568
6125	7136393
6126	-1
6127	7138219
6128	-1
6129	7140044
6130	-1
6131	7141870
6132	-1
6133	7143696
6134	-1
6135	7145521
6136	7147347
6137	-1
6138	7149172
6139	-1
6140	7150998
6141	-1
6142	7152824
6143	-1
6144	7154649
6145	-1
6146	7156475
6147	7158300
6148	-1
6149	7160126
6150	-1
6151	7161952
6152	-1
6153	7163777
6154	-1
6155	7165603
6156	7167428
6157	-1
6158	7169254
6159	-1
6160	7171080
6161	-1
6162	7172905
6163	-1
6164	7174731
6165	-1
6166	7176556
6167	7178382
6168	-1
6169	7180208
6170	-1
6171	7182033
6172	-1
6173	7183859
6174	-1
6175	7185684
6176	-1
6177	7187510
6178	7189336
6179	-1
6180	7191161
6181	-1
6182	7192987
6183	-1
6184	7194812
6185	-1
6186	7196638
6187	-1
6188	7198464
6189	7200289
6190	-1
6191	7202115
6192	-1
6193	7203940
6194	-1
6195	7205766
6196	-1
6197	7207592
6198	7209417
6199	-1
6200	7211243
6201	-1
6202	7213068
6203	-1
6204	7214894
6205	-1
6206	7216720
6207	-1
6208	7218545
6209	7220371
6210	-1
6211	7222196
6212	-1
6213	7224022
6214	-1
6215	7225848
6216	-1
6217	7227673
6218	-1
6219	7229499
6220	7231324
6221	-1
6222	7233150
6223	-1
6224	7234976
6225	-1
6226	7236801
6227	-1
6228	7238627
6229	7240452
6230	-1
6231	7242278
6232	-1
6233	7244104
6234	-1
6235	7245929
6236	-1
6237	7247755
6238	-1
6239	7249580
6240	7251406
6241	-1
6242	7253232
6243	-1
6244	7255057
6245	-1
6246	7256883
6247	-1
6248	7258708
6249	-1
6250	7260534
6251	7262360
6252	-1
6253	7264185
6254	-1
6255	7266011
6256	-1
6257	7267836
6258	-1
6259	7269662
6260	-1
6261	7271488
6262	7273313
6263	-1
6264	7275139
6265	-1
6266	7276964
6267	-1
6268	7278790
6269	-1
6270	7280616
6271	7282441
6272	-1
6273	7284267
6274	-1
6275	7286092
6276	-1
6277	7287918
6278	-1
6279	7289744
6280	-1
6281	7291569
6282	7293395
6283	-1
6284	7295220
6285	-1
6286	7297046
6287	-1
6288	7298872
6289	-1
6290	7300697
6291	-1
6292	7302523
6293	7304348
6294	-1
6295	7306174
6296	-1
6297	7308000
6298	-1
6299	7309825
6300	-1
6301	7311651
6302	-1
6303	7313476
6304	7315302
6305	-1
6306	7317128
6307	-1
6308	7318953
6309	-1
6310	7320779
6311	-1
6312	7322604
6313	7324430
6314	-1
6315	7326256
6316	-1
6317	7328081
6318	-1
6319	7329907
6320	-1
6321	7331732
6322	-1
6323	7333558
6324	7335384
6325	-1
6326	7337209
6327	-1
6328	7339035
6329	-1
6330	7340860
6331	-1
6332	7342686
6333	-1
6334	7344512
6335	7346337
6336	-1
6337	7348163
6338	-1
6339	7349988
6340	-1
6341	7351814
6342	-1
6343	7353640
6344	-1
6345	7355465
6346	7357291
6347	-1
6348	7359116
6349	-1
6350	7360942
6351	-1
6352	7362768
6353	-1
6354	7364593
6355	7366419
6356	-1
6357	7368244
6358	-1
6359	7370070
6360	-1
6361	7371896
6362	-1
6363	7373721
6364	-1
6365	7375547
6366	7377372
6367	-1
6368	7379198
6369	-1
6370	7381024
6371	-1
6372	7382849
6373	-1
6374	7384675
6375	-1
6376	7386500
6377	7388326
6378	-1
6379	7390152
6380	-1
6381	7391977
6382	-1
6383	7393803
6384	-1
6385	7395628
6386	7397454
6387	-1
6388	7399280
6389	-1
6390	7401105
6391	-1
6392	7402931
6393	-1
6394	7404756
6395	-1
6396	7406582
6397	7408408
6398	-1
6399	7410233
6400	-1
6401	7412059
6402	-1
6403	7413884
6404	-1
6405	7415710
6406	-1
6407	7417536
6408	7419361
6409	-1
6410	7421187
6411	-1
6412	7423012
6413	-1
6414	7424838
6415	-1
6416	7426664
6417	-1
6418	7428489
6419	7430315
6420	-1
6421	7432140
6422	-1
6423	7433966
6424	-1
6425	7435792
6426	-1
6427	7437617
6428	7439443
6429	-1
6430	7441268
6431	-1
6432	7443094
6433	-1
6434	7444920
6435	-1
6436	7446745
6437	-1
6438	7448571
6439	7450396
6440	-1
6441	7452222
6442	-1
6443	7454048
6444	-1
6445	7455873
6446	-1
6447	7457699
6448	-1
6449	7459524
6450	7461350
6451	-1
6452	7463176
6453	-1
6454	7465001
6455	-1
6456	7466827
6457	-1
6458	7468652
6459	-1
6460	7470478
6461	7472304
6462	-1
6463	7474129
6464	-1
6465	7475955
6466	-1
6467	7477780
6468	-1
6469	7479606
6470	7481432
6471	-1
6472	7483257
6473	-1
6474	7485083
6475	-1
6476	7486908
6477	-1
6478	7488734
6479	-1
6480	7490560
6481	7492385
6482	-1
6483	7494211
6484	-1
6485	7496036
6486	-1
6487	7497862
6488	-1
6489	7499688
6490	-1
6491	7501513
6492	7503339
6493	-1
6494	7505164
6495	-1
6496	7506990
6497	-1
6498	7508816
6499	-1
6500	7510641
6501	-1
6502	7512467
6503	7514292
6504	-1
6505	7516118
6506	-1
6507	7517944
6508	-1
6509	7519769
6510	-1
6511	7521595
6512	7523420
6513	-1
6514	7525246
6515	-1
6516	7527072
6517	-1
6518	7528897
6519	-1
6520	7530723
6521	-1
6522	7532548
6523	7534374
6524	-1
6525	7536200
6526	-1
6527	7538025
6528	-1
6529	7539851
6530	-1
6531	7541676
6532	-1
6533	7543502
6534	7545328
6535	-1
6536	7547153
6537	-1
6538	7548979
6539	-1
6540	7550804
6541	-1
6542	7552630
6543	7554456
6544	-1
6545	7556281
6546	-1
6547	7558107
6548	-1
6549	7559932
6550	-1
6551	7561758
6552	-1
6553	7563584
6554	7565409
6555	-1
6556	7567235
6557	-1
6558	7569060
6559	-1
6560	7570886
6561	-1
6562	7572712
6563	-1
6564	7574537
6565	7576363
6566	-1
6567	7578188
6568	-1
6569	7580014
6570	-1
6571	7581840
6572	-1
6573	7583665
6574	-1
6575	7585491
6576	7587316
6577	-1
6578	7589142
6579	-1
6580	7590968
6581	-1
6582	7592793
6583	-1
6584	7594619
6585	7596444
6586	-1
6587	7598270
6588	-1
6589	7600096
6590	-1
6591	7601921
6592	-1
6593	7603747
6594	-1
6595	7605572
6596	7607398
6597	-1
6598	7609224
6599	-1
6600	7611049
6601	-1
6602	7612875
6603	-1
6604	7614700
6605	-1
6606	7616526
6607	7618352
6608	-1
6609	7620177
6610	-1
6611	7622003
6612	-1
6613	7623828
6614	-1
6615	7625654
6616	-1
6617	7627480
6618	7629305
6619	-1
6620	7631131
6621	-1
6622	7632956
6623	-1
6624	7634782
6625	-1
6626	7636608
6627	7638433
6628	-1
6629	7640259
6630	-1
6631	7642084
6632	-1
6633	7643910
6634	-1
6635	7645736
6636	-1
6637	7647561
6638	7649387
6639	-1
6640	7651212
6641	-1
6642	7653038
6643	-1
6644	7654864
6645	-1
6646	7656689
6647	-1
6648	7658515
6649	7660340
6650	-1
6651	7662166
6652	-1
6653	7663992
6654	-1
6655	7665817
6656	-1
6657	7667643
6658	-1
6659	7669468
6660	7671294
6661	-1
6662	7673120
6663	-1
6664	7674945
6665	-1
6666	7676771
6667	-1
6668	7678596
6669	7680422
6670	-1
6671	7682248
6672	-1
6673	7684073
6674	-1
6675	7685899
6676	-1
6677	7687724
6678	-1
6679	7689550
6680	7691376
6681	-1
6682	7693201
6683	-1
6684	7695027
6685	-1
6686	7696852
6687	-1
6688	7698678
6689	-1
6690	7700504
6691	7702329
6692	-1
6693	7704155
6694	-1
6695	7705980
6696	-1
6697	7707806
6698	-1
6699	7709632
6700	7711457
6701	-1
6702	7713283
6703	-1
6704	7715108
6705	-1
6706	7716934
6707	-1
6708	7718760
6709	-1
6710	7720585
6711	7722411
6712	-1
6713	7724236
6714	-1
6715	7726062
6716	-1
6717	7727888
6718	-1
6719	7729713
6720	-1
6721	7731539
6722	7733364
6723	-1
6724	7735190
6725	-1
6726	7737016
6727	-1
6728	7738841
6729	-1
6730	7740667
6731	-1
6732	7742492
6733	7744318
6734	-1
6735	7746144
6736	-1
6737	7747969
6738	-1
6739	7749795
6740	-1
6741	7751620
6742	7753446
6743	-1
6744	7755272
6745	-1
6746	7757097
6747	-1
6748	7758923
6749	-1
6750	7760748
6751	-1
6752	7762574
6753	7764400
6754	-1
6755	7766225
6756	-1
6757	7768051
6758	-1
6759	7769876
6760	-1
6761	7771702
6762	-1
6763	7773528
6764	7775353
6765	-1
6766	7777179
6767	-1
6768	7779004
6769	-1
6770	7780830
6771	-1
6772	7782656
6773	-1
6774	7784481
6775	7786307
6776	-1
6777	7788132
6778	-1
6779	7789958
6780	-1
6781	7791784
6782	-1
6783	7793609
6784	7795435
6785	-1
6786	7797260
6787	-1
6788	7799086
6789	-1
6790	7800912
6791	-1
6792	7802737
6793	-1
6794	7804563
6795	7806388
6796	-1
6797	7808214
6798	-1
6799	7810040
6800	-1
6801	7811865
6802	-1
6803	7813691
6804	-1
6805	7815516
6806	7817342
6807	-1
6808	7819168
6809	-1
6810	7820993
6811	-1
6812	7822819
6813	-1
6814	7824644
6815	-1
6816	7826470
6817	7828296
6818	-1
6819	7830121
6820	-1
6821	7831947
6822	-1
6823	7833772
6824	-1
6825	7835598
6826	7837424
6827	-1
6828	7839249
6829	-1
6830	7841075
6831	-1
6832	7842900
6833	-1
6834	7844726
6835	-1
6836	7846552
6837	7848377
6838	-1
6839	7850203
6840	-1
6841	7852028
6842	-1
6843	7853854
6844	-1
6845	7855680
6846	-1
6847	7857505
6848	7859331
6849	-1
6850	7861156
6851	-1
6852	7862982
6853	-1
6854	7864808
6855	-1
6856	7866633
6857	-1
6858	7868459
6859	7870284
6860	-1
6861	7872110
6862	-1
6863	7873936
6864	-1
6865	7875761
6866	-1
6867	7877587
6868	7879412
6869	-1
6870	7881238
6871	-1
6872	7883064
6873	-1
6874	7884889
6875	-1
6876	7886715
6877	-1
6878	7888540
6879	7890366
6880	-1
6881	7892192
6882	-1
6883	7894017
6884	-1
6885	7895843
6886	-1
6887	7897668
6888	-1
6889	7899494
6890	7901320
6891	-1
6892	7903145
6893	-1
6894	7904971
6895	-1
6896	7906796
6897	-1
6898	7908622
6899	7910448
6900	-1
6901	7912273
6902	-1
6903	7914099
6904	-1
6905	7915924
6906	-1
6907	7917750
6908	-1
6909	7919576
6910	7921401
6911	-1
6912	7923227
6913	-1
6914	7925052
6915	-1
6916	7926878
6917	-1
6918	7928704
6919	-1
6920	7930529
6921	7932355
6922	-1
6923	7934180
6924	-1
6925	7936006
6926	-1
6927	7937832
6928	-1
6929	7939657
6930	-1
6931	7941483
6932	7943308
6933	-1
6934	7945134
6935	-1
6936	7946960
6937	-1
6938	7948785
6939	-1
6940	7950611
6941	7952436
6942	-1
6943	7954262
6944	-1
6945	7956088
6946	-1
6947	7957913
6948	-1
6949	7959739
6950	-1
6951	7961564
6952	7963390
6953	-1
6954	7965216
6955	-1
6956	7967041
6957	-1
6958	7968867
6959	-1
6960	7970692
6961	-1
6962	7972518
6963	7974344
6964	-1
6965	7976169
6966	-1
6967	7977995
6968	-1
6969	7979820
6970	-1
6971	7981646
6972	-1
6973	7983472
6974	7985297
6975	-1
6976	7987123
6977	-1
6978	7988948
6979	-1
6980	7990774
6981	-1
6982	7992600
6983	7994425
6984	-1
6985	7996251
6986	-1
6987	7998076
6988	-1
6989	7999902
6990	-1
6991	8001728
6992	-1
6993	8003553
6994	8005379
6995	-1
6996	8007204
6997	-1
6998	8009030
6999	-1
7000	8010856
7001	-1
7002	8012681
7003	-1
7004	8014507
7005	8016332
7006	-1
7007	8018158
7008	-1
7009	8019984
7010	-1
7011	8021809
7012	-1
7013	8023635
7014	-1
7015	8025460
7016	8027286
7017	-1
7018	8029112
7019	-1
7020	8030937
7021	-1
7022	8032763
7023	-1
7024	8034588
7025	8036414
7026	-1
7027	8038240
7028	-1
7029	8040065
7030	-1
7031	8041891
7032	-1
7033	8043716
7034	-1
7035	8045542
7036	8047368
7037	-1
7038	8049193
7039	-1
7040	8051019
7041	-1
7042	8052844
7043	-1
7044	8054670
7045	-1
7046	8056496
7047	8058321
7048	-1
7049	8060147
7050	-1
7051	8061972
7052	-1
7053	8063798
7054	-1
7055	8065624
7056	8067449
7057	-1
7058	8069275
7059	-1
7060	8071100
7061	-1
7062	8072926
7063	-1
7064	8074752
7065	-1
7066	8076577
7067	8078403
7068	-1
7069	8080228
7070	-1
7071	8082054
7072	-1
7073	8083880
7074	-1
7075	8085705
7076	-1
7077	8087531
7078	8089356
7079	-1
7080	8091182
7081	-1
7082	8093008
7083	-1
7084	8094833
7085	-1
7086	8096659
7087	-1
7088	8098484
7089	8100310
7090	-1
7091	8102136
7092	-1
7093	8103961
7094	-1
7095	8105787
7096	-1
7097	8107612
7098	8109438
7099	-1
7100	8111264
7101	-1
7102	8113089
7103	-1
7104	8114915
7105	-1
7106	8116740
7107	-1
7108	8118566
7109	8120392
7110	-1
7111	8122217
7112	-1
7113	8124043
7114	-1
7115	8125868
7116	-1
7117	8127694
7118	-1
7119	8129520
7120	8131345
7121	-1
7122	8133171
7123	-1
7124	8134996
7125	-1
7126	8136822
7127	-1
7128	8138648
7129	-1
7130	8140473
7131	8142299
7132	-1
7133	8144124
7134	-1
7135	8145950
7136	-1
7137	8147776
7138	-1
7139	8149601
7140	8151427
7141	-1
7142	8153252
7143	-1
7144	8155078
7145	-1
7146	8156904
7147	-1
7148	8158729
7149	-1
7150	8160555
7151	8162380
7152	-1
7153	8164206
7154	-1
7155	8166032
7156	-1
7157	8167857
7158	-1
7159	8169683
7160	-1
7161	8171508
7162	8173334
7163	-1
7164	8175160
7165	-1
7166	8176985
7167	-1
7168	8178811
7169	-1
7170	8180636
7171	-1
7172	8182462
7173	8184288
7174	-1
7175	8186113
7176	-1
7177	8187939
7178	-1
7179	8189764
7180	-1
7181	8191590
7182	8193416
7183	-1
7184	8195241
7185	-1
7186	8197067
7187	-1
7188	8198892
7189	-1
7190	8200718
7191	-1
7192	8202544
7193	8204369
7194	-1
7195	8206195
7196	-1
7197	8208020
7198	-1
7199	8209846
7200	-1
7201	8211672
7202	-1
7203	8213497
7204	8215323
7205	-1
7206	8217148
7207	-1
7208	8218974
7209	-1
7210	8220800
7211	-1
7212	8222625
7213	8224451
7214	-1
7215	8226276
7216	-1
7217	8228102
7218	-1
7219	8229928
7220	-1
7221	8231753
7222	-1
7223	8233579
7224	8235404
7225	-1
7226	8237230
7227	-1
7228	8239056
7229	-1
7230	8240881
7231	-1
7232	8242707
7233	-1
7234	8244532
7235	8246358
7236	-1
7237	8248184
7238	-1
7239	8250009
7240	-1
7241	8251835
7242	-1
7243	8253660
7244	-1
7245	8255486
7246	8257312
7247	-1
7248	8259137
7249	-1
7250	8260963
7251	-1
7252	8262788
7253	-1
7254	8264614
7255	8266440
7256	-1
7257	8268265
7258	-1
7259	8270091
7260	-1
7261	8271916
7262	-1
7263	8273742
7264	-1
7265	8275568
7266	8277393
7267	-1
7268	8279219
7269	-1
7270	8281044
7271	-1
7272	8282870
7273	-1
7274	8284696
7275	-1
7276	8286521
7277	8288347
7278	-1
7279	8290172
7280	-1
7281	8291998
7282	-1
7283	8293824
7284	-1
7285	8295649
7286	-1
7287	8297475
7288	8299300
7289	-1
7290	8301126
7291	-1
7292	8302952
7293	-1
7294	8304777
7295	-1
7296	8306603
7297	8308428
7298	-1
7299	8310254
7300	-1
7301	8312080
7302	-1
7303	8313905
7304	-1
7305	8315731
7306	-1
7307	8317556
7308	8319382
7309	-1
7310	8321208
7311	-1
7312	8323033
7313	-1
7314	8324859
7315	-1
7316	8326684
7317	-1
7318	8328510
7319	8330336
7320	-1
7321	8332161
7322	-1
7323	8333987
7324	-1
7325	8335812
7326	-1
7327	8337638
7328	-1
7329	8339464
7330	8341289
7331	-1
7332	8343115
7333	-1
7334	8344940
7335	-1
7336	8346766
7337	-1
7338	8348592
7339	8350417
7340	-1
7341	8352243
7342	-1
7343	8354068
7344	-1
7345	8355894
7346	-1
7347	8357720
7348	-1
7349	8359545
7350	8361371
7351	-1
7352	8363196
7353	-1
7354	8365022
7355	-1
7356	8366848
7357	-1
7358	8368673
7359	-1
7360	8370499
7361	8372324
7362	-1
7363	8374150
7364	-1
7365	8375976
7366	-1
7367	8377801
7368	-1
7369	8379627
7370	8381452
7371	-1
7372	8383278
7373	-1
7374	8385104
7375	-1
7376	8386929
7377	-1
7378	8388755
7379	-1
7380	8390580
7381	8392406
7382	-1
7383	8394232
7384	-1
7385	8396057
7386	-1
7387	8397883
7388	-1
7389	8399708
7390	-1
7391	8401534
7392	8403360
7393	-1
7394	8405185
7395	-1
7396	8407011
7397	-1
7398	8408836
7399	-1
7400	8410662
7401	-1
7402	8412488
7403	8414313
7404	-1
7405	8416139
7406	-1
7407	8417964
7408	-1
7409	8419790
7410	-1
7411	8421616
7412	8423441
7413	-1
7414	8425267
7415	-1
7416	8427092
7417	-1
7418	8428918
7419	-1
7420	8430744
7421	-1
7422	8432569
7423	8434395
7424	-1
7425	8436220
7426	-1
7427	8438046
7428	-1
7429	8439872
7430	-1
7431	8441697
7432	-1
7433	8443523
7434	8445348
7435	-1
7436	8447174
7437	-1
7438	8449000
7439	-1
7440	8450825
7441	-1
7442	8452651
7443	-1
7444	8454476
7445	8456302
7446	-1
7447	8458128
7448	-1
7449	8459953
7450	-1
7451	8461779
7452	-1
7453	8463604
7454	8465430
7455	-1
7456	8467256
7457	-1
7458	8469081
7459	-1
7460	8470907
7461	-1
7462	8472732
7463	-1
7464	8474558
7465	8476384
7466	-1
7467	8478209
7468	-1
7469	8480035
7470	-1
7471	8481860
7472	-1
7473	8483686
7474	-1
7475	8485512
7476	8487337
7477	-1
7478	8489163
7479	-1
7480	8490988
7481	-1
7482	8492814
7483	-1
7484	8494640
7485	-1
7486	8496465
7487	8498291
7488	-1
7489	8500116
7490	-1
7491	8501942
7492	-1
7493	8503768
7494	-1
7495	8505593
7496	8507419
7497	-1
7498	8509244
7499	-1
7500	8511070
7501	-1
7502	8512896
7503	-1
7504	8514721
7505	-1
7506	8516547
7507	8518372
7508	-1
7509	8520198
7510	-1
7511	8522024
7512	-1
7513	8523849
7514	-1
7515	8525675
7516	-1
7517	8527500
7518	8529326
7519	-1
7520	8531152
7521	-1
7522	8532977
7523	-1
7524	8534803
7525	-1
7526	8536628
7527	8538454
7528	-1
7529	8540280
7530	-1
7531	8542105
7532	-1
7533	8543931
7534	-1
7535	8545756
7536	-1
7537	8547582
7538	8549408
7539	-1
7540	8551233
7541	-1
7542	8553059
7543	-1
7544	8554884
7545	-1
7546	8556710
7547	-1
7548	8558536
7549	8560361
7550	-1
7551	8562187
7552	-1
7553	8564012
7554	-1
7555	8565838
7556	-1
7557	8567664
7558	-1
7559	8569489
7560	8571315
7561	-1
7562	8573140
7563	-1
7564	8574966
7565	-1
7566	8576792
7567	-1
7568	8578617
7569	8580443
7570	-1
7571	8582268
7572	-1
7573	8584094
7574	-1
7575	8585920
7576	-1
7577	8587745
7578	-1
7579	8589571
7580	8591396
7581	-1
7582	8593222
7583	-1
7584	8595048
7585	-1
7586	8596873
7587	-1
7588	8598699
7589	-1
7590	8600524
7591	8602350
7592	-1
7593	8604176
7594	-1
7595	8606001
7596	-1
7597	8607827
7598	-1
7599	8609652
7600	-1
7601	8611478
7602	8613304
7603	-1
7604	8615129
7605	-1
7606	8616955
7607	-1
7608	8618780
7609	-1
7610	8620606
7611	8622432
7612	-1
7613	8624257
7614	-1
7615	8626083
7616	-1
7617	8627908
7618	-1
7619	8629734
7620	-1
7621	8631560
7622	8633385
7623	-1
7624	8635211
7625	-1
7626	8637036
7627	-1
7628	8638862
7629	-1
7630	8640688
7631	-1
7632	8642513
7633	8644339
7634	-1
7635	8646164
7636	-1
7637	8647990
7638	-1
7639	8649816
7640	-1
7641	8651641
7642	-1
7643	8653467
7644	8655292
7645	-1
7646	8657118
7647	-1
7648	8658944
7649	-1
7650	8660769
7651	-1
7652	8662595
7653	8664420
7654	-1
7655	8666246
7656	-1
7657	8668072
7658	-1
7659	8669897
7660	-1
7661	8671723
7662	-1
7663	8673548
7664	8675374
7665	-1
7666	8677200
7667	-1
7668	8679025
7669	-1
7670	8680851
7671	-1
7672	8682676
7673	-1
7674	8684502
7675	8686328
7676	-1
7677	8688153
7678	-1
7679	8689979
7680	-1
7681	8691804
7682	-1
7683	8693630
7684	8695456
7685	-1
7686	8697281
7687	-1
7688	8699107
7689	-1
7690	8700932
7691	-1
7692	8702758
7693	-1
7694	8704584
7695	8706409
7696	-1
7697	8708235
7698	-1
7699	8710060
7700	-1
7701	8711886
7702	-1
7703	8713712
7704	-1
7705	8715537
7706	8717363
7707	-1
7708	8719188
7709	-1
7710	8721014
7711	-1
7712	8722840
7713	-1
7714	8724665
7715	-1
7716	8726491
7717	8728316
7718	-1
7719	8730142
7720	-1
7721	8731968
7722	-1
7723	8733793
7724	-1
7725	8735619
7726	8737444
7727	-1
7728	8739270
7729	-1
7730	8741096
7731	-1
7732	8742921
7733	-1
7734	8744747
7735	-1
7736	8746572
7737	8748398
7738	-1
7739	8750224
7740	-1
7741	8752049
7742	-1
7743	8753875
7744	-1
7745	8755700
7746	-1
7747	8757526
7748	8759352
7749	-1
7750	8761177
7751	-1
7752	8763003
7753	-1
7754	8764828
7755	-1
7756	8766654
7757	-1
7758	8768480
7759	8770305
7760	-1
7761	8772131
7762	-1
7763	8773956
7764	-1
7765	8775782
7766	-1
7767	8777608
7768	8779433
7769	-1
7770	8781259
7771	-1
7772	8783084
7773	-1
7774	8784910
7775	-1
7776	8786736
7777	-1
7778	8788561
7779	8790387
7780	-1
7781	8792212
7782	-1
7783	8794038
7784	-1
7785	8795864
7786	-1
7787	8797689
7788	-1
7789	8799515
7790	8801340
7791	-1
7792	8803166
7793	-1
7794	8804992
7795	-1
7796	8806817
7797	-1
7798	8808643
7799	-1
7800	8810468
7801	8812294
7802	-1
7803	8814120
7804	-1
7805	8815945
7806	-1
7807	8817771
7808	-1
7809	8819596
7810	8821422
7811	-1
7812	8823248
7813	-1
7814	8825073
7815	-1
7816	8826899
7817	-1
7818	8828724
7819	-1
7820	8830550
7821	8832376
7822	-1
7823	8834201
7824	-1
7825	8836027
7826	-1
7827	8837852
7828	-1
7829	8839678
7830	-1
7831	8841504
7832	8843329
7833	-1
7834	8845155
7835	-1
7836	8846980
7837	-1
7838	8848806
7839	-1
7840	8850632
7841	8852457
7842	-1
7843	8854283
7844	-1
7845	8856108
7846	-1
7847	8857934
7848	-1
7849	8859760
7850	-1
7851	8861585
7852	8863411
7853	-1
7854	8865236
7855	-1
7856	8867062
7857	-1
7858	8868888
7859	-1
7860	8870713
7861	-1
7862	8872539
7863	8874364
7864	-1
7865	8876190
7866	-1
7867	8878016
7868	-1
7869	8879841
7870	-1
7871	8881667
7872	-1
7873	8883492
7874	8885318
7875	-1
7876	8887144
7877	-1
7878	8888969
7879	-1
7880	8890795
7881	-1
7882	8892620
7883	8894446
7884	-1
7885	8896272
7886	-1
7887	8898097
7888	-1
7889	8899923
7890	-1
7891	8901748
7892	-1
7893	8903574
7894	8905400
7895	-1
7896	8907225
7897	-1
7898	8909051
7899	-1
7900	8910876
7901	-1
7902	8912702
7903	-1
7904	8914528
7905	8916353
7906	-1
7907	8918179
7908	-1
7909	8920004
7910	-1
7911	8921830
7912	-1
7913	8923656
7914	-1
7915	8925481
7916	8927307
7917	-1
7918	8929132
7919	-1
7920	8930958
7921	-1
7922	8932784
7923	-1
7924	8934609
7925	8936435
7926	-1
7927	8938260
7928	-1
7929	8940086
7930	-1
7931	8941912
7932	-1
7933	8943737
7934	-1
7935	8945563
7936	8947388
7937	-1
7938	8949214
7939	-1
7940	8951040
7941	-1
7942	8952865
7943	-1
7944	8954691
7945	-1
7946	8956516
7947	8958342
7948	-1
7949	8960168
7950	-1
7951	8961993
7952	-1
7953	8963819
7954	-1
7955	8965644
7956	-1
7957	8967470
7958	8969296
7959	-1
7960	8971121
7961	-1
7962	8972947
7963	-1
7964	8974772
7965	-1
7966	8976598
7967	8978424
7968	-1
7969	8980249
7970	-1
7971	8982075
7972	-1
7973	8983900
7974	-1
7975	8985726
7976	-1
7977	8987552
7978	8989377
7979	-1
7980	8991203
7981	-1
7982	8993028
7983	-1
7984	8994854
7985	-1
7986	8996680
7987	-1
7988	8998505
7989	9000331
7990	-1
7991	9002156
7992	-1
7993	9003982
7994	-1
7995	9005808
7996	-1
7997	9007633
7998	-1
7999	9009459
