0	1010136
1	1012418
2	1014700
3	1016982
4	1019264
5	1021546
6	1023828
7	1026110
8	1028392
9	1030674
10	1032956
11	1035238
12	1037520
13	1039802
14	1042084
15	1044366
16	1046648
17	1048930
18	1051212
19	1053494
20	1055776
21	1058058
22	1060340
23	1062622
24	1064904
25	1067186
26	1069468
27	1071750
28	1074032
29	1076314
30	1078596
31	1080878
32	1083160
33	1085442
34	1087724
35	1090006
36	1092288
37	1094570
38	1096852
39	1099134
40	1101416
41	1103698
42	1105980
43	1108262
44	1110544
45	1112826
46	1115108
47	1117390
48	1119672
49	1121954
50	1124236
51	1126518
52	1128800
53	1131082
54	1133364
55	1135646
56	1137928
57	1140210
58	1142492
59	1144774
60	1147056
61	1149338
62	1151620
63	1153902
64	1156184
65	1158466
66	1160748
67	1163030
68	1165312
69	1167594
70	1169876
71	1172158
72	1174440
73	1176722
74	1179004
75	1181286
76	1183568
77	1185850
78	1188132
79	1190414
80	1192696
81	1194978
82	1197260
83	1199542
84	1201824
85	1204106
86	1206388
87	1208670
88	1210952
89	1213234
90	1215516
91	1217798
92	1220080
93	1222362
94	1224644
95	1226926
96	1229208
97	1231490
98	1233772
99	1236054
100	1238336
101	1240618
102	1242900
103	1245182
104	1247464
105	1249746
106	1252028
107	-1
108	1254310
109	-1
110	1256592
111	-1
112	1258874
113	-1
114	-1
115	1261156
116	-1
117	1263438
118	-1
119	1265720
120	-1
121	1268002
122	-1
123	-1
124	1270284
125	-1
126	1272566
127	-1
128	1274848
129	-1
130	-1
131	1277130
132	-1
133	1279412
134	-1
135	1281694
136	-1
137	1283976
138	-1
139	-1
140	1286258
141	-1
142	1288540
143	-1
144	1290822
145	-1
146	-1
147	1293104
148	-1
149	1295386
150	-1
151	1297668
152	-1
153	1299950
154	-1
155	-1
156	1302232
157	-1
158	1304514
159	-1
160	1306796
161	-1
162	-1
163	1309078
164	-1
165	1311360
166	-1
167	1313642
168	-1
169	1315924
170	-1
171	-1
172	1318206
173	-1
174	1320488
175	-1
176	1322770
177	-1
178	-1
179	1325052
180	-1
181	1327334
182	-1
183	1329616
184	-1
185	1331898
186	-1
187	-1
188	1334180
189	-1
190	1336462
191	-1
192	1338744
193	-1
194	-1
195	1341026
196	-1
197	1343308
198	-1
199	1345590
200	-1
201	1347872
202	-1
203	-1
204	1350154
205	-1
206	1352436
207	-1
208	1354718
209	-1
210	1357000
211	-1
212	-1
213	1359282
214	-1
215	1361564
216	-1
217	1363846
218	-1
219	-1
220	1366128
221	-1
222	1368410
223	-1
224	1370692
225	-1
226	1372974
227	-1
228	-1
229	1375256
230	-1
231	1377538
232	-1
233	1379820
234	-1
235	-1
236	1382102
237	-1
238	1384384
239	-1
240	1386666
241	-1
242	1388948
243	-1
244	-1
245	1391230
246	-1
247	1393512
248	-1
249	1395794
250	-1
251	-1
252	1398076
253	-1
254	1400358
255	-1
256	1402640
257	-1
258	1404922
259	-1
260	-1
261	1407204
262	-1
263	1409486
264	-1
265	1411768
266	-1
267	-1
268	1414050
269	-1
270	1416332
271	-1
272	1418614
273	-1
274	1420896
275	-1
276	-1
277	1423178
278	-1
279	1425460
280	-1
281	1427742
282	-1
283	-1
284	1430024
285	-1
286	1432306
287	-1
288	1434588
289	-1
290	1436870
291	-1
292	-1
293	1439152
294	-1
295	1441434
296	-1
297	1443716
298	-1
299	1445998
300	-1
301	-1
302	1448280
303	-1
304	1450562
305	-1
306	1452844
307	-1
308	-1
309	1455126
310	-1
311	1457408
312	-1
313	1459690
314	-1
315	1461972
316	-1
317	-1
318	1464254
319	-1
320	1466536
321	-1
322	1468818
323	-1
324	-1
325	1471100
326	-1
327	1473382
328	-1
329	1475664
330	-1
331	1477946
332	-1
333	-1
334	1480228
335	-1
336	1482510
337	-1
338	1484792
339	-1
340	-1
341	1487074
342	-1
343	1489356
344	-1
345	1491638
346	-1
347	1493920
348	-1
349	-1
350	1496202
351	-1
352	1498484
353	-1
354	1500766
355	-1
356	-1
357	1503048
358	-1
359	1505330
360	-1
361	1507612
362	-1
363	1509894
364	-1
365	-1
366	1512176
367	-1
368	1514458
369	-1
370	1516740
371	-1
372	-1
373	1519022
374	-1
375	1521304
376	-1
377	1523586
378	-1
379	1525868
380	-1
381	-1
382	1528150
383	-1
384	1530432
385	-1
386	1532714
387	-1
388	1534996
389	-1
390	-1
391	1537278
392	-1
393	1539560
394	-1
395	1541842
396	-1
397	-1
398	1544124
399	-1
400	1546406
401	-1
402	1548688
403	-1
404	1550970
405	-1
406	-1
407	1553252
408	-1
409	1555534
410	-1
411	1557816
412	-1
413	-1
414	1560098
415	-1
416	1562380
417	-1
418	1564662
419	-1
420	1566944
421	-1
422	-1
423	1569226
424	-1
425	1571508
426	-1
427	1573790
428	-1
429	-1
430	1576072
431	-1
432	1578354
433	-1
434	1580636
435	-1
436	1582918
437	-1
438	-1
439	1585200
440	-1
441	1587482
442	-1
443	1589764
444	-1
445	-1
446	1592046
447	-1
448	1594328
449	-1
450	1596610
451	-1
452	1598892
453	-1
454	-1
455	1601174
456	-1
457	1603456
458	-1
459	1605738
460	-1
461	-1
462	1608020
463	-1
464	1610302
465	-1
466	1612584
467	-1
468	1614866
469	-1
470	-1
471	1617148
472	-1
473	1619430
474	-1
475	1621712
476	-1
477	1623994
478	-1
479	-1
480	1626276
481	-1
482	1628558
483	-1
484	1630840
485	-1
486	-1
487	1633122
488	-1
489	1635404
490	-1
491	1637686
492	-1
493	1639968
494	-1
495	-1
496	1642250
497	-1
498	1644532
499	-1
500	1646814
501	-1
502	-1
503	1649096
504	-1
505	1651378
506	-1
507	1653660
508	-1
509	1655942
510	-1
511	-1
512	1658224
513	-1
514	1660506
515	-1
516	1662788
517	-1
518	-1
519	1665070
520	-1
521	1667352
522	-1
523	1669634
524	-1
525	1671916
526	-1
527	-1
528	1674198
529	-1
530	1676480
531	-1
532	1678762
533	-1
534	-1
535	1681044
536	-1
537	1683326
538	-1
539	1685608
540	-1
541	1687890
542	-1
543	-1
544	1690172
545	-1
546	1692454
547	-1
548	1694736
549	-1
550	-1
551	1697018
552	-1
553	1699300
554	-1
555	1701582
556	-1
557	1703864
558	-1
559	-1
560	1706146
561	-1
562	1708428
563	-1
564	1710710
565	-1
566	1712992
567	-1
568	-1
569	1715274
570	-1
571	1717556
572	-1
573	1719838
574	-1
575	-1
576	1722120
577	-1
578	1724402
579	-1
580	1726684
581	-1
582	1728966
583	-1
584	-1
585	1731248
586	-1
587	1733530
588	-1
589	1735812
590	-1
591	-1
592	1738094
593	-1
594	1740376
595	-1
596	1742658
597	-1
598	1744940
599	-1
600	-1
601	1747222
602	-1
603	1749504
604	-1
605	1751786
606	-1
607	-1
608	1754068
609	-1
610	1756350
611	-1
612	1758632
613	-1
614	1760914
615	-1
616	-1
617	1763196
618	-1
619	1765478
620	-1
621	1767760
622	-1
623	-1
624	1770042
625	-1
626	1772324
627	-1
628	1774606
629	-1
630	1776888
631	-1
632	-1
633	1779170
634	-1
635	1781452
636	-1
637	1783734
638	-1
639	-1
640	1786016
641	-1
642	1788298
643	-1
644	1790580
645	-1
646	1792862
647	-1
648	-1
649	1795144
650	-1
651	1797426
652	-1
653	1799708
654	-1
655	1801990
656	-1
657	-1
658	1804272
659	-1
660	1806554
661	-1
662	1808836
663	-1
664	-1
665	1811118
666	-1
667	1813400
668	-1
669	1815682
670	-1
671	1817964
672	-1
673	-1
674	1820246
675	-1
676	1822528
677	-1
678	1824810
679	-1
680	-1
681	1827092
682	-1
683	1829374
684	-1
685	1831656
686	-1
687	1833938
688	-1
689	-1
690	1836220
691	-1
692	1838502
693	-1
694	1840784
695	-1
696	-1
697	1843066
698	-1
699	1845348
700	-1
701	1847630
702	-1
703	1849912
704	-1
705	-1
706	1852194
707	-1
708	1854476
709	-1
710	1856758
711	-1
712	-1
713	1859040
714	-1
715	1861322
716	-1
717	1863604
718	-1
719	1865886
720	-1
721	-1
722	1868168
723	-1
724	1870450
725	-1
726	1872732
727	-1
728	-1
729	1875014
730	-1
731	1877296
732	-1
733	1879578
734	-1
735	1881860
736	-1
737	-1
738	1884142
739	-1
740	1886424
741	-1
742	1888706
743	-1
744	1890988
745	-1
746	-1
747	1893270
748	-1
749	1895552
750	-1
751	1897834
752	-1
753	-1
754	1900116
755	-1
756	1902398
757	-1
758	1904680
759	-1
760	1906962
761	-1
762	-1
763	1909244
764	-1
765	1911526
766	-1
767	1913808
768	-1
769	-1
770	1916090
771	-1
772	1918372
773	-1
774	1920654
775	-1
776	1922936
777	-1
778	-1
779	1925218
780	-1
781	1927500
782	-1
783	1929782
784	-1
785	-1
786	1932064
787	-1
788	1934346
789	-1
790	1936628
791	-1
792	1938910
793	-1
794	-1
795	1941192
796	-1
797	1943474
798	-1
799	1945756
800	-1
801	-1
802	1948038
803	-1
804	1950320
805	-1
806	1952602
807	-1
808	1954884
809	-1
810	-1
811	1957166
812	-1
813	1959448
814	-1
815	1961730
816	-1
817	-1
818	1964012
819	-1
820	1966294
821	-1
822	1968576
823	-1
824	1970858
825	-1
826	-1
827	1973140
828	-1
829	1975422
830	-1
831	1977704
832	-1
833	1979986
834	-1
835	-1
836	1982268
837	-1
838	1984550
839	-1
840	1986832
841	-1
842	-1
843	1989114
844	-1
845	1991396
846	-1
847	1993678
848	-1
849	1995960
850	-1
851	-1
852	1998242
853	-1
854	2000524
855	-1
856	2002806
857	-1
858	-1
859	2005088
860	-1
861	2007370
862	-1
863	2009652
864	-1
865	2011934
866	-1
867	-1
868	2014216
869	-1
870	2016498
871	-1
872	2018780
873	-1
874	-1
875	2021062
876	-1
877	2023344
878	-1
879	2025626
880	-1
881	2027908
882	-1
883	-1
884	2030190
885	-1
886	2032472
887	-1
888	2034754
889	-1
890	-1
891	2037036
892	-1
893	2039318
894	-1
895	2041600
896	-1
897	2043882
898	-1
899	-1
900	2046164
901	-1
902	2048446
903	-1
904	2050728
905	-1
906	-1
907	2053010
908	-1
909	2055292
910	-1
911	2057574
912	-1
913	2059856
914	-1
915	-1
916	2062138
917	-1
918	2064420
919	-1
920	2066702
921	-1
922	2068984
923	-1
924	-1
925	2071266
926	-1
927	2073548
928	-1
929	2075830
930	-1
931	-1
932	2078112
933	-1
934	2080394
935	-1
936	2082676
937	-1
938	2084958
939	-1
940	-1
941	2087240
942	-1
943	2089522
944	-1
945	2091804
946	-1
947	-1
948	2094086
949	-1
950	2096368
951	-1
952	2098650
953	-1
954	2100932
955	-1
956	-1
957	2103214
958	-1
959	2105496
960	-1
961	2107778
962	-1
963	-1
964	2110060
965	-1
966	2112342
967	-1
968	2114624
969	-1
970	2116906
971	-1
972	-1
973	2119188
974	-1
975	2121470
976	-1
977	2123752
978	-1
979	-1
980	2126034
981	-1
982	2128316
983	-1
984	2130598
985	-1
986	2132880
987	-1
988	-1
989	2135162
990	-1
991	2137444
992	-1
993	2139726
994	-1
995	2142008
996	-1
997	-1
998	2144290
999	-1
1000	2146572
1001	-1
1002	2148854
1003	-1
1004	-1
1005	2151136
1006	-1
1007	2153418
1008	-1
1009	2155700
1010	-1
1011	2157982
1012	-1
1013	-1
1014	2160264
1015	-1
1016	2162546
1017	-1
1018	2164828
1019	-1
1020	-1
1021	2167110
1022	-1
1023	2169392
1024	-1
1025	2171674
1026	-1
1027	2173956
1028	-1
1029	-1
1030	2176238
1031	-1
1032	2178520
1033	-1
1034	2180802
1035	-1
1036	-1
1037	2183084
1038	-1
1039	2185366
1040	-1
1041	2187648
1042	-1
1043	2189930
1044	-1
1045	-1
1046	2192212
1047	-1
1048	2194494
1049	-1
1050	2196776
1051	-1
1052	-1
1053	2199058
1054	-1
1055	2201340
1056	-1
1057	2203622
1058	-1
1059	2205904
1060	-1
1061	-1
1062	2208186
1063	-1
1064	2210468
1065	-1
1066	2212750
1067	-1
1068	-1
1069	2215032
1070	-1
1071	2217314
1072	-1
1073	2219596
1074	-1
1075	2221878
1076	-1
1077	-1
1078	2224160
1079	-1
1080	2226442
1081	-1
1082	2228724
1083	-1
1084	2231006
1085	-1
1086	-1
1087	2233288
1088	-1
1089	2235570
1090	-1
1091	2237852
1092	-1
1093	-1
1094	2240134
1095	-1
1096	2242416
1097	-1
1098	2244698
1099	-1
1100	2246980
1101	-1
1102	-1
1103	2249262
1104	-1
1105	2251544
1106	-1
1107	2253826
1108	-1
1109	-1
1110	2256108
1111	-1
1112	2258390
1113	-1
1114	2260672
1115	-1
1116	2262954
1117	-1
1118	-1
1119	2265236
1120	-1
1121	2267518
1122	-1
1123	2269800
1124	-1
1125	-1
1126	2272082
1127	-1
1128	2274364
1129	-1
1130	2276646
1131	-1
1132	2278928
1133	-1
1134	-1
1135	2281210
1136	-1
1137	2283492
1138	-1
1139	2285774
1140	-1
1141	-1
1142	2288056
1143	-1
1144	2290338
1145	-1
1146	2292620
1147	-1
1148	2294902
1149	-1
1150	-1
1151	2297184
1152	-1
1153	2299466
1154	-1
1155	2301748
1156	-1
1157	-1
1158	2304030
1159	-1
1160	2306312
1161	-1
1162	2308594
1163	-1
1164	2310876
1165	-1
1166	-1
1167	2313158
1168	-1
1169	2315440
1170	-1
1171	2317722
1172	-1
1173	2320004
1174	-1
1175	-1
1176	2322286
1177	-1
1178	2324568
1179	-1
1180	2326850
1181	-1
1182	-1
1183	2329132
1184	-1
1185	2331414
1186	-1
1187	2333696
1188	-1
1189	2335978
1190	-1
1191	-1
1192	2338260
1193	-1
1194	2340542
1195	-1
1196	2342824
1197	-1
1198	-1
1199	2345106
1200	-1
1201	2347388
1202	-1
1203	2349670
1204	-1
1205	2351952
1206	-1
1207	-1
1208	2354234
1209	-1
1210	2356516
1211	-1
1212	2358798
1213	-1
1214	-1
1215	2361080
1216	-1
1217	2363362
1218	-1
1219	2365644
1220	-1
1221	2367926
1222	-1
1223	-1
1224	2370208
1225	-1
1226	2372490
1227	-1
1228	2374772
1229	-1
1230	-1
1231	2377054
1232	-1
1233	2379336
1234	-1
1235	2381618
1236	-1
1237	2383900
1238	-1
1239	-1
1240	2386182
1241	-1
1242	2388464
1243	-1
1244	2390746
1245	-1
1246	-1
1247	2393028
1248	-1
1249	2395310
1250	-1
1251	2397592
1252	-1
1253	2399874
1254	-1
1255	-1
1256	2402156
1257	-1
1258	2404438
1259	-1
1260	2406720
1261	-1
1262	2409002
1263	-1
1264	-1
1265	2411284
1266	-1
1267	2413566
1268	-1
1269	2415848
1270	-1
1271	-1
1272	2418130
1273	-1
1274	2420412
1275	-1
1276	2422694
1277	-1
1278	2424976
1279	-1
1280	-1
1281	2427258
1282	-1
1283	2429540
1284	-1
1285	2431822
1286	-1
1287	-1
1288	2434104
1289	-1
1290	2436386
1291	-1
1292	2438668
1293	-1
1294	2440950
1295	-1
1296	-1
1297	2443232
1298	-1
1299	2445514
1300	-1
1301	2447796
1302	-1
1303	-1
1304	2450078
1305	-1
1306	2452360
1307	-1
1308	2454642
1309	-1
1310	2456924
1311	-1
1312	-1
1313	2459206
1314	-1
1315	2461488
1316	-1
1317	2463770
1318	-1
1319	-1
1320	2466052
1321	-1
1322	2468334
1323	-1
1324	2470616
1325	-1
1326	2472898
1327	-1
1328	-1
1329	2475180
1330	-1
1331	2477462
1332	-1
1333	2479744
1334	-1
1335	-1
1336	2482026
1337	-1
1338	2484308
1339	-1
1340	2486590
1341	-1
1342	2488872
1343	-1
1344	-1
1345	2491154
1346	-1
1347	2493436
1348	-1
1349	2495718
1350	-1
1351	2498000
1352	-1
1353	-1
1354	2500282
1355	-1
1356	2502564
1357	-1
1358	2504846
1359	-1
1360	-1
1361	2507128
1362	-1
1363	2509410
1364	-1
1365	2511692
1366	-1
1367	2513974
1368	-1
1369	-1
1370	2516256
1371	-1
1372	2518538
1373	-1
1374	2520820
1375	-1
1376	-1
1377	2523102
1378	-1
1379	2525384
1380	-1
1381	2527666
1382	-1
1383	2529948
1384	-1
1385	-1
1386	2532230
1387	-1
1388	2534512
1389	-1
1390	2536794
1391	-1
1392	-1
1393	2539076
1394	-1
1395	2541358
1396	-1
1397	2543640
1398	-1
1399	2545922
1400	-1
1401	-1
1402	2548204
1403	-1
1404	2550486
1405	-1
1406	2552768
1407	-1
1408	-1
1409	2555050
1410	-1
1411	2557332
1412	-1
1413	2559614
1414	-1
1415	2561896
1416	-1
1417	-1
1418	2564178
1419	-1
1420	2566460
1421	-1
1422	2568742
1423	-1
1424	-1
1425	2571024
1426	-1
1427	2573306
1428	-1
1429	2575588
1430	-1
1431	2577870
1432	-1
1433	-1
1434	2580152
1435	-1
1436	2582434
1437	-1
1438	2584716
1439	-1
1440	2586998
1441	-1
1442	-1
1443	2589280
1444	-1
1445	2591562
1446	-1
1447	2593844
1448	-1
1449	-1
1450	2596126
1451	-1
1452	2598408
1453	-1
1454	2600690
1455	-1
1456	2602972
1457	-1
1458	-1
1459	2605254
1460	-1
1461	2607536
1462	-1
1463	2609818
1464	-1
1465	-1
1466	2612100
1467	-1
1468	2614382
1469	-1
1470	2616664
1471	-1
1472	2618946
1473	-1
1474	-1
1475	2621228
1476	-1
1477	2623510
1478	-1
1479	2625792
1480	-1
1481	-1
1482	2628074
1483	-1
1484	2630356
1485	-1
1486	2632638
1487	-1
1488	2634920
1489	-1
1490	-1
1491	2637202
1492	-1
1493	2639484
1494	-1
1495	2641766
1496	-1
1497	-1
1498	2644048
1499	-1
1500	2646330
1501	-1
1502	2648612
1503	-1
1504	2650894
1505	-1
1506	-1
1507	2653176
1508	-1
1509	2655458
1510	-1
1511	2657740
1512	-1
1513	-1
1514	2660022
1515	-1
1516	2662304
1517	-1
1518	2664586
1519	-1
1520	2666868
1521	-1
1522	-1
1523	2669150
1524	-1
1525	2671432
1526	-1
1527	2673714
1528	-1
1529	2675996
1530	-1
1531	-1
1532	2678278
1533	-1
1534	2680560
1535	-1
1536	2682842
1537	-1
1538	-1
1539	2685124
1540	-1
1541	2687406
1542	-1
1543	2689688
1544	-1
1545	2691970
1546	-1
1547	-1
1548	2694252
1549	-1
1550	2696534
1551	-1
1552	2698816
1553	-1
1554	-1
1555	2701098
1556	-1
1557	2703380
1558	-1
1559	2705662
1560	-1
1561	2707944
1562	-1
1563	-1
1564	2710226
1565	-1
1566	2712508
1567	-1
1568	2714790
1569	-1
1570	-1
1571	2717072
1572	-1
1573	2719354
1574	-1
1575	2721636
1576	-1
1577	2723918
1578	-1
1579	-1
1580	2726200
1581	-1
1582	2728482
1583	-1
1584	2730764
1585	-1
1586	-1
1587	2733046
1588	-1
1589	2735328
1590	-1
1591	2737610
1592	-1
1593	2739892
1594	-1
1595	-1
1596	2742174
1597	-1
1598	2744456
1599	-1
1600	2746738
1601	-1
1602	-1
1603	2749020
1604	-1
1605	2751302
1606	-1
1607	2753584
1608	-1
1609	2755866
1610	-1
1611	-1
1612	2758148
1613	-1
1614	2760430
1615	-1
1616	2762712
1617	-1
1618	2764994
1619	-1
1620	-1
1621	2767276
1622	-1
1623	2769558
1624	-1
1625	2771840
1626	-1
1627	-1
1628	2774122
1629	-1
1630	2776404
1631	-1
1632	2778686
1633	-1
1634	2780968
1635	-1
1636	-1
1637	2783250
1638	-1
1639	2785532
1640	-1
1641	2787814
1642	-1
1643	-1
1644	2790096
1645	-1
1646	2792378
1647	-1
1648	2794660
1649	-1
1650	2796942
1651	-1
1652	-1
1653	2799224
1654	-1
1655	2801506
1656	-1
1657	2803788
1658	-1
1659	-1
1660	2806070
1661	-1
1662	2808352
1663	-1
1664	2810634
1665	-1
1666	2812916
1667	-1
1668	-1
1669	2815198
1670	-1
1671	2817480
1672	-1
1673	2819762
1674	-1
1675	-1
1676	2822044
1677	-1
1678	2824326
1679	-1
1680	2826608
1681	-1
1682	2828890
1683	-1
1684	-1
1685	2831172
1686	-1
1687	2833454
1688	-1
1689	2835736
1690	-1
1691	-1
1692	2838018
1693	-1
1694	2840300
1695	-1
1696	2842582
1697	-1
1698	2844864
1699	-1
1700	-1
1701	2847146
1702	-1
1703	2849428
1704	-1
1705	2851710
1706	-1
1707	2853992
1708	-1
1709	-1
1710	2856274
1711	-1
1712	2858556
1713	-1
1714	2860838
1715	-1
1716	-1
1717	2863120
1718	-1
1719	2865402
1720	-1
1721	2867684
1722	-1
1723	2869966
1724	-1
1725	-1
1726	2872248
1727	-1
1728	2874530
1729	-1
1730	2876812
1731	-1
1732	-1
1733	2879094
1734	-1
1735	2881376
1736	-1
1737	2883658
1738	-1
1739	2885940
1740	-1
1741	-1
1742	2888222
1743	-1
1744	2890504
1745	-1
1746	2892786
1747	-1
1748	-1
1749	2895068
1750	-1
1751	2897350
1752	-1
1753	2899632
1754	-1
1755	2901914
1756	-1
1757	-1
1758	2904196
1759	-1
1760	2906478
1761	-1
1762	2908760
1763	-1
1764	-1
1765	2911042
1766	-1
1767	2913324
1768	-1
1769	2915606
1770	-1
1771	2917888
1772	-1
1773	-1
1774	2920170
1775	-1
1776	2922452
1777	-1
1778	2924734
1779	-1
1780	-1
1781	2927016
1782	-1
1783	2929298
1784	-1
1785	2931580
1786	-1
1787	2933862
1788	-1
1789	-1
1790	2936144
1791	-1
1792	2938426
1793	-1
1794	2940708
1795	-1
1796	2942990
1797	-1
1798	-1
1799	2945272
1800	-1
1801	2947554
1802	-1
1803	2949836
1804	-1
1805	-1
1806	2952118
1807	-1
1808	2954400
1809	-1
1810	2956682
1811	-1
1812	2958964
1813	-1
1814	-1
1815	2961246
1816	-1
1817	2963528
1818	-1
1819	2965810
1820	-1
1821	-1
1822	2968092
1823	-1
1824	2970374
1825	-1
1826	2972656
1827	-1
1828	2974938
1829	-1
1830	-1
1831	2977220
1832	-1
1833	2979502
1834	-1
1835	2981784
1836	-1
1837	-1
1838	2984066
1839	-1
1840	2986348
1841	-1
1842	2988630
1843	-1
1844	2990912
1845	-1
1846	-1
1847	2993194
1848	-1
1849	2995476
1850	-1
1851	2997758
1852	-1
1853	-1
1854	3000040
1855	-1
1856	3002322
1857	-1
1858	3004604
1859	-1
1860	3006886
1861	-1
1862	-1
1863	3009168
1864	-1
1865	3011450
1866	-1
1867	3013732
1868	-1
1869	-1
1870	3016014
1871	-1
1872	3018296
1873	-1
1874	3020578
1875	-1
1876	3022860
1877	-1
1878	-1
1879	3025142
1880	-1
1881	3027424
1882	-1
1883	3029706
1884	-1
1885	3031988
1886	-1
1887	-1
1888	3034270
1889	-1
1890	3036552
1891	-1
1892	3038834
1893	-1
1894	-1
1895	3041116
1896	-1
1897	3043398
1898	-1
1899	3045680
1900	-1
1901	3047962
1902	-1
1903	-1
1904	3050244
1905	-1
1906	3052526
1907	-1
1908	3054808
1909	-1
1910	-1
1911	3057090
1912	-1
1913	3059372
1914	-1
1915	3061654
1916	-1
1917	3063936
1918	-1
1919	-1
1920	3066218
1921	-1
1922	3068500
1923	-1
1924	3070782
1925	-1
1926	-1
1927	3073064
1928	-1
1929	3075346
1930	-1
1931	3077628
1932	-1
1933	3079910
1934	-1
1935	-1
1936	3082192
1937	-1
1938	3084474
1939	-1
1940	3086756
1941	-1
1942	-1
1943	3089038
1944	-1
1945	3091320
1946	-1
1947	3093602
1948	-1
1949	3095884
1950	-1
1951	-1
1952	3098166
1953	-1
1954	3100448
1955	-1
1956	3102730
1957	-1
1958	-1
1959	3105012
1960	-1
1961	3107294
1962	-1
1963	3109576
1964	-1
1965	3111858
1966	-1
1967	-1
1968	3114140
1969	-1
1970	3116422
1971	-1
1972	3118704
1973	-1
1974	3120986
1975	-1
1976	-1
1977	3123268
1978	-1
1979	3125550
1980	-1
1981	3127832
1982	-1
1983	-1
1984	3130114
1985	-1
1986	3132396
1987	-1
1988	3134678
1989	-1
1990	3136960
1991	-1
1992	-1
1993	3139242
1994	-1
1995	3141524
1996	-1
1997	3143806
1998	-1
1999	-1
2000	3146088
2001	-1
2002	3148370
2003	-1
2004	3150652
2005	-1
2006	3152934
2007	-1
2008	-1
2009	3155216
2010	-1
2011	3157498
2012	-1
2013	3159780
2014	-1
2015	-1
2016	3162062
2017	-1
2018	3164344
2019	-1
2020	3166626
2021	-1
2022	3168908
2023	-1
2024	-1
2025	3171190
2026	-1
2027	3173472
2028	-1
2029	3175754
2030	-1
2031	-1
2032	3178036
2033	-1
2034	3180318
2035	-1
2036	3182600
2037	-1
2038	3184882
2039	-1
2040	-1
2041	3187164
2042	-1
2043	3189446
2044	-1
2045	3191728
2046	-1
2047	-1
2048	3194010
2049	-1
2050	3196292
2051	-1
2052	3198574
2053	-1
2054	3200856
2055	-1
2056	-1
2057	3203138
2058	-1
2059	3205420
2060	-1
2061	3207702
2062	-1
2063	3209984
2064	-1
2065	-1
2066	3212266
2067	-1
2068	3214548
2069	-1
2070	3216830
2071	-1
2072	-1
2073	3219112
2074	-1
2075	3221394
2076	-1
2077	3223676
2078	-1
2079	3225958
2080	-1
2081	-1
2082	3228240
2083	-1
2084	3230522
2085	-1
2086	3232804
2087	-1
2088	-1
2089	3235086
2090	-1
2091	3237368
2092	-1
2093	3239650
2094	-1
2095	3241932
2096	-1
2097	-1
2098	3244214
2099	-1
2100	3246496
2101	-1
2102	3248778
2103	-1
2104	-1
2105	3251060
2106	-1
2107	3253342
2108	-1
2109	3255624
2110	-1
2111	3257906
2112	-1
2113	-1
2114	3260188
2115	-1
2116	3262470
2117	-1
2118	3264752
2119	-1
2120	-1
2121	3267034
2122	-1
2123	3269316
2124	-1
2125	3271598
2126	-1
2127	3273880
2128	-1
2129	-1
2130	3276162
2131	-1
2132	3278444
2133	-1
2134	3280726
2135	-1
2136	3283008
2137	-1
2138	-1
2139	3285290
2140	-1
2141	3287572
2142	-1
2143	3289854
2144	-1
2145	-1
2146	3292136
2147	-1
2148	3294418
2149	-1
2150	3296700
2151	-1
2152	3298982
2153	-1
2154	-1
2155	3301264
2156	-1
2157	3303546
2158	-1
2159	3305828
2160	-1
2161	-1
2162	3308110
2163	-1
2164	3310392
2165	-1
2166	3312674
2167	-1
2168	3314956
2169	-1
2170	-1
2171	3317238
2172	-1
2173	3319520
2174	-1
2175	3321802
2176	-1
2177	-1
2178	3324084
2179	-1
2180	3326366
2181	-1
2182	3328648
2183	-1
2184	3330930
2185	-1
2186	-1
2187	3333212
2188	-1
2189	3335494
2190	-1
2191	3337776
2192	-1
2193	-1
2194	3340058
2195	-1
2196	3342340
2197	-1
2198	3344622
2199	-1
2200	3346904
2201	-1
2202	-1
2203	3349186
2204	-1
2205	3351468
2206	-1
2207	3353750
2208	-1
2209	-1
2210	3356032
2211	-1
2212	3358314
2213	-1
2214	3360596
2215	-1
2216	3362878
2217	-1
2218	-1
2219	3365160
2220	-1
2221	3367442
2222	-1
2223	3369724
2224	-1
2225	3372006
2226	-1
2227	-1
2228	3374288
2229	-1
2230	3376570
2231	-1
2232	3378852
2233	-1
2234	-1
2235	3381134
2236	-1
2237	3383416
2238	-1
2239	3385698
2240	-1
2241	3387980
2242	-1
2243	-1
2244	3390262
2245	-1
2246	3392544
2247	-1
2248	3394826
2249	-1
2250	-1
2251	3397108
2252	-1
2253	3399390
2254	-1
2255	3401672
2256	-1
2257	3403954
2258	-1
2259	-1
2260	3406236
2261	-1
2262	3408518
2263	-1
2264	3410800
2265	-1
2266	-1
2267	3413082
2268	-1
2269	3415364
2270	-1
2271	3417646
2272	-1
2273	3419928
2274	-1
2275	-1
2276	3422210
2277	-1
2278	3424492
2279	-1
2280	3426774
2281	-1
2282	-1
2283	3429056
2284	-1
2285	3431338
2286	-1
2287	3433620
2288	-1
2289	3435902
2290	-1
2291	-1
2292	3438184
2293	-1
2294	3440466
2295	-1
2296	3442748
2297	-1
2298	-1
2299	3445030
2300	-1
2301	3447312
2302	-1
2303	3449594
2304	-1
2305	3451876
2306	-1
2307	-1
2308	3454158
2309	-1
2310	3456440
2311	-1
2312	3458722
2313	-1
2314	3461004
2315	-1
2316	-1
2317	3463286
2318	-1
2319	3465568
2320	-1
2321	3467850
2322	-1
2323	-1
2324	3470132
2325	-1
2326	3472414
2327	-1
2328	3474696
2329	-1
2330	3476978
2331	-1
2332	-1
2333	3479260
2334	-1
2335	3481542
2336	-1
2337	3483824
2338	-1
2339	-1
2340	3486106
2341	-1
2342	3488388
2343	-1
2344	3490670
2345	-1
2346	3492952
2347	-1
2348	-1
2349	3495234
2350	-1
2351	3497516
2352	-1
2353	3499798
2354	-1
2355	-1
2356	3502080
2357	-1
2358	3504362
2359	-1
2360	3506644
2361	-1
2362	3508926
2363	-1
2364	-1
2365	3511208
2366	-1
2367	3513490
2368	-1
2369	3515772
2370	-1
2371	-1
2372	3518054
2373	-1
2374	3520336
2375	-1
2376	3522618
2377	-1
2378	3524900
2379	-1
2380	-1
2381	3527182
2382	-1
2383	3529464
2384	-1
2385	3531746
2386	-1
2387	-1
2388	3534028
2389	-1
2390	3536310
2391	-1
2392	3538592
2393	-1
2394	3540874
2395	-1
2396	-1
2397	3543156
2398	-1
2399	3545438
2400	-1
2401	3547720
2402	-1
2403	3550002
2404	-1
2405	-1
2406	3552284
2407	-1
2408	3554566
2409	-1
2410	3556848
2411	-1
2412	-1
2413	3559130
2414	-1
2415	3561412
2416	-1
2417	3563694
2418	-1
2419	3565976
2420	-1
2421	-1
2422	3568258
2423	-1
2424	3570540
2425	-1
2426	3572822
2427	-1
2428	-1
2429	3575104
2430	-1
2431	3577386
2432	-1
2433	3579668
2434	-1
2435	3581950
2436	-1
2437	-1
2438	3584232
2439	-1
2440	3586514
2441	-1
2442	3588796
2443	-1
2444	-1
2445	3591078
2446	-1
2447	3593360
2448	-1
2449	3595642
2450	-1
2451	3597924
2452	-1
2453	-1
2454	3600206
2455	-1
2456	3602488
2457	-1
2458	3604770
2459	-1
2460	-1
2461	3607052
2462	-1
2463	3609334
2464	-1
2465	3611616
2466	-1
2467	3613898
2468	-1
2469	-1
2470	3616180
2471	-1
2472	3618462
2473	-1
2474	3620744
2475	-1
2476	-1
2477	3623026
2478	-1
2479	3625308
2480	-1
2481	3627590
2482	-1
2483	3629872
2484	-1
2485	-1
2486	3632154
2487	-1
2488	3634436
2489	-1
2490	3636718
2491	-1
2492	3639000
2493	-1
2494	-1
2495	3641282
2496	-1
2497	3643564
2498	-1
2499	3645846
2500	-1
2501	-1
2502	3648128
2503	-1
2504	3650410
2505	-1
2506	3652692
2507	-1
2508	3654974
2509	-1
2510	-1
2511	3657256
2512	-1
2513	3659538
2514	-1
2515	3661820
2516	-1
2517	-1
2518	3664102
2519	-1
2520	3666384
2521	-1
2522	3668666
2523	-1
2524	3670948
2525	-1
2526	-1
2527	3673230
2528	-1
2529	3675512
2530	-1
2531	3677794
2532	-1
2533	-1
2534	3680076
2535	-1
2536	3682358
2537	-1
2538	3684640
2539	-1
2540	3686922
2541	-1
2542	-1
2543	3689204
2544	-1
2545	3691486
2546	-1
2547	3693768
2548	-1
2549	-1
2550	3696050
2551	-1
2552	3698332
2553	-1
2554	3700614
2555	-1
2556	3702896
2557	-1
2558	-1
2559	3705178
2560	-1
2561	3707460
2562	-1
2563	3709742
2564	-1
2565	-1
2566	3712024
2567	-1
2568	3714306
2569	-1
2570	3716588
2571	-1
2572	3718870
2573	-1
2574	-1
2575	3721152
2576	-1
2577	3723434
2578	-1
2579	3725716
2580	-1
2581	3727998
2582	-1
2583	-1
2584	3730280
2585	-1
2586	3732562
2587	-1
2588	3734844
2589	-1
2590	-1
2591	3737126
2592	-1
2593	3739408
2594	-1
2595	3741690
2596	-1
2597	3743972
2598	-1
2599	-1
2600	3746254
2601	-1
2602	3748536
2603	-1
2604	3750818
2605	-1
2606	-1
2607	3753100
2608	-1
2609	3755382
2610	-1
2611	3757664
2612	-1
2613	3759946
2614	-1
2615	-1
2616	3762228
2617	-1
2618	3764510
2619	-1
2620	3766792
2621	-1
2622	-1
2623	3769074
2624	-1
2625	3771356
2626	-1
2627	3773638
2628	-1
2629	3775920
2630	-1
2631	-1
2632	3778202
2633	-1
2634	3780484
2635	-1
2636	3782766
2637	-1
2638	-1
2639	3785048
2640	-1
2641	3787330
2642	-1
2643	3789612
2644	-1
2645	3791894
2646	-1
2647	-1
2648	3794176
2649	-1
2650	3796458
2651	-1
2652	3798740
2653	-1
2654	-1
2655	3801022
2656	-1
2657	3803304
2658	-1
2659	3805586
2660	-1
2661	3807868
2662	-1
2663	-1
2664	3810150
2665	-1
2666	3812432
2667	-1
2668	3814714
2669	-1
2670	3816996
2671	-1
2672	-1
2673	3819278
2674	-1
2675	3821560
2676	-1
2677	3823842
2678	-1
2679	-1
2680	3826124
2681	-1
2682	3828406
2683	-1
2684	3830688
2685	-1
2686	3832970
2687	-1
2688	-1
2689	3835252
2690	-1
2691	3837534
2692	-1
2693	3839816
2694	-1
2695	-1
2696	3842098
2697	-1
2698	3844380
2699	-1
2700	3846662
2701	-1
2702	3848944
2703	-1
2704	-1
2705	3851226
2706	-1
2707	3853508
2708	-1
2709	3855790
2710	-1
2711	-1
2712	3858072
2713	-1
2714	3860354
2715	-1
2716	3862636
2717	-1
2718	3864918
2719	-1
2720	-1
2721	3867200
2722	-1
2723	3869482
2724	-1
2725	3871764
2726	-1
2727	-1
2728	3874046
2729	-1
2730	3876328
2731	-1
2732	3878610
2733	-1
2734	3880892
2735	-1
2736	-1
2737	3883174
2738	-1
2739	3885456
2740	-1
2741	3887738
2742	-1
2743	-1
2744	3890020
2745	-1
2746	3892302
2747	-1
2748	3894584
2749	-1
2750	3896866
2751	-1
2752	-1
2753	3899148
2754	-1
2755	3901430
2756	-1
2757	3903712
2758	-1
2759	3905994
2760	-1
2761	-1
2762	3908276
2763	-1
2764	3910558
2765	-1
2766	3912840
2767	-1
2768	-1
2769	3915122
2770	-1
2771	3917404
2772	-1
2773	3919686
2774	-1
2775	3921968
2776	-1
2777	-1
2778	3924250
2779	-1
2780	3926532
2781	-1
2782	3928814
2783	-1
2784	-1
2785	3931096
2786	-1
2787	3933378
2788	-1
2789	3935660
2790	-1
2791	3937942
2792	-1
2793	-1
2794	3940224
2795	-1
2796	3942506
2797	-1
2798	3944788
2799	-1
2800	-1
2801	3947070
2802	-1
2803	3949352
2804	-1
2805	3951634
2806	-1
2807	3953916
2808	-1
2809	-1
2810	3956198
2811	-1
2812	3958480
2813	-1
2814	3960762
2815	-1
2816	-1
2817	3963044
2818	-1
2819	3965326
2820	-1
2821	3967608
2822	-1
2823	3969890
2824	-1
2825	-1
2826	3972172
2827	-1
2828	3974454
2829	-1
2830	3976736
2831	-1
2832	-1
2833	3979018
2834	-1
2835	3981300
2836	-1
2837	3983582
2838	-1
2839	3985864
2840	-1
2841	-1
2842	3988146
2843	-1
2844	3990428
2845	-1
2846	3992710
2847	-1
2848	3994992
2849	-1
2850	-1
2851	3997274
2852	-1
2853	3999556
2854	-1
2855	4001838
2856	-1
2857	-1
2858	4004120
2859	-1
2860	4006402
2861	-1
2862	4008684
2863	-1
2864	4010966
2865	-1
2866	-1
2867	4013248
2868	-1
2869	4015530
2870	-1
2871	4017812
2872	-1
2873	-1
2874	4020094
2875	-1
2876	4022376
2877	-1
2878	4024658
2879	-1
2880	4026940
2881	-1
2882	-1
2883	4029222
2884	-1
2885	4031504
2886	-1
2887	4033786
2888	-1
2889	-1
2890	4036068
2891	-1
2892	4038350
2893	-1
2894	4040632
2895	-1
2896	4042914
2897	-1
2898	-1
2899	4045196
2900	-1
2901	4047478
2902	-1
2903	4049760
2904	-1
2905	-1
2906	4052042
2907	-1
2908	4054324
2909	-1
2910	4056606
2911	-1
2912	4058888
2913	-1
2914	-1
2915	4061170
2916	-1
2917	4063452
2918	-1
2919	4065734
2920	-1
2921	-1
2922	4068016
2923	-1
2924	4070298
2925	-1
2926	4072580
2927	-1
2928	4074862
2929	-1
2930	-1
2931	4077144
2932	-1
2933	4079426
2934	-1
2935	4081708
2936	-1
2937	4083990
2938	-1
2939	-1
2940	4086272
2941	-1
2942	4088554
2943	-1
2944	4090836
2945	-1
2946	-1
2947	4093118
2948	-1
2949	4095400
2950	-1
2951	4097682
2952	-1
2953	4099964
2954	-1
2955	-1
2956	4102246
2957	-1
2958	4104528
2959	-1
2960	4106810
2961	-1
2962	-1
2963	4109092
2964	-1
2965	4111374
2966	-1
2967	4113656
2968	-1
2969	4115938
2970	-1
2971	-1
2972	4118220
2973	-1
2974	4120502
2975	-1
2976	4122784
2977	-1
2978	-1
2979	4125066
2980	-1
2981	4127348
2982	-1
2983	4129630
2984	-1
2985	4131912
2986	-1
2987	-1
2988	4134194
2989	-1
2990	4136476
2991	-1
2992	4138758
2993	-1
2994	-1
2995	4141040
2996	-1
2997	4143322
2998	-1
2999	4145604
3000	-1
3001	4147886
3002	-1
3003	-1
3004	4150168
3005	-1
3006	4152450
3007	-1
3008	4154732
3009	-1
3010	-1
3011	4157014
3012	-1
3013	4159296
3014	-1
3015	4161578
3016	-1
3017	4163860
3018	-1
3019	-1
3020	4166142
3021	-1
3022	4168424
3023	-1
3024	4170706
3025	-1
3026	4172988
3027	-1
3028	-1
3029	4175270
3030	-1
3031	4177552
3032	-1
3033	4179834
3034	-1
3035	-1
3036	4182116
3037	-1
3038	4184398
3039	-1
3040	4186680
3041	-1
3042	4188962
3043	-1
3044	-1
3045	4191244
3046	-1
3047	4193526
3048	-1
3049	4195808
3050	-1
3051	-1
3052	4198090
3053	-1
3054	4200372
3055	-1
3056	4202654
3057	-1
3058	4204936
3059	-1
3060	-1
3061	4207218
3062	-1
3063	4209500
3064	-1
3065	4211782
3066	-1
3067	-1
3068	4214064
3069	-1
3070	4216346
3071	-1
3072	4218628
3073	-1
3074	4220910
3075	-1
3076	-1
3077	4223192
3078	-1
3079	4225474
3080	-1
3081	4227756
3082	-1
3083	-1
3084	4230038
3085	-1
3086	4232320
3087	-1
3088	4234602
3089	-1
3090	4236884
3091	-1
3092	-1
3093	4239166
3094	-1
3095	4241448
3096	-1
3097	4243730
3098	-1
3099	-1
3100	4246012
3101	-1
3102	4248294
3103	-1
3104	4250576
3105	-1
3106	4252858
3107	-1
3108	-1
3109	4255140
3110	-1
3111	4257422
3112	-1
3113	4259704
3114	-1
3115	4261986
3116	-1
3117	-1
3118	4264268
3119	-1
3120	4266550
3121	-1
3122	4268832
3123	-1
3124	-1
3125	4271114
3126	-1
3127	4273396
3128	-1
3129	4275678
3130	-1
3131	4277960
3132	-1
3133	-1
3134	4280242
3135	-1
3136	4282524
3137	-1
3138	4284806
3139	-1
3140	-1
3141	4287088
3142	-1
3143	4289370
3144	-1
3145	4291652
3146	-1
3147	4293934
3148	-1
3149	-1
3150	4296216
3151	-1
3152	4298498
3153	-1
3154	4300780
3155	-1
3156	-1
3157	4303062
3158	-1
3159	4305344
3160	-1
3161	4307626
3162	-1
3163	4309908
3164	-1
3165	-1
3166	4312190
3167	-1
3168	4314472
3169	-1
3170	4316754
3171	-1
3172	-1
3173	4319036
3174	-1
3175	4321318
3176	-1
3177	4323600
3178	-1
3179	4325882
3180	-1
3181	-1
3182	4328164
3183	-1
3184	4330446
3185	-1
3186	4332728
3187	-1
3188	-1
3189	4335010
3190	-1
3191	4337292
3192	-1
3193	4339574
3194	-1
3195	4341856
3196	-1
3197	-1
3198	4344138
3199	-1
3200	4346420
3201	-1
3202	4348702
3203	-1
3204	4350984
3205	-1
3206	-1
3207	4353266
3208	-1
3209	4355548
3210	-1
3211	4357830
3212	-1
3213	-1
3214	4360112
3215	-1
3216	4362394
3217	-1
3218	4364676
3219	-1
3220	4366958
3221	-1
3222	-1
3223	4369240
3224	-1
3225	4371522
3226	-1
3227	4373804
3228	-1
3229	-1
3230	4376086
3231	-1
3232	4378368
3233	-1
3234	4380650
3235	-1
3236	4382932
3237	-1
3238	-1
3239	4385214
3240	-1
3241	4387496
3242	-1
3243	4389778
3244	-1
3245	-1
3246	4392060
3247	-1
3248	4394342
3249	-1
3250	4396624
3251	-1
3252	4398906
3253	-1
3254	-1
3255	4401188
3256	-1
3257	4403470
3258	-1
3259	4405752
3260	-1
3261	-1
3262	4408034
3263	-1
3264	4410316
3265	-1
3266	4412598
3267	-1
3268	4414880
3269	-1
3270	-1
3271	4417162
3272	-1
3273	4419444
3274	-1
3275	4421726
3276	-1
3277	4424008
3278	-1
3279	-1
3280	4426290
3281	-1
3282	4428572
3283	-1
3284	4430854
3285	-1
3286	-1
3287	4433136
3288	-1
3289	4435418
3290	-1
3291	4437700
3292	-1
3293	4439982
3294	-1
3295	-1
3296	4442264
3297	-1
3298	4444546
3299	-1
3300	4446828
3301	-1
3302	-1
3303	4449110
3304	-1
3305	4451392
3306	-1
3307	4453674
3308	-1
3309	4455956
3310	-1
3311	-1
3312	4458238
3313	-1
3314	4460520
3315	-1
3316	4462802
3317	-1
3318	-1
3319	4465084
3320	-1
3321	4467366
3322	-1
3323	4469648
3324	-1
3325	4471930
3326	-1
3327	-1
3328	4474212
3329	-1
3330	4476494
3331	-1
3332	4478776
3333	-1
3334	-1
3335	4481058
3336	-1
3337	4483340
3338	-1
3339	4485622
3340	-1
3341	4487904
3342	-1
3343	-1
3344	4490186
3345	-1
3346	4492468
3347	-1
3348	4494750
3349	-1
3350	-1
3351	4497032
3352	-1
3353	4499314
3354	-1
3355	4501596
3356	-1
3357	4503878
3358	-1
3359	-1
3360	4506160
3361	-1
3362	4508442
3363	-1
3364	4510724
3365	-1
3366	4513006
3367	-1
3368	-1
3369	4515288
3370	-1
3371	4517570
3372	-1
3373	4519852
3374	-1
3375	-1
3376	4522134
3377	-1
3378	4524416
3379	-1
3380	4526698
3381	-1
3382	4528980
3383	-1
3384	-1
3385	4531262
3386	-1
3387	4533544
3388	-1
3389	4535826
3390	-1
3391	-1
3392	4538108
3393	-1
3394	4540390
3395	-1
3396	4542672
3397	-1
3398	4544954
3399	-1
3400	-1
3401	4547236
3402	-1
3403	4549518
3404	-1
3405	4551800
3406	-1
3407	-1
3408	4554082
3409	-1
3410	4556364
3411	-1
3412	4558646
3413	-1
3414	4560928
3415	-1
3416	-1
3417	4563210
3418	-1
3419	4565492
3420	-1
3421	4567774
3422	-1
3423	-1
3424	4570056
3425	-1
3426	4572338
3427	-1
3428	4574620
3429	-1
3430	4576902
3431	-1
3432	-1
3433	4579184
3434	-1
3435	4581466
3436	-1
3437	4583748
3438	-1
3439	-1
3440	4586030
3441	-1
3442	4588312
3443	-1
3444	4590594
3445	-1
3446	4592876
3447	-1
3448	-1
3449	4595158
3450	-1
3451	4597440
3452	-1
3453	4599722
3454	-1
3455	4602004
3456	-1
3457	-1
3458	4604286
3459	-1
3460	4606568
3461	-1
3462	4608850
3463	-1
3464	-1
3465	4611132
3466	-1
3467	4613414
3468	-1
3469	4615696
3470	-1
3471	4617978
3472	-1
3473	-1
3474	4620260
3475	-1
3476	4622542
3477	-1
3478	4624824
3479	-1
3480	-1
3481	4627106
3482	-1
3483	4629388
3484	-1
3485	4631670
3486	-1
3487	4633952
3488	-1
3489	-1
3490	4636234
3491	-1
3492	4638516
3493	-1
3494	4640798
3495	-1
3496	-1
3497	4643080
3498	-1
3499	4645362
3500	-1
3501	4647644
3502	-1
3503	4649926
3504	-1
3505	-1
3506	4652208
3507	-1
3508	4654490
3509	-1
3510	4656772
3511	-1
3512	-1
3513	4659054
3514	-1
3515	4661336
3516	-1
3517	4663618
3518	-1
3519	4665900
3520	-1
3521	-1
3522	4668182
3523	-1
3524	4670464
3525	-1
3526	4672746
3527	-1
3528	-1
3529	4675028
3530	-1
3531	4677310
3532	-1
3533	4679592
3534	-1
3535	4681874
3536	-1
3537	-1
3538	4684156
3539	-1
3540	4686438
3541	-1
3542	4688720
3543	-1
3544	4691002
3545	-1
3546	-1
3547	4693284
3548	-1
3549	4695566
3550	-1
3551	4697848
3552	-1
3553	-1
3554	4700130
3555	-1
3556	4702412
3557	-1
3558	4704694
3559	-1
3560	4706976
3561	-1
3562	-1
3563	4709258
3564	-1
3565	4711540
3566	-1
3567	4713822
3568	-1
3569	-1
3570	4716104
3571	-1
3572	4718386
3573	-1
3574	4720668
3575	-1
3576	4722950
3577	-1
3578	-1
3579	4725232
3580	-1
3581	4727514
3582	-1
3583	4729796
3584	-1
3585	-1
3586	4732078
3587	-1
3588	4734360
3589	-1
3590	4736642
3591	-1
3592	4738924
3593	-1
3594	-1
3595	4741206
3596	-1
3597	4743488
3598	-1
3599	4745770
3600	-1
3601	-1
3602	4748052
3603	-1
3604	4750334
3605	-1
3606	4752616
3607	-1
3608	4754898
3609	-1
3610	-1
3611	4757180
3612	-1
3613	4759462
3614	-1
3615	4761744
3616	-1
3617	-1
3618	4764026
3619	-1
3620	4766308
3621	-1
3622	4768590
3623	-1
3624	4770872
3625	-1
3626	-1
3627	4773154
3628	-1
3629	4775436
3630	-1
3631	4777718
3632	-1
3633	4780000
3634	-1
3635	-1
3636	4782282
3637	-1
3638	4784564
3639	-1
3640	4786846
3641	-1
3642	-1
3643	4789128
3644	-1
3645	4791410
3646	-1
3647	4793692
3648	-1
3649	4795974
3650	-1
3651	-1
3652	4798256
3653	-1
3654	4800538
3655	-1
3656	4802820
3657	-1
3658	-1
3659	4805102
3660	-1
3661	4807384
3662	-1
3663	4809666
3664	-1
3665	4811948
3666	-1
3667	-1
3668	4814230
3669	-1
3670	4816512
3671	-1
3672	4818794
3673	-1
3674	-1
3675	4821076
3676	-1
3677	4823358
3678	-1
3679	4825640
3680	-1
3681	4827922
3682	-1
3683	-1
3684	4830204
3685	-1
3686	4832486
3687	-1
3688	4834768
3689	-1
3690	-1
3691	4837050
3692	-1
3693	4839332
3694	-1
3695	4841614
3696	-1
3697	4843896
3698	-1
3699	-1
3700	4846178
3701	-1
3702	4848460
3703	-1
3704	4850742
3705	-1
3706	-1
3707	4853024
3708	-1
3709	4855306
3710	-1
3711	4857588
3712	-1
3713	4859870
3714	-1
3715	-1
3716	4862152
3717	-1
3718	4864434
3719	-1
3720	4866716
3721	-1
3722	4868998
3723	-1
3724	-1
3725	4871280
3726	-1
3727	4873562
3728	-1
3729	4875844
3730	-1
3731	-1
3732	4878126
3733	-1
3734	4880408
3735	-1
3736	4882690
3737	-1
3738	4884972
3739	-1
3740	-1
3741	4887254
3742	-1
3743	4889536
3744	-1
3745	4891818
3746	-1
3747	-1
3748	4894100
3749	-1
3750	4896382
3751	-1
3752	4898664
3753	-1
3754	4900946
3755	-1
3756	-1
3757	4903228
3758	-1
3759	4905510
3760	-1
3761	4907792
3762	-1
3763	-1
3764	4910074
3765	-1
3766	4912356
3767	-1
3768	4914638
3769	-1
3770	4916920
3771	-1
3772	-1
3773	4919202
3774	-1
3775	4921484
3776	-1
3777	4923766
3778	-1
3779	-1
3780	4926048
3781	-1
3782	4928330
3783	-1
3784	4930612
3785	-1
3786	4932894
3787	-1
3788	-1
3789	4935176
3790	-1
3791	4937458
3792	-1
3793	4939740
3794	-1
3795	-1
3796	4942022
3797	-1
3798	4944304
3799	-1
3800	4946586
3801	-1
3802	4948868
3803	-1
3804	-1
3805	4951150
3806	-1
3807	4953432
3808	-1
3809	4955714
3810	-1
3811	4957996
3812	-1
3813	-1
3814	4960278
3815	-1
3816	4962560
3817	-1
3818	4964842
3819	-1
3820	-1
3821	4967124
3822	-1
3823	4969406
3824	-1
3825	4971688
3826	-1
3827	4973970
3828	-1
3829	-1
3830	4976252
3831	-1
3832	4978534
3833	-1
3834	4980816
3835	-1
3836	-1
3837	4983098
3838	-1
3839	4985380
3840	-1
3841	4987662
3842	-1
3843	4989944
3844	-1
3845	-1
3846	4992226
3847	-1
3848	4994508
3849	-1
3850	4996790
3851	-1
3852	-1
3853	4999072
3854	-1
3855	5001354
3856	-1
3857	5003636
3858	-1
3859	5005918
3860	-1
3861	-1
3862	5008200
3863	-1
3864	5010482
3865	-1
3866	5012764
3867	-1
3868	-1
3869	5015046
3870	-1
3871	5017328
3872	-1
3873	5019610
3874	-1
3875	5021892
3876	-1
3877	-1
3878	5024174
3879	-1
3880	5026456
3881	-1
3882	5028738
3883	-1
3884	-1
3885	5031020
3886	-1
3887	5033302
3888	-1
3889	5035584
3890	-1
3891	5037866
3892	-1
3893	-1
3894	5040148
3895	-1
3896	5042430
3897	-1
3898	5044712
3899	-1
3900	5046994
3901	-1
3902	-1
3903	5049276
3904	-1
3905	5051558
3906	-1
3907	5053840
3908	-1
3909	-1
3910	5056122
3911	-1
3912	5058404
3913	-1
3914	5060686
3915	-1
3916	5062968
3917	-1
3918	-1
3919	5065250
3920	-1
3921	5067532
3922	-1
3923	5069814
3924	-1
3925	-1
3926	5072096
3927	-1
3928	5074378
3929	-1
3930	5076660
3931	-1
3932	5078942
3933	-1
3934	-1
3935	5081224
3936	-1
3937	5083506
3938	-1
3939	5085788
3940	-1
3941	-1
3942	5088070
3943	-1
3944	5090352
3945	-1
3946	5092634
3947	-1
3948	5094916
3949	-1
3950	-1
3951	5097198
3952	-1
3953	5099480
3954	-1
3955	5101762
3956	-1
3957	-1
3958	5104044
3959	-1
3960	5106326
3961	-1
3962	5108608
3963	-1
3964	5110890
3965	-1
3966	-1
3967	5113172
3968	-1
3969	5115454
3970	-1
3971	5117736
3972	-1
3973	-1
3974	5120018
3975	-1
3976	5122300
3977	-1
3978	5124582
3979	-1
3980	5126864
3981	-1
3982	-1
3983	5129146
3984	-1
3985	5131428
3986	-1
3987	5133710
3988	-1
3989	5135992
3990	-1
3991	-1
3992	5138274
3993	-1
3994	5140556
3995	-1
3996	5142838
3997	-1
3998	-1
3999	5145120
4000	-1
4001	5147402
4002	-1
4003	5149684
4004	-1
4005	5151966
4006	-1
4007	-1
4008	5154248
4009	-1
4010	5156530
4011	-1
4012	5158812
4013	-1
4014	-1
4015	5161094
4016	-1
4017	5163376
4018	-1
4019	5165658
4020	-1
4021	5167940
4022	-1
4023	-1
4024	5170222
4025	-1
4026	5172504
4027	-1
4028	5174786
4029	-1
4030	-1
4031	5177068
4032	-1
4033	5179350
4034	-1
4035	5181632
4036	-1
4037	5183914
4038	-1
4039	-1
4040	5186196
4041	-1
4042	5188478
4043	-1
4044	5190760
4045	-1
4046	-1
4047	5193042
4048	-1
4049	5195324
4050	-1
4051	5197606
4052	-1
4053	5199888
4054	-1
4055	-1
4056	5202170
4057	-1
4058	5204452
4059	-1
4060	5206734
4061	-1
4062	-1
4063	5209016
4064	-1
4065	5211298
4066	-1
4067	5213580
4068	-1
4069	5215862
4070	-1
4071	-1
4072	5218144
4073	-1
4074	5220426
4075	-1
4076	5222708
4077	-1
4078	5224990
4079	-1
4080	-1
4081	5227272
4082	-1
4083	5229554
4084	-1
4085	5231836
4086	-1
4087	-1
4088	5234118
4089	-1
4090	5236400
4091	-1
4092	5238682
4093	-1
4094	5240964
4095	-1
4096	-1
4097	5243246
4098	-1
4099	5245528
4100	-1
4101	5247810
4102	-1
4103	-1
4104	5250092
4105	-1
4106	5252374
4107	-1
4108	5254656
4109	-1
4110	5256938
4111	-1
4112	-1
4113	5259220
4114	-1
4115	5261502
4116	-1
4117	5263784
4118	-1
4119	-1
4120	5266066
4121	-1
4122	5268348
4123	-1
4124	5270630
4125	-1
4126	5272912
4127	-1
4128	-1
4129	5275194
4130	-1
4131	5277476
4132	-1
4133	5279758
4134	-1
4135	-1
4136	5282040
4137	-1
4138	5284322
4139	-1
4140	5286604
4141	-1
4142	5288886
4143	-1
4144	-1
4145	5291168
4146	-1
4147	5293450
4148	-1
4149	5295732
4150	-1
4151	-1
4152	5298014
4153	-1
4154	5300296
4155	-1
4156	5302578
4157	-1
4158	5304860
4159	-1
4160	-1
4161	5307142
4162	-1
4163	5309424
4164	-1
4165	5311706
4166	-1
4167	5313988
4168	-1
4169	-1
4170	5316270
4171	-1
4172	5318552
4173	-1
4174	5320834
4175	-1
4176	-1
4177	5323116
4178	-1
4179	5325398
4180	-1
4181	5327680
4182	-1
4183	5329962
4184	-1
4185	-1
4186	5332244
4187	-1
4188	5334526
4189	-1
4190	5336808
4191	-1
4192	-1
4193	5339090
4194	-1
4195	5341372
4196	-1
4197	5343654
4198	-1
4199	5345936
4200	-1
4201	-1
4202	5348218
4203	-1
4204	5350500
4205	-1
4206	5352782
4207	-1
4208	-1
4209	5355064
4210	-1
4211	5357346
4212	-1
4213	5359628
4214	-1
4215	5361910
4216	-1
4217	-1
4218	5364192
4219	-1
4220	5366474
4221	-1
4222	5368756
4223	-1
4224	-1
4225	5371038
4226	-1
4227	5373320
4228	-1
4229	5375602
4230	-1
4231	5377884
4232	-1
4233	-1
4234	5380166
4235	-1
4236	5382448
4237	-1
4238	5384730
4239	-1
4240	-1
4241	5387012
4242	-1
4243	5389294
4244	-1
4245	5391576
4246	-1
4247	5393858
4248	-1
4249	-1
4250	5396140
4251	-1
4252	5398422
4253	-1
4254	5400704
4255	-1
4256	5402986
4257	-1
4258	-1
4259	5405268
4260	-1
4261	5407550
4262	-1
4263	5409832
4264	-1
4265	-1
4266	5412114
4267	-1
4268	5414396
4269	-1
4270	5416678
4271	-1
4272	5418960
4273	-1
4274	-1
4275	5421242
4276	-1
4277	5423524
4278	-1
4279	5425806
4280	-1
4281	-1
4282	5428088
4283	-1
4284	5430370
4285	-1
4286	5432652
4287	-1
4288	5434934
4289	-1
4290	-1
4291	5437216
4292	-1
4293	5439498
4294	-1
4295	5441780
4296	-1
4297	-1
4298	5444062
4299	-1
4300	5446344
4301	-1
4302	5448626
4303	-1
4304	5450908
4305	-1
4306	-1
4307	5453190
4308	-1
4309	5455472
4310	-1
4311	5457754
4312	-1
4313	-1
4314	5460036
4315	-1
4316	5462318
4317	-1
4318	5464600
4319	-1
4320	5466882
4321	-1
4322	-1
4323	5469164
4324	-1
4325	5471446
4326	-1
4327	5473728
4328	-1
4329	-1
4330	5476010
4331	-1
4332	5478292
4333	-1
4334	5480574
4335	-1
4336	5482856
4337	-1
4338	-1
4339	5485138
4340	-1
4341	5487420
4342	-1
4343	5489702
4344	-1
4345	5491984
4346	-1
4347	-1
4348	5494266
4349	-1
4350	5496548
4351	-1
4352	5498830
4353	-1
4354	-1
4355	5501112
4356	-1
4357	5503394
4358	-1
4359	5505676
4360	-1
4361	5507958
4362	-1
4363	-1
4364	5510240
4365	-1
4366	5512522
4367	-1
4368	5514804
4369	-1
4370	-1
4371	5517086
4372	-1
4373	5519368
4374	-1
4375	5521650
4376	-1
4377	5523932
4378	-1
4379	-1
4380	5526214
4381	-1
4382	5528496
4383	-1
4384	5530778
4385	-1
4386	-1
4387	5533060
4388	-1
4389	5535342
4390	-1
4391	5537624
4392	-1
4393	5539906
4394	-1
4395	-1
4396	5542188
4397	-1
4398	5544470
4399	-1
4400	5546752
4401	-1
4402	-1
4403	5549034
4404	-1
4405	5551316
4406	-1
4407	5553598
4408	-1
4409	5555880
4410	-1
4411	-1
4412	5558162
4413	-1
4414	5560444
4415	-1
4416	5562726
4417	-1
4418	5565008
4419	-1
4420	-1
4421	5567290
4422	-1
4423	5569572
4424	-1
4425	5571854
4426	-1
4427	-1
4428	5574136
4429	-1
4430	5576418
4431	-1
4432	5578700
4433	-1
4434	5580982
4435	-1
4436	-1
4437	5583264
4438	-1
4439	5585546
4440	-1
4441	5587828
4442	-1
4443	-1
4444	5590110
4445	-1
4446	5592392
4447	-1
4448	5594674
4449	-1
4450	5596956
4451	-1
4452	-1
4453	5599238
4454	-1
4455	5601520
4456	-1
4457	5603802
4458	-1
4459	-1
4460	5606084
4461	-1
4462	5608366
4463	-1
4464	5610648
4465	-1
4466	5612930
4467	-1
4468	-1
4469	5615212
4470	-1
4471	5617494
4472	-1
4473	5619776
4474	-1
4475	-1
4476	5622058
4477	-1
4478	5624340
4479	-1
4480	5626622
4481	-1
4482	5628904
4483	-1
4484	-1
4485	5631186
4486	-1
4487	5633468
4488	-1
4489	5635750
4490	-1
4491	-1
4492	5638032
4493	-1
4494	5640314
4495	-1
4496	5642596
4497	-1
4498	5644878
4499	-1
4500	-1
4501	5647160
4502	-1
4503	5649442
4504	-1
4505	5651724
4506	-1
4507	5654006
4508	-1
4509	-1
4510	5656288
4511	-1
4512	5658570
4513	-1
4514	5660852
4515	-1
4516	-1
4517	5663134
4518	-1
4519	5665416
4520	-1
4521	5667698
4522	-1
4523	5669980
4524	-1
4525	-1
4526	5672262
4527	-1
4528	5674544
4529	-1
4530	5676826
4531	-1
4532	-1
4533	5679108
4534	-1
4535	5681390
4536	-1
4537	5683672
4538	-1
4539	5685954
4540	-1
4541	-1
4542	5688236
4543	-1
4544	5690518
4545	-1
4546	5692800
4547	-1
4548	-1
4549	5695082
4550	-1
4551	5697364
4552	-1
4553	5699646
4554	-1
4555	5701928
4556	-1
4557	-1
4558	5704210
4559	-1
4560	5706492
4561	-1
4562	5708774
4563	-1
4564	-1
4565	5711056
4566	-1
4567	5713338
4568	-1
4569	5715620
4570	-1
4571	5717902
4572	-1
4573	-1
4574	5720184
4575	-1
4576	5722466
4577	-1
4578	5724748
4579	-1
4580	-1
4581	5727030
4582	-1
4583	5729312
4584	-1
4585	5731594
4586	-1
4587	5733876
4588	-1
4589	-1
4590	5736158
4591	-1
4592	5738440
4593	-1
4594	5740722
4595	-1
4596	5743004
4597	-1
4598	-1
4599	5745286
4600	-1
4601	5747568
4602	-1
4603	5749850
4604	-1
4605	-1
4606	5752132
4607	-1
4608	5754414
4609	-1
4610	5756696
4611	-1
4612	5758978
4613	-1
4614	-1
4615	5761260
4616	-1
4617	5763542
4618	-1
4619	5765824
4620	-1
4621	-1
4622	5768106
4623	-1
4624	5770388
4625	-1
4626	5772670
4627	-1
4628	5774952
4629	-1
4630	-1
4631	5777234
4632	-1
4633	5779516
4634	-1
4635	5781798
4636	-1
4637	-1
4638	5784080
4639	-1
4640	5786362
4641	-1
4642	5788644
4643	-1
4644	5790926
4645	-1
4646	-1
4647	5793208
4648	-1
4649	5795490
4650	-1
4651	5797772
4652	-1
4653	-1
4654	5800054
4655	-1
4656	5802336
4657	-1
4658	5804618
4659	-1
4660	5806900
4661	-1
4662	-1
4663	5809182
4664	-1
4665	5811464
4666	-1
4667	5813746
4668	-1
4669	-1
4670	5816028
4671	-1
4672	5818310
4673	-1
4674	5820592
4675	-1
4676	5822874
4677	-1
4678	-1
4679	5825156
4680	-1
4681	5827438
4682	-1
4683	5829720
4684	-1
4685	5832002
4686	-1
4687	-1
4688	5834284
4689	-1
4690	5836566
4691	-1
4692	5838848
4693	-1
4694	-1
4695	5841130
4696	-1
4697	5843412
4698	-1
4699	5845694
4700	-1
4701	5847976
4702	-1
4703	-1
4704	5850258
4705	-1
4706	5852540
4707	-1
4708	5854822
4709	-1
4710	-1
4711	5857104
4712	-1
4713	5859386
4714	-1
4715	5861668
4716	-1
4717	5863950
4718	-1
4719	-1
4720	5866232
4721	-1
4722	5868514
4723	-1
4724	5870796
4725	-1
4726	-1
4727	5873078
4728	-1
4729	5875360
4730	-1
4731	5877642
4732	-1
4733	5879924
4734	-1
4735	-1
4736	5882206
4737	-1
4738	5884488
4739	-1
4740	5886770
4741	-1
4742	-1
4743	5889052
4744	-1
4745	5891334
4746	-1
4747	5893616
4748	-1
4749	5895898
4750	-1
4751	-1
4752	5898180
4753	-1
4754	5900462
4755	-1
4756	5902744
4757	-1
4758	-1
4759	5905026
4760	-1
4761	5907308
4762	-1
4763	5909590
4764	-1
4765	5911872
4766	-1
4767	-1
4768	5914154
4769	-1
4770	5916436
4771	-1
4772	5918718
4773	-1
4774	5921000
4775	-1
4776	-1
4777	5923282
4778	-1
4779	5925564
4780	-1
4781	5927846
4782	-1
4783	-1
4784	5930128
4785	-1
4786	5932410
4787	-1
4788	5934692
4789	-1
4790	5936974
4791	-1
4792	-1
4793	5939256
4794	-1
4795	5941538
4796	-1
4797	5943820
4798	-1
4799	-1
4800	5946102
4801	-1
4802	5948384
4803	-1
4804	5950666
4805	-1
4806	5952948
4807	-1
4808	-1
4809	5955230
4810	-1
4811	5957512
4812	-1
4813	5959794
4814	-1
4815	-1
4816	5962076
4817	-1
4818	5964358
4819	-1
4820	5966640
4821	-1
4822	5968922
4823	-1
4824	-1
4825	5971204
4826	-1
4827	5973486
4828	-1
4829	5975768
4830	-1
4831	-1
4832	5978050
4833	-1
4834	5980332
4835	-1
4836	5982614
4837	-1
4838	5984896
4839	-1
4840	-1
4841	5987178
4842	-1
4843	5989460
4844	-1
4845	5991742
4846	-1
4847	-1
4848	5994024
4849	-1
4850	5996306
4851	-1
4852	5998588
4853	-1
4854	6000870
4855	-1
4856	-1
4857	6003152
4858	-1
4859	6005434
4860	-1
4861	6007716
4862	-1
4863	6009998
4864	-1
4865	-1
4866	6012280
4867	-1
4868	6014562
4869	-1
4870	6016844
4871	-1
4872	-1
4873	6019126
4874	-1
4875	6021408
4876	-1
4877	6023690
4878	-1
4879	6025972
4880	-1
4881	-1
4882	6028254
4883	-1
4884	6030536
4885	-1
4886	6032818
4887	-1
4888	-1
4889	6035100
4890	-1
4891	6037382
4892	-1
4893	6039664
4894	-1
4895	6041946
4896	-1
4897	-1
4898	6044228
4899	-1
4900	6046510
4901	-1
4902	6048792
4903	-1
4904	-1
4905	6051074
4906	-1
4907	6053356
4908	-1
4909	6055638
4910	-1
4911	6057920
4912	-1
4913	-1
4914	6060202
4915	-1
4916	6062484
4917	-1
4918	6064766
4919	-1
4920	-1
4921	6067048
4922	-1
4923	6069330
4924	-1
4925	6071612
4926	-1
4927	6073894
4928	-1
4929	-1
4930	6076176
4931	-1
4932	6078458
4933	-1
4934	6080740
4935	-1
4936	-1
4937	6083022
4938	-1
4939	6085304
4940	-1
4941	6087586
4942	-1
4943	6089868
4944	-1
4945	-1
4946	6092150
4947	-1
4948	6094432
4949	-1
4950	6096714
4951	-1
4952	6098996
4953	-1
4954	-1
4955	6101278
4956	-1
4957	6103560
4958	-1
4959	6105842
4960	-1
4961	-1
4962	6108124
4963	-1
4964	6110406
4965	-1
4966	6112688
4967	-1
4968	6114970
4969	-1
4970	-1
4971	6117252
4972	-1
4973	6119534
4974	-1
4975	6121816
4976	-1
4977	-1
4978	6124098
4979	-1
4980	6126380
4981	-1
4982	6128662
4983	-1
4984	6130944
4985	-1
4986	-1
4987	6133226
4988	-1
4989	6135508
4990	-1
4991	6137790
4992	-1
4993	-1
4994	6140072
4995	-1
4996	6142354
4997	-1
4998	6144636
4999	-1
5000	6146918
5001	-1
5002	-1
5003	6149200
5004	-1
5005	6151482
5006	-1
5007	6153764
5008	-1
5009	-1
5010	6156046
5011	-1
5012	6158328
5013	-1
5014	6160610
5015	-1
5016	6162892
5017	-1
5018	-1
5019	6165174
5020	-1
5021	6167456
5022	-1
5023	6169738
5024	-1
5025	-1
5026	6172020
5027	-1
5028	6174302
5029	-1
5030	6176584
5031	-1
5032	6178866
5033	-1
5034	-1
5035	6181148
5036	-1
5037	6183430
5038	-1
5039	6185712
5040	-1
5041	6187994
5042	-1
5043	-1
5044	6190276
5045	-1
5046	6192558
5047	-1
5048	6194840
5049	-1
5050	-1
5051	6197122
5052	-1
5053	6199404
5054	-1
5055	6201686
5056	-1
5057	6203968
5058	-1
5059	-1
5060	6206250
5061	-1
5062	6208532
5063	-1
5064	6210814
5065	-1
5066	-1
5067	6213096
5068	-1
5069	6215378
5070	-1
5071	6217660
5072	-1
5073	6219942
5074	-1
5075	-1
5076	6222224
5077	-1
5078	6224506
5079	-1
5080	6226788
5081	-1
5082	-1
5083	6229070
5084	-1
5085	6231352
5086	-1
5087	6233634
5088	-1
5089	6235916
5090	-1
5091	-1
5092	6238198
5093	-1
5094	6240480
5095	-1
5096	6242762
5097	-1
5098	-1
5099	6245044
5100	-1
5101	6247326
5102	-1
5103	6249608
5104	-1
5105	6251890
5106	-1
5107	-1
5108	6254172
5109	-1
5110	6256454
5111	-1
5112	6258736
5113	-1
5114	-1
5115	6261018
5116	-1
5117	6263300
5118	-1
5119	6265582
5120	-1
5121	6267864
5122	-1
5123	-1
5124	6270146
5125	-1
5126	6272428
5127	-1
5128	6274710
5129	-1
5130	6276992
5131	-1
5132	-1
5133	6279274
5134	-1
5135	6281556
5136	-1
5137	6283838
5138	-1
5139	-1
5140	6286120
5141	-1
5142	6288402
5143	-1
5144	6290684
5145	-1
5146	6292966
5147	-1
5148	-1
5149	6295248
5150	-1
5151	6297530
5152	-1
5153	6299812
5154	-1
5155	-1
5156	6302094
5157	-1
5158	6304376
5159	-1
5160	6306658
5161	-1
5162	6308940
5163	-1
5164	-1
5165	6311222
5166	-1
5167	6313504
5168	-1
5169	6315786
5170	-1
5171	-1
5172	6318068
5173	-1
5174	6320350
5175	-1
5176	6322632
5177	-1
5178	6324914
5179	-1
5180	-1
5181	6327196
5182	-1
5183	6329478
5184	-1
5185	6331760
5186	-1
5187	-1
5188	6334042
5189	-1
5190	6336324
5191	-1
5192	6338606
5193	-1
5194	6340888
5195	-1
5196	-1
5197	6343170
5198	-1
5199	6345452
5200	-1
5201	6347734
5202	-1
5203	-1
5204	6350016
5205	-1
5206	6352298
5207	-1
5208	6354580
5209	-1
5210	6356862
5211	-1
5212	-1
5213	6359144
5214	-1
5215	6361426
5216	-1
5217	6363708
5218	-1
5219	6365990
5220	-1
5221	-1
5222	6368272
5223	-1
5224	6370554
5225	-1
5226	6372836
5227	-1
5228	-1
5229	6375118
5230	-1
5231	6377400
5232	-1
5233	6379682
5234	-1
5235	6381964
5236	-1
5237	-1
5238	6384246
5239	-1
5240	6386528
5241	-1
5242	6388810
5243	-1
5244	-1
5245	6391092
5246	-1
5247	6393374
5248	-1
5249	6395656
5250	-1
5251	6397938
5252	-1
5253	-1
5254	6400220
5255	-1
5256	6402502
5257	-1
5258	6404784
5259	-1
5260	-1
5261	6407066
5262	-1
5263	6409348
5264	-1
5265	6411630
5266	-1
5267	6413912
5268	-1
5269	-1
5270	6416194
5271	-1
5272	6418476
5273	-1
5274	6420758
5275	-1
5276	-1
5277	6423040
5278	-1
5279	6425322
5280	-1
5281	6427604
5282	-1
5283	6429886
5284	-1
5285	-1
5286	6432168
5287	-1
5288	6434450
5289	-1
5290	6436732
5291	-1
5292	-1
5293	6439014
5294	-1
5295	6441296
5296	-1
5297	6443578
5298	-1
5299	6445860
5300	-1
5301	-1
5302	6448142
5303	-1
5304	6450424
5305	-1
5306	6452706
5307	-1
5308	6454988
5309	-1
5310	-1
5311	6457270
5312	-1
5313	6459552
5314	-1
5315	6461834
5316	-1
5317	-1
5318	6464116
5319	-1
5320	6466398
5321	-1
5322	6468680
5323	-1
5324	6470962
5325	-1
5326	-1
5327	6473244
5328	-1
5329	6475526
5330	-1
5331	6477808
5332	-1
5333	-1
5334	6480090
5335	-1
5336	6482372
5337	-1
5338	6484654
5339	-1
5340	6486936
5341	-1
5342	-1
5343	6489218
5344	-1
5345	6491500
5346	-1
5347	6493782
5348	-1
5349	-1
5350	6496064
5351	-1
5352	6498346
5353	-1
5354	6500628
5355	-1
5356	6502910
5357	-1
5358	-1
5359	6505192
5360	-1
5361	6507474
5362	-1
5363	6509756
5364	-1
5365	-1
5366	6512038
5367	-1
5368	6514320
5369	-1
5370	6516602
5371	-1
5372	6518884
5373	-1
5374	-1
5375	6521166
5376	-1
5377	6523448
5378	-1
5379	6525730
5380	-1
5381	-1
5382	6528012
5383	-1
5384	6530294
5385	-1
5386	6532576
5387	-1
5388	6534858
5389	-1
5390	-1
5391	6537140
5392	-1
5393	6539422
5394	-1
5395	6541704
5396	-1
5397	6543986
5398	-1
5399	-1
5400	6546268
5401	-1
5402	6548550
5403	-1
5404	6550832
5405	-1
5406	-1
5407	6553114
5408	-1
5409	6555396
5410	-1
5411	6557678
5412	-1
5413	6559960
5414	-1
5415	-1
5416	6562242
5417	-1
5418	6564524
5419	-1
5420	6566806
5421	-1
5422	-1
5423	6569088
5424	-1
5425	6571370
5426	-1
5427	6573652
5428	-1
5429	6575934
5430	-1
5431	-1
5432	6578216
5433	-1
5434	6580498
5435	-1
5436	6582780
5437	-1
5438	-1
5439	6585062
5440	-1
5441	6587344
5442	-1
5443	6589626
5444	-1
5445	6591908
5446	-1
5447	-1
5448	6594190
5449	-1
5450	6596472
5451	-1
5452	6598754
5453	-1
5454	-1
5455	6601036
5456	-1
5457	6603318
5458	-1
5459	6605600
5460	-1
5461	6607882
5462	-1
5463	-1
5464	6610164
5465	-1
5466	6612446
5467	-1
5468	6614728
5469	-1
5470	-1
5471	6617010
5472	-1
5473	6619292
5474	-1
5475	6621574
5476	-1
5477	6623856
5478	-1
5479	-1
5480	6626138
5481	-1
5482	6628420
5483	-1
5484	6630702
5485	-1
5486	6632984
5487	-1
5488	-1
5489	6635266
5490	-1
5491	6637548
5492	-1
5493	6639830
5494	-1
5495	-1
5496	6642112
5497	-1
5498	6644394
5499	-1
5500	6646676
5501	-1
5502	6648958
5503	-1
5504	-1
5505	6651240
5506	-1
5507	6653522
5508	-1
5509	6655804
5510	-1
5511	-1
5512	6658086
5513	-1
5514	6660368
5515	-1
5516	6662650
5517	-1
5518	6664932
5519	-1
5520	-1
5521	6667214
5522	-1
5523	6669496
5524	-1
5525	6671778
5526	-1
5527	-1
5528	6674060
5529	-1
5530	6676342
5531	-1
5532	6678624
5533	-1
5534	6680906
5535	-1
5536	-1
5537	6683188
5538	-1
5539	6685470
5540	-1
5541	6687752
5542	-1
5543	-1
5544	6690034
5545	-1
5546	6692316
5547	-1
5548	6694598
5549	-1
5550	6696880
5551	-1
5552	-1
5553	6699162
5554	-1
5555	6701444
5556	-1
5557	6703726
5558	-1
5559	6706008
5560	-1
5561	-1
5562	6708290
5563	-1
5564	6710572
5565	-1
5566	6712854
5567	-1
5568	-1
5569	6715136
5570	-1
5571	6717418
5572	-1
5573	6719700
5574	-1
5575	6721982
5576	-1
5577	-1
5578	6724264
5579	-1
5580	6726546
5581	-1
5582	6728828
5583	-1
5584	-1
5585	6731110
5586	-1
5587	6733392
5588	-1
5589	6735674
5590	-1
5591	6737956
5592	-1
5593	-1
5594	6740238
5595	-1
5596	6742520
5597	-1
5598	6744802
5599	-1
5600	-1
5601	6747084
5602	-1
5603	6749366
5604	-1
5605	6751648
5606	-1
5607	6753930
5608	-1
5609	-1
5610	6756212
5611	-1
5612	6758494
5613	-1
5614	6760776
5615	-1
5616	-1
5617	6763058
5618	-1
5619	6765340
5620	-1
5621	6767622
5622	-1
5623	6769904
5624	-1
5625	-1
5626	6772186
5627	-1
5628	6774468
5629	-1
5630	6776750
5631	-1
5632	-1
5633	6779032
5634	-1
5635	6781314
5636	-1
5637	6783596
5638	-1
5639	6785878
5640	-1
5641	-1
5642	6788160
5643	-1
5644	6790442
5645	-1
5646	6792724
5647	-1
5648	6795006
5649	-1
5650	-1
5651	6797288
5652	-1
5653	6799570
5654	-1
5655	6801852
5656	-1
5657	-1
5658	6804134
5659	-1
5660	6806416
5661	-1
5662	6808698
5663	-1
5664	6810980
5665	-1
5666	-1
5667	6813262
5668	-1
5669	6815544
5670	-1
5671	6817826
5672	-1
5673	-1
5674	6820108
5675	-1
5676	6822390
5677	-1
5678	6824672
5679	-1
5680	6826954
5681	-1
5682	-1
5683	6829236
5684	-1
5685	6831518
5686	-1
5687	6833800
5688	-1
5689	-1
5690	6836082
5691	-1
5692	6838364
5693	-1
5694	6840646
5695	-1
5696	6842928
5697	-1
5698	-1
5699	6845210
5700	-1
5701	6847492
5702	-1
5703	6849774
5704	-1
5705	-1
5706	6852056
5707	-1
5708	6854338
5709	-1
5710	6856620
5711	-1
5712	6858902
5713	-1
5714	-1
5715	6861184
5716	-1
5717	6863466
5718	-1
5719	6865748
5720	-1
5721	-1
5722	6868030
5723	-1
5724	6870312
5725	-1
5726	6872594
5727	-1
5728	6874876
5729	-1
5730	-1
5731	6877158
5732	-1
5733	6879440
5734	-1
5735	6881722
5736	-1
5737	6884004
5738	-1
5739	-1
5740	6886286
5741	-1
5742	6888568
5743	-1
5744	6890850
5745	-1
5746	-1
5747	6893132
5748	-1
5749	6895414
5750	-1
5751	6897696
5752	-1
5753	6899978
5754	-1
5755	-1
5756	6902260
5757	-1
5758	6904542
5759	-1
5760	6906824
5761	-1
5762	-1
5763	6909106
5764	-1
5765	6911388
5766	-1
5767	6913670
5768	-1
5769	6915952
5770	-1
5771	-1
5772	6918234
5773	-1
5774	6920516
5775	-1
5776	6922798
5777	-1
5778	-1
5779	6925080
5780	-1
5781	6927362
5782	-1
5783	6929644
5784	-1
5785	6931926
5786	-1
5787	-1
5788	6934208
5789	-1
5790	6936490
5791	-1
5792	6938772
5793	-1
5794	-1
5795	6941054
5796	-1
5797	6943336
5798	-1
5799	6945618
5800	-1
5801	6947900
5802	-1
5803	-1
5804	6950182
5805	-1
5806	6952464
5807	-1
5808	6954746
5809	-1
5810	-1
5811	6957028
5812	-1
5813	6959310
5814	-1
5815	6961592
5816	-1
5817	6963874
5818	-1
5819	-1
5820	6966156
5821	-1
5822	6968438
5823	-1
5824	6970720
5825	-1
5826	6973002
5827	-1
5828	-1
5829	6975284
5830	-1
5831	6977566
5832	-1
5833	6979848
5834	-1
5835	-1
5836	6982130
5837	-1
5838	6984412
5839	-1
5840	6986694
5841	-1
5842	6988976
5843	-1
5844	-1
5845	6991258
5846	-1
5847	6993540
5848	-1
5849	6995822
5850	-1
5851	-1
5852	6998104
5853	-1
5854	7000386
5855	-1
5856	7002668
5857	-1
5858	7004950
5859	-1
5860	-1
5861	7007232
5862	-1
5863	7009514
5864	-1
5865	7011796
5866	-1
5867	-1
5868	7014078
5869	-1
5870	7016360
5871	-1
5872	7018642
5873	-1
5874	7020924
5875	-1
5876	-1
5877	7023206
5878	-1
5879	7025488
5880	-1
5881	7027770
5882	-1
5883	-1
5884	7030052
5885	-1
5886	7032334
5887	-1
5888	7034616
5889	-1
5890	7036898
5891	-1
5892	-1
5893	7039180
5894	-1
5895	7041462
5896	-1
5897	7043744
5898	-1
5899	-1
5900	7046026
5901	-1
5902	7048308
5903	-1
5904	7050590
5905	-1
5906	7052872
5907	-1
5908	-1
5909	7055154
5910	-1
5911	7057436
5912	-1
5913	7059718
5914	-1
5915	7062000
5916	-1
5917	-1
5918	7064282
5919	-1
5920	7066564
5921	-1
5922	7068846
5923	-1
5924	-1
5925	7071128
5926	-1
5927	7073410
5928	-1
5929	7075692
5930	-1
5931	7077974
5932	-1
5933	-1
5934	7080256
5935	-1
5936	7082538
5937	-1
5938	7084820
5939	-1
5940	-1
5941	7087102
5942	-1
5943	7089384
5944	-1
5945	7091666
5946	-1
5947	7093948
5948	-1
5949	-1
5950	7096230
5951	-1
5952	7098512
5953	-1
5954	7100794
5955	-1
5956	-1
5957	7103076
5958	-1
5959	7105358
5960	-1
5961	7107640
5962	-1
5963	7109922
5964	-1
5965	-1
5966	7112204
5967	-1
5968	7114486
5969	-1
5970	7116768
5971	-1
5972	-1
5973	7119050
5974	-1
5975	7121332
5976	-1
5977	7123614
5978	-1
5979	7125896
5980	-1
5981	-1
5982	7128178
5983	-1
5984	7130460
5985	-1
5986	7132742
5987	-1
5988	-1
5989	7135024
5990	-1
5991	7137306
5992	-1
5993	7139588
5994	-1
5995	7141870
5996	-1
5997	-1
5998	7144152
5999	-1
6000	7146434
6001	-1
6002	7148716
6003	-1
6004	7150998
6005	-1
6006	-1
6007	7153280
6008	-1
6009	7155562
6010	-1
6011	7157844
6012	-1
6013	-1
6014	7160126
6015	-1
6016	7162408
6017	-1
6018	7164690
6019	-1
6020	7166972
6021	-1
6022	-1
6023	7169254
6024	-1
6025	7171536
6026	-1
6027	7173818
6028	-1
6029	-1
6030	7176100
6031	-1
6032	7178382
6033	-1
6034	7180664
6035	-1
6036	7182946
6037	-1
6038	-1
6039	7185228
6040	-1
6041	7187510
6042	-1
6043	7189792
6044	-1
6045	-1
6046	7192074
6047	-1
6048	7194356
6049	-1
6050	7196638
6051	-1
6052	7198920
6053	-1
6054	-1
6055	7201202
6056	-1
6057	7203484
6058	-1
6059	7205766
6060	-1
6061	-1
6062	7208048
6063	-1
6064	7210330
6065	-1
6066	7212612
6067	-1
6068	7214894
6069	-1
6070	-1
6071	7217176
6072	-1
6073	7219458
6074	-1
6075	7221740
6076	-1
6077	-1
6078	7224022
6079	-1
6080	7226304
6081	-1
6082	7228586
6083	-1
6084	7230868
6085	-1
6086	-1
6087	7233150
6088	-1
6089	7235432
6090	-1
6091	7237714
6092	-1
6093	7239996
6094	-1
6095	-1
6096	7242278
6097	-1
6098	7244560
6099	-1
6100	7246842
6101	-1
6102	-1
6103	7249124
6104	-1
6105	7251406
6106	-1
6107	7253688
6108	-1
6109	7255970
6110	-1
6111	-1
6112	7258252
6113	-1
6114	7260534
6115	-1
6116	7262816
6117	-1
6118	-1
6119	7265098
6120	-1
6121	7267380
6122	-1
6123	7269662
6124	-1
6125	7271944
6126	-1
6127	-1
6128	7274226
6129	-1
6130	7276508
6131	-1
6132	7278790
6133	-1
6134	-1
6135	7281072
6136	-1
6137	7283354
6138	-1
6139	7285636
6140	-1
6141	7287918
6142	-1
6143	-1
6144	7290200
6145	-1
6146	7292482
6147	-1
6148	7294764
6149	-1
6150	-1
6151	7297046
6152	-1
6153	7299328
6154	-1
6155	7301610
6156	-1
6157	7303892
6158	-1
6159	-1
6160	7306174
6161	-1
6162	7308456
6163	-1
6164	7310738
6165	-1
6166	-1
6167	7313020
6168	-1
6169	7315302
6170	-1
6171	7317584
6172	-1
6173	7319866
6174	-1
6175	-1
6176	7322148
6177	-1
6178	7324430
6179	-1
6180	7326712
6181	-1
6182	7328994
6183	-1
6184	-1
6185	7331276
6186	-1
6187	7333558
6188	-1
6189	7335840
6190	-1
6191	-1
6192	7338122
6193	-1
6194	7340404
6195	-1
6196	7342686
6197	-1
6198	7344968
6199	-1
6200	-1
6201	7347250
6202	-1
6203	7349532
6204	-1
6205	7351814
6206	-1
6207	-1
6208	7354096
6209	-1
6210	7356378
6211	-1
6212	7358660
6213	-1
6214	7360942
6215	-1
6216	-1
6217	7363224
6218	-1
6219	7365506
6220	-1
6221	7367788
6222	-1
6223	-1
6224	7370070
6225	-1
6226	7372352
6227	-1
6228	7374634
6229	-1
6230	7376916
6231	-1
6232	-1
6233	7379198
6234	-1
6235	7381480
6236	-1
6237	7383762
6238	-1
6239	-1
6240	7386044
6241	-1
6242	7388326
6243	-1
6244	7390608
6245	-1
6246	7392890
6247	-1
6248	-1
6249	7395172
6250	-1
6251	7397454
6252	-1
6253	7399736
6254	-1
6255	-1
6256	7402018
6257	-1
6258	7404300
6259	-1
6260	7406582
6261	-1
6262	7408864
6263	-1
6264	-1
6265	7411146
6266	-1
6267	7413428
6268	-1
6269	7415710
6270	-1
6271	7417992
6272	-1
6273	-1
6274	7420274
6275	-1
6276	7422556
6277	-1
6278	7424838
6279	-1
6280	-1
6281	7427120
6282	-1
6283	7429402
6284	-1
6285	7431684
6286	-1
6287	7433966
6288	-1
6289	-1
6290	7436248
6291	-1
6292	7438530
6293	-1
6294	7440812
6295	-1
6296	-1
6297	7443094
6298	-1
6299	7445376
6300	-1
6301	7447658
6302	-1
6303	7449940
6304	-1
6305	-1
6306	7452222
6307	-1
6308	7454504
6309	-1
6310	7456786
6311	-1
6312	-1
6313	7459068
6314	-1
6315	7461350
6316	-1
6317	7463632
6318	-1
6319	7465914
6320	-1
6321	-1
6322	7468196
6323	-1
6324	7470478
6325	-1
6326	7472760
6327	-1
6328	-1
6329	7475042
6330	-1
6331	7477324
6332	-1
6333	7479606
6334	-1
6335	7481888
6336	-1
6337	-1
6338	7484170
6339	-1
6340	7486452
6341	-1
6342	7488734
6343	-1
6344	-1
6345	7491016
6346	-1
6347	7493298
6348	-1
6349	7495580
6350	-1
6351	7497862
6352	-1
6353	-1
6354	7500144
6355	-1
6356	7502426
6357	-1
6358	7504708
6359	-1
6360	7506990
6361	-1
6362	-1
6363	7509272
6364	-1
6365	7511554
6366	-1
6367	7513836
6368	-1
6369	-1
6370	7516118
6371	-1
6372	7518400
6373	-1
6374	7520682
6375	-1
6376	7522964
6377	-1
6378	-1
6379	7525246
6380	-1
6381	7527528
6382	-1
6383	7529810
6384	-1
6385	-1
6386	7532092
6387	-1
6388	7534374
6389	-1
6390	7536656
6391	-1
6392	7538938
6393	-1
6394	-1
6395	7541220
6396	-1
6397	7543502
6398	-1
6399	7545784
6400	-1
6401	-1
6402	7548066
6403	-1
6404	7550348
6405	-1
6406	7552630
6407	-1
6408	7554912
6409	-1
6410	-1
6411	7557194
6412	-1
6413	7559476
6414	-1
6415	7561758
6416	-1
6417	-1
6418	7564040
6419	-1
6420	7566322
6421	-1
6422	7568604
6423	-1
6424	7570886
6425	-1
6426	-1
6427	7573168
6428	-1
6429	7575450
6430	-1
6431	7577732
6432	-1
6433	-1
6434	7580014
6435	-1
6436	7582296
6437	-1
6438	7584578
6439	-1
6440	7586860
6441	-1
6442	-1
6443	7589142
6444	-1
6445	7591424
6446	-1
6447	7593706
6448	-1
6449	7595988
6450	-1
6451	-1
6452	7598270
6453	-1
6454	7600552
6455	-1
6456	7602834
6457	-1
6458	-1
6459	7605116
6460	-1
6461	7607398
6462	-1
6463	7609680
6464	-1
6465	7611962
6466	-1
6467	-1
6468	7614244
6469	-1
6470	7616526
6471	-1
6472	7618808
6473	-1
6474	-1
6475	7621090
6476	-1
6477	7623372
6478	-1
6479	7625654
6480	-1
6481	7627936
6482	-1
6483	-1
6484	7630218
6485	-1
6486	7632500
6487	-1
6488	7634782
6489	-1
6490	-1
6491	7637064
6492	-1
6493	7639346
6494	-1
6495	7641628
6496	-1
6497	7643910
6498	-1
6499	-1
6500	7646192
6501	-1
6502	7648474
6503	-1
6504	7650756
6505	-1
6506	-1
6507	7653038
6508	-1
6509	7655320
6510	-1
6511	7657602
6512	-1
6513	7659884
6514	-1
6515	-1
6516	7662166
6517	-1
6518	7664448
6519	-1
6520	7666730
6521	-1
6522	-1
6523	7669012
6524	-1
6525	7671294
6526	-1
6527	7673576
6528	-1
6529	7675858
6530	-1
6531	-1
6532	7678140
6533	-1
6534	7680422
6535	-1
6536	7682704
6537	-1
6538	7684986
6539	-1
6540	-1
6541	7687268
6542	-1
6543	7689550
6544	-1
6545	7691832
6546	-1
6547	-1
6548	7694114
6549	-1
6550	7696396
6551	-1
6552	7698678
6553	-1
6554	7700960
6555	-1
6556	-1
6557	7703242
6558	-1
6559	7705524
6560	-1
6561	7707806
6562	-1
6563	-1
6564	7710088
6565	-1
6566	7712370
6567	-1
6568	7714652
6569	-1
6570	7716934
6571	-1
6572	-1
6573	7719216
6574	-1
6575	7721498
6576	-1
6577	7723780
6578	-1
6579	-1
6580	7726062
6581	-1
6582	7728344
6583	-1
6584	7730626
6585	-1
6586	7732908
6587	-1
6588	-1
6589	7735190
6590	-1
6591	7737472
6592	-1
6593	7739754
6594	-1
6595	-1
6596	7742036
6597	-1
6598	7744318
6599	-1
6600	7746600
6601	-1
6602	7748882
6603	-1
6604	-1
6605	7751164
6606	-1
6607	7753446
6608	-1
6609	7755728
6610	-1
6611	-1
6612	7758010
6613	-1
6614	7760292
6615	-1
6616	7762574
6617	-1
6618	7764856
6619	-1
6620	-1
6621	7767138
6622	-1
6623	7769420
6624	-1
6625	7771702
6626	-1
6627	7773984
6628	-1
6629	-1
6630	7776266
6631	-1
6632	7778548
6633	-1
6634	7780830
6635	-1
6636	-1
6637	7783112
6638	-1
6639	7785394
6640	-1
6641	7787676
6642	-1
6643	7789958
6644	-1
6645	-1
6646	7792240
6647	-1
6648	7794522
6649	-1
6650	7796804
6651	-1
6652	-1
6653	7799086
6654	-1
6655	7801368
6656	-1
6657	7803650
6658	-1
6659	7805932
6660	-1
6661	-1
6662	7808214
6663	-1
6664	7810496
6665	-1
6666	7812778
6667	-1
6668	-1
6669	7815060
6670	-1
6671	7817342
6672	-1
6673	7819624
6674	-1
6675	7821906
6676	-1
6677	-1
6678	7824188
6679	-1
6680	7826470
6681	-1
6682	7828752
6683	-1
6684	-1
6685	7831034
6686	-1
6687	7833316
6688	-1
6689	7835598
6690	-1
6691	7837880
6692	-1
6693	-1
6694	7840162
6695	-1
6696	7842444
6697	-1
6698	7844726
6699	-1
6700	7847008
6701	-1
6702	-1
6703	7849290
6704	-1
6705	7851572
6706	-1
6707	7853854
6708	-1
6709	-1
6710	7856136
6711	-1
6712	7858418
6713	-1
6714	7860700
6715	-1
6716	7862982
6717	-1
6718	-1
6719	7865264
6720	-1
6721	7867546
6722	-1
6723	7869828
6724	-1
6725	-1
6726	7872110
6727	-1
6728	7874392
6729	-1
6730	7876674
6731	-1
6732	7878956
6733	-1
6734	-1
6735	7881238
6736	-1
6737	7883520
6738	-1
6739	7885802
6740	-1
6741	-1
6742	7888084
6743	-1
6744	7890366
6745	-1
6746	7892648
6747	-1
6748	7894930
6749	-1
6750	-1
6751	7897212
6752	-1
6753	7899494
6754	-1
6755	7901776
6756	-1
6757	-1
6758	7904058
6759	-1
6760	7906340
6761	-1
6762	7908622
6763	-1
6764	7910904
6765	-1
6766	-1
6767	7913186
6768	-1
6769	7915468
6770	-1
6771	7917750
6772	-1
6773	-1
6774	7920032
6775	-1
6776	7922314
6777	-1
6778	7924596
6779	-1
6780	7926878
6781	-1
6782	-1
6783	7929160
6784	-1
6785	7931442
6786	-1
6787	7933724
6788	-1
6789	7936006
6790	-1
6791	-1
6792	7938288
6793	-1
6794	7940570
6795	-1
6796	7942852
6797	-1
6798	-1
6799	7945134
6800	-1
6801	7947416
6802	-1
6803	7949698
6804	-1
6805	7951980
6806	-1
6807	-1
6808	7954262
6809	-1
6810	7956544
6811	-1
6812	7958826
6813	-1
6814	-1
6815	7961108
6816	-1
6817	7963390
6818	-1
6819	7965672
6820	-1
6821	7967954
6822	-1
6823	-1
6824	7970236
6825	-1
6826	7972518
6827	-1
6828	7974800
6829	-1
6830	-1
6831	7977082
6832	-1
6833	7979364
6834	-1
6835	7981646
6836	-1
6837	7983928
6838	-1
6839	-1
6840	7986210
6841	-1
6842	7988492
6843	-1
6844	7990774
6845	-1
6846	-1
6847	7993056
6848	-1
6849	7995338
6850	-1
6851	7997620
6852	-1
6853	7999902
6854	-1
6855	-1
6856	8002184
6857	-1
6858	8004466
6859	-1
6860	8006748
6861	-1
6862	-1
6863	8009030
6864	-1
6865	8011312
6866	-1
6867	8013594
6868	-1
6869	8015876
6870	-1
6871	-1
6872	8018158
6873	-1
6874	8020440
6875	-1
6876	8022722
6877	-1
6878	8025004
6879	-1
6880	-1
6881	8027286
6882	-1
6883	8029568
6884	-1
6885	8031850
6886	-1
6887	-1
6888	8034132
6889	-1
6890	8036414
6891	-1
6892	8038696
6893	-1
6894	8040978
6895	-1
6896	-1
6897	8043260
6898	-1
6899	8045542
6900	-1
6901	8047824
6902	-1
6903	-1
6904	8050106
6905	-1
6906	8052388
6907	-1
6908	8054670
6909	-1
6910	8056952
6911	-1
6912	-1
6913	8059234
6914	-1
6915	8061516
6916	-1
6917	8063798
6918	-1
6919	-1
6920	8066080
6921	-1
6922	8068362
6923	-1
6924	8070644
6925	-1
6926	8072926
6927	-1
6928	-1
6929	8075208
6930	-1
6931	8077490
6932	-1
6933	8079772
6934	-1
6935	-1
6936	8082054
6937	-1
6938	8084336
6939	-1
6940	8086618
6941	-1
6942	8088900
6943	-1
6944	-1
6945	8091182
6946	-1
6947	8093464
6948	-1
6949	8095746
6950	-1
6951	-1
6952	8098028
6953	-1
6954	8100310
6955	-1
6956	8102592
6957	-1
6958	8104874
6959	-1
6960	-1
6961	8107156
6962	-1
6963	8109438
6964	-1
6965	8111720
6966	-1
6967	8114002
6968	-1
6969	-1
6970	8116284
6971	-1
6972	8118566
6973	-1
6974	8120848
6975	-1
6976	-1
6977	8123130
6978	-1
6979	8125412
6980	-1
6981	8127694
6982	-1
6983	8129976
6984	-1
6985	-1
6986	8132258
6987	-1
6988	8134540
6989	-1
6990	8136822
6991	-1
6992	-1
6993	8139104
6994	-1
6995	8141386
6996	-1
6997	8143668
6998	-1
6999	8145950
7000	-1
7001	-1
7002	8148232
7003	-1
7004	8150514
7005	-1
7006	8152796
7007	-1
7008	-1
7009	8155078
7010	-1
7011	8157360
7012	-1
7013	8159642
7014	-1
7015	8161924
7016	-1
7017	-1
7018	8164206
7019	-1
7020	8166488
7021	-1
7022	8168770
7023	-1
7024	-1
7025	8171052
7026	-1
7027	8173334
7028	-1
7029	8175616
7030	-1
7031	8177898
7032	-1
7033	-1
7034	8180180
7035	-1
7036	8182462
7037	-1
7038	8184744
7039	-1
7040	-1
7041	8187026
7042	-1
7043	8189308
7044	-1
7045	8191590
7046	-1
7047	8193872
7048	-1
7049	-1
7050	8196154
7051	-1
7052	8198436
7053	-1
7054	8200718
7055	-1
7056	8203000
7057	-1
7058	-1
7059	8205282
7060	-1
7061	8207564
7062	-1
7063	8209846
7064	-1
7065	-1
7066	8212128
7067	-1
7068	8214410
7069	-1
7070	8216692
7071	-1
7072	8218974
7073	-1
7074	-1
7075	8221256
7076	-1
7077	8223538
7078	-1
7079	8225820
7080	-1
7081	-1
7082	8228102
7083	-1
7084	8230384
7085	-1
7086	8232666
7087	-1
7088	8234948
7089	-1
7090	-1
7091	8237230
7092	-1
7093	8239512
7094	-1
7095	8241794
7096	-1
7097	-1
7098	8244076
7099	-1
7100	8246358
7101	-1
7102	8248640
7103	-1
7104	8250922
7105	-1
7106	-1
7107	8253204
7108	-1
7109	8255486
7110	-1
7111	8257768
7112	-1
7113	-1
7114	8260050
7115	-1
7116	8262332
7117	-1
7118	8264614
7119	-1
7120	8266896
7121	-1
7122	-1
7123	8269178
7124	-1
7125	8271460
7126	-1
7127	8273742
7128	-1
7129	-1
7130	8276024
7131	-1
7132	8278306
7133	-1
7134	8280588
7135	-1
7136	8282870
7137	-1
7138	-1
7139	8285152
7140	-1
7141	8287434
7142	-1
7143	8289716
7144	-1
7145	8291998
7146	-1
7147	-1
7148	8294280
7149	-1
7150	8296562
7151	-1
7152	8298844
7153	-1
7154	-1
7155	8301126
7156	-1
7157	8303408
7158	-1
7159	8305690
7160	-1
7161	8307972
7162	-1
7163	-1
7164	8310254
7165	-1
7166	8312536
7167	-1
7168	8314818
7169	-1
7170	-1
7171	8317100
7172	-1
7173	8319382
7174	-1
7175	8321664
7176	-1
7177	8323946
7178	-1
7179	-1
7180	8326228
7181	-1
7182	8328510
7183	-1
7184	8330792
7185	-1
7186	-1
7187	8333074
7188	-1
7189	8335356
7190	-1
7191	8337638
7192	-1
7193	8339920
7194	-1
7195	-1
7196	8342202
7197	-1
7198	8344484
7199	-1
7200	8346766
7201	-1
7202	-1
7203	8349048
7204	-1
7205	8351330
7206	-1
7207	8353612
7208	-1
7209	8355894
7210	-1
7211	-1
7212	8358176
7213	-1
7214	8360458
7215	-1
7216	8362740
7217	-1
7218	-1
7219	8365022
7220	-1
7221	8367304
7222	-1
7223	8369586
7224	-1
7225	8371868
7226	-1
7227	-1
7228	8374150
7229	-1
7230	8376432
7231	-1
7232	8378714
7233	-1
7234	8380996
7235	-1
7236	-1
7237	8383278
7238	-1
7239	8385560
7240	-1
7241	8387842
7242	-1
7243	-1
7244	8390124
7245	-1
7246	8392406
7247	-1
7248	8394688
7249	-1
7250	8396970
7251	-1
7252	-1
7253	8399252
7254	-1
7255	8401534
7256	-1
7257	8403816
7258	-1
7259	-1
7260	8406098
7261	-1
7262	8408380
7263	-1
7264	8410662
7265	-1
7266	8412944
7267	-1
7268	-1
7269	8415226
7270	-1
7271	8417508
7272	-1
7273	8419790
7274	-1
7275	-1
7276	8422072
7277	-1
7278	8424354
7279	-1
7280	8426636
7281	-1
7282	8428918
7283	-1
7284	-1
7285	8431200
7286	-1
7287	8433482
7288	-1
7289	8435764
7290	-1
7291	-1
7292	8438046
7293	-1
7294	8440328
7295	-1
7296	8442610
7297	-1
7298	8444892
7299	-1
7300	-1
7301	8447174
7302	-1
7303	8449456
7304	-1
7305	8451738
7306	-1
7307	-1
7308	8454020
7309	-1
7310	8456302
7311	-1
7312	8458584
7313	-1
7314	8460866
7315	-1
7316	-1
7317	8463148
7318	-1
7319	8465430
7320	-1
7321	8467712
7322	-1
7323	8469994
7324	-1
7325	-1
7326	8472276
7327	-1
7328	8474558
7329	-1
7330	8476840
7331	-1
7332	-1
7333	8479122
7334	-1
7335	8481404
7336	-1
7337	8483686
7338	-1
7339	8485968
7340	-1
7341	-1
7342	8488250
7343	-1
7344	8490532
7345	-1
7346	8492814
7347	-1
7348	-1
7349	8495096
7350	-1
7351	8497378
7352	-1
7353	8499660
7354	-1
7355	8501942
7356	-1
7357	-1
7358	8504224
7359	-1
7360	8506506
7361	-1
7362	8508788
7363	-1
7364	-1
7365	8511070
7366	-1
7367	8513352
7368	-1
7369	8515634
7370	-1
7371	8517916
7372	-1
7373	-1
7374	8520198
7375	-1
7376	8522480
7377	-1
7378	8524762
7379	-1
7380	-1
7381	8527044
7382	-1
7383	8529326
7384	-1
7385	8531608
7386	-1
7387	8533890
7388	-1
7389	-1
7390	8536172
7391	-1
7392	8538454
7393	-1
7394	8540736
7395	-1
7396	-1
7397	8543018
7398	-1
7399	8545300
7400	-1
7401	8547582
7402	-1
7403	8549864
7404	-1
7405	-1
7406	8552146
7407	-1
7408	8554428
7409	-1
7410	8556710
7411	-1
7412	8558992
7413	-1
7414	-1
7415	8561274
7416	-1
7417	8563556
7418	-1
7419	8565838
7420	-1
7421	-1
7422	8568120
7423	-1
7424	8570402
7425	-1
7426	8572684
7427	-1
7428	8574966
7429	-1
7430	-1
7431	8577248
7432	-1
7433	8579530
7434	-1
7435	8581812
7436	-1
7437	-1
7438	8584094
7439	-1
7440	8586376
7441	-1
7442	8588658
7443	-1
7444	8590940
7445	-1
7446	-1
7447	8593222
7448	-1
7449	8595504
7450	-1
7451	8597786
7452	-1
7453	-1
7454	8600068
7455	-1
7456	8602350
7457	-1
7458	8604632
7459	-1
7460	8606914
7461	-1
7462	-1
7463	8609196
7464	-1
7465	8611478
7466	-1
7467	8613760
7468	-1
7469	-1
7470	8616042
7471	-1
7472	8618324
7473	-1
7474	8620606
7475	-1
7476	8622888
7477	-1
7478	-1
7479	8625170
7480	-1
7481	8627452
7482	-1
7483	8629734
7484	-1
7485	-1
7486	8632016
7487	-1
7488	8634298
7489	-1
7490	8636580
7491	-1
7492	8638862
7493	-1
7494	-1
7495	8641144
7496	-1
7497	8643426
7498	-1
7499	8645708
7500	-1
7501	8647990
7502	-1
7503	-1
7504	8650272
7505	-1
7506	8652554
7507	-1
7508	8654836
7509	-1
7510	-1
7511	8657118
7512	-1
7513	8659400
7514	-1
7515	8661682
7516	-1
7517	8663964
7518	-1
7519	-1
7520	8666246
7521	-1
7522	8668528
7523	-1
7524	8670810
7525	-1
7526	-1
7527	8673092
7528	-1
7529	8675374
7530	-1
7531	8677656
7532	-1
7533	8679938
7534	-1
7535	-1
7536	8682220
7537	-1
7538	8684502
7539	-1
7540	8686784
7541	-1
7542	-1
7543	8689066
7544	-1
7545	8691348
7546	-1
7547	8693630
7548	-1
7549	8695912
7550	-1
7551	-1
7552	8698194
7553	-1
7554	8700476
7555	-1
7556	8702758
7557	-1
7558	-1
7559	8705040
7560	-1
7561	8707322
7562	-1
7563	8709604
7564	-1
7565	8711886
7566	-1
7567	-1
7568	8714168
7569	-1
7570	8716450
7571	-1
7572	8718732
7573	-1
7574	-1
7575	8721014
7576	-1
7577	8723296
7578	-1
7579	8725578
7580	-1
7581	8727860
7582	-1
7583	-1
7584	8730142
7585	-1
7586	8732424
7587	-1
7588	8734706
7589	-1
7590	8736988
7591	-1
7592	-1
7593	8739270
7594	-1
7595	8741552
7596	-1
7597	8743834
7598	-1
7599	-1
7600	8746116
7601	-1
7602	8748398
7603	-1
7604	8750680
7605	-1
7606	8752962
7607	-1
7608	-1
7609	8755244
7610	-1
7611	8757526
7612	-1
7613	8759808
7614	-1
7615	-1
7616	8762090
7617	-1
7618	8764372
7619	-1
7620	8766654
7621	-1
7622	8768936
7623	-1
7624	-1
7625	8771218
7626	-1
7627	8773500
7628	-1
7629	8775782
7630	-1
7631	-1
7632	8778064
7633	-1
7634	8780346
7635	-1
7636	8782628
7637	-1
7638	8784910
7639	-1
7640	-1
7641	8787192
7642	-1
7643	8789474
7644	-1
7645	8791756
7646	-1
7647	-1
7648	8794038
7649	-1
7650	8796320
7651	-1
7652	8798602
7653	-1
7654	8800884
7655	-1
7656	-1
7657	8803166
7658	-1
7659	8805448
7660	-1
7661	8807730
7662	-1
7663	-1
7664	8810012
7665	-1
7666	8812294
7667	-1
7668	8814576
7669	-1
7670	8816858
7671	-1
7672	-1
7673	8819140
7674	-1
7675	8821422
7676	-1
7677	8823704
7678	-1
7679	8825986
7680	-1
7681	-1
7682	8828268
7683	-1
7684	8830550
7685	-1
7686	8832832
7687	-1
7688	-1
7689	8835114
7690	-1
7691	8837396
7692	-1
7693	8839678
7694	-1
7695	8841960
7696	-1
7697	-1
7698	8844242
7699	-1
7700	8846524
7701	-1
7702	8848806
7703	-1
7704	-1
7705	8851088
7706	-1
7707	8853370
7708	-1
7709	8855652
7710	-1
7711	8857934
7712	-1
7713	-1
7714	8860216
7715	-1
7716	8862498
7717	-1
7718	8864780
7719	-1
7720	-1
7721	8867062
7722	-1
7723	8869344
7724	-1
7725	8871626
7726	-1
7727	8873908
7728	-1
7729	-1
7730	8876190
7731	-1
7732	8878472
7733	-1
7734	8880754
7735	-1
7736	-1
7737	8883036
7738	-1
7739	8885318
7740	-1
7741	8887600
7742	-1
7743	8889882
7744	-1
7745	-1
7746	8892164
7747	-1
7748	8894446
7749	-1
7750	8896728
7751	-1
7752	-1
7753	8899010
7754	-1
7755	8901292
7756	-1
7757	8903574
7758	-1
7759	8905856
7760	-1
7761	-1
7762	8908138
7763	-1
7764	8910420
7765	-1
7766	8912702
7767	-1
7768	8914984
7769	-1
7770	-1
7771	8917266
7772	-1
7773	8919548
7774	-1
7775	8921830
7776	-1
7777	-1
7778	8924112
7779	-1
7780	8926394
7781	-1
7782	8928676
7783	-1
7784	8930958
7785	-1
7786	-1
7787	8933240
7788	-1
7789	8935522
7790	-1
7791	8937804
7792	-1
7793	-1
7794	8940086
7795	-1
7796	8942368
7797	-1
7798	8944650
7799	-1
7800	8946932
7801	-1
7802	-1
7803	8949214
7804	-1
7805	8951496
7806	-1
7807	8953778
7808	-1
7809	-1
7810	8956060
7811	-1
7812	8958342
7813	-1
7814	8960624
7815	-1
7816	8962906
7817	-1
7818	-1
7819	8965188
7820	-1
7821	8967470
7822	-1
7823	8969752
7824	-1
7825	-1
7826	8972034
7827	-1
7828	8974316
7829	-1
7830	8976598
7831	-1
7832	8978880
7833	-1
7834	-1
7835	8981162
7836	-1
7837	8983444
7838	-1
7839	8985726
7840	-1
7841	8988008
7842	-1
7843	-1
7844	8990290
7845	-1
7846	8992572
7847	-1
7848	8994854
7849	-1
7850	-1
7851	8997136
7852	-1
7853	8999418
7854	-1
7855	9001700
7856	-1
7857	9003982
7858	-1
7859	-1
7860	9006264
7861	-1
7862	9008546
7863	-1
7864	9010828
7865	-1
7866	-1
7867	9013110
7868	-1
7869	9015392
7870	-1
7871	9017674
7872	-1
7873	9019956
7874	-1
7875	-1
7876	9022238
7877	-1
7878	9024520
7879	-1
7880	9026802
7881	-1
7882	-1
7883	9029084
7884	-1
7885	9031366
7886	-1
7887	9033648
7888	-1
7889	9035930
7890	-1
7891	-1
7892	9038212
7893	-1
7894	9040494
7895	-1
7896	9042776
7897	-1
7898	-1
7899	9045058
7900	-1
7901	9047340
7902	-1
7903	9049622
7904	-1
7905	9051904
7906	-1
7907	-1
7908	9054186
7909	-1
7910	9056468
7911	-1
7912	9058750
7913	-1
7914	-1
7915	9061032
7916	-1
7917	9063314
7918	-1
7919	9065596
7920	-1
7921	9067878
7922	-1
7923	-1
7924	9070160
7925	-1
7926	9072442
7927	-1
7928	9074724
7929	-1
7930	9077006
7931	-1
7932	-1
7933	9079288
7934	-1
7935	9081570
7936	-1
7937	9083852
7938	-1
7939	-1
7940	9086134
7941	-1
7942	9088416
7943	-1
7944	9090698
7945	-1
7946	9092980
7947	-1
7948	-1
7949	9095262
7950	-1
7951	9097544
7952	-1
7953	9099826
7954	-1
7955	-1
7956	9102108
7957	-1
7958	9104390
7959	-1
7960	9106672
7961	-1
7962	9108954
7963	-1
7964	-1
7965	9111236
7966	-1
7967	9113518
7968	-1
7969	9115800
7970	-1
7971	-1
7972	9118082
7973	-1
7974	9120364
7975	-1
7976	9122646
7977	-1
7978	9124928
7979	-1
7980	-1
7981	9127210
7982	-1
7983	9129492
7984	-1
7985	9131774
7986	-1
7987	-1
7988	9134056
7989	-1
7990	9136338
7991	-1
7992	9138620
7993	-1
7994	9140902
7995	-1
7996	-1
7997	9143184
7998	-1
7999	9145466
