0	1009158
1	1010462
2	1011766
3	1013070
4	1014374
5	1015678
6	1016982
7	1018286
8	1019590
9	1020894
10	1022198
11	1023502
12	1024806
13	1026110
14	1027414
15	1028718
16	1030022
17	1031326
18	1032630
19	1033934
20	1035238
21	1036542
22	1037846
23	1039150
24	1040454
25	1041758
26	1043062
27	1044366
28	1045670
29	1046974
30	1048278
31	1049582
32	1050886
33	1052190
34	1053494
35	1054798
36	1056102
37	1057406
38	1058710
39	1060014
40	1061318
41	1062622
42	1063926
43	1065230
44	1066534
45	1067838
46	1069142
47	1070446
48	1071750
49	1073054
50	1074358
51	1075662
52	1076966
53	1078270
54	1079574
55	1080878
56	1082182
57	1083486
58	1084790
59	1086094
60	1087398
61	1088702
62	1090006
63	1091310
64	1092614
65	1093918
66	1095222
67	1096526
68	1097830
69	1099134
70	1100438
71	1101742
72	1103046
73	1104350
74	1105654
75	1106958
76	1108262
77	1109566
78	1110870
79	1112174
80	1113478
81	1114782
82	1116086
83	1117390
84	1118694
85	1119998
86	1121302
87	1122606
88	1123910
89	1125214
90	1126518
91	1127822
92	1129126
93	1130430
94	1131734
95	1133038
96	1134342
97	1135646
98	1136950
99	1138254
100	1139558
101	1140862
102	1142166
103	1143470
104	1144774
105	1146078
106	1147382
107	1148686
108	1149990
109	1151294
110	1152598
111	1153902
112	1155206
113	1156510
114	1157814
115	1159118
116	1160422
117	1161726
118	1163030
119	1164334
120	1165638
121	1166942
122	1168246
123	1169550
124	1170854
125	1172158
126	1173462
127	1174766
128	1176070
129	1177374
130	1178678
131	1179982
132	1181286
133	1182590
134	1183894
135	1185198
136	1186502
137	1187806
138	1189110
139	1190414
140	1191718
141	1193022
142	1194326
143	1195630
144	1196934
145	1198238
146	1199542
147	1200846
148	1202150
149	1203454
150	1204758
151	1206062
152	1207366
153	1208670
154	1209974
155	1211278
156	1212582
157	1213886
158	1215190
159	1216494
160	1217798
161	1219102
162	1220406
163	1221710
164	1223014
165	1224318
166	1225622
167	1226926
168	1228230
169	1229534
170	1230838
171	1232142
172	1233446
173	1234750
174	1236054
175	1237358
176	1238662
177	1239966
178	1241270
179	1242574
180	1243878
181	1245182
182	1246486
183	1247790
184	1249094
185	1250398
186	1251702
187	1253006
188	1254310
189	1255614
190	1256918
191	1258222
192	1259526
193	1260830
194	1262134
195	1263438
196	1264742
197	1266046
198	1267350
199	1268654
200	1269958
201	1271262
202	1272566
203	1273870
204	1275174
205	1276478
206	1277782
207	1279086
208	1280390
209	1281694
210	1282998
211	1284302
212	1285606
213	1286910
214	1288214
215	1289518
216	1290822
217	1292126
218	1293430
219	1294734
220	1296038
221	1297342
222	1298646
223	1299950
224	1301254
225	1302558
226	1303862
227	1305166
228	1306470
229	1307774
230	1309078
231	1310382
232	1311686
233	1312990
234	1314294
235	1315598
236	1316902
237	1318206
238	1319510
239	1320814
240	1322118
241	1323422
242	1324726
243	1326030
244	1327334
245	1328638
246	1329942
247	1331246
248	1332550
249	1333854
250	1335158
251	1336462
252	1337766
253	1339070
254	1340374
255	1341678
256	1342982
257	1344286
258	-1
259	1345590
260	1346894
261	1348198
262	-1
263	1349502
264	1350806
265	1352110
266	-1
267	1353414
268	1354718
269	1356022
270	1357326
271	-1
272	1358630
273	1359934
274	1361238
275	-1
276	1362542
277	1363846
278	1365150
279	-1
280	1366454
281	1367758
282	1369062
283	-1
284	1370366
285	1371670
286	1372974
287	1374278
288	-1
289	1375582
290	1376886
291	1378190
292	-1
293	1379494
294	1380798
295	1382102
296	-1
297	1383406
298	1384710
299	1386014
300	1387318
301	-1
302	1388622
303	1389926
304	1391230
305	-1
306	1392534
307	1393838
308	1395142
309	-1
310	1396446
311	1397750
312	1399054
313	-1
314	1400358
315	1401662
316	1402966
317	1404270
318	-1
319	1405574
320	1406878
321	1408182
322	-1
323	1409486
324	1410790
325	1412094
326	-1
327	1413398
328	1414702
329	1416006
330	1417310
331	-1
332	1418614
333	1419918
334	1421222
335	-1
336	1422526
337	1423830
338	1425134
339	-1
340	1426438
341	1427742
342	1429046
343	1430350
344	-1
345	1431654
346	1432958
347	1434262
348	-1
349	1435566
350	1436870
351	1438174
352	-1
353	1439478
354	1440782
355	1442086
356	-1
357	1443390
358	1444694
359	1445998
360	1447302
361	-1
362	1448606
363	1449910
364	1451214
365	-1
366	1452518
367	1453822
368	1455126
369	-1
370	1456430
371	1457734
372	1459038
373	1460342
374	-1
375	1461646
376	1462950
377	1464254
378	-1
379	1465558
380	1466862
381	1468166
382	-1
383	1469470
384	1470774
385	1472078
386	-1
387	1473382
388	1474686
389	1475990
390	1477294
391	-1
392	1478598
393	1479902
394	1481206
395	-1
396	1482510
397	1483814
398	1485118
399	-1
400	1486422
401	1487726
402	1489030
403	1490334
404	-1
405	1491638
406	1492942
407	1494246
408	-1
409	1495550
410	1496854
411	1498158
412	-1
413	1499462
414	1500766
415	1502070
416	-1
417	1503374
418	1504678
419	1505982
420	1507286
421	-1
422	1508590
423	1509894
424	1511198
425	-1
426	1512502
427	1513806
428	1515110
429	-1
430	1516414
431	1517718
432	1519022
433	1520326
434	-1
435	1521630
436	1522934
437	1524238
438	-1
439	1525542
440	1526846
441	1528150
442	-1
443	1529454
444	1530758
445	1532062
446	-1
447	1533366
448	1534670
449	1535974
450	1537278
451	-1
452	1538582
453	1539886
454	1541190
455	-1
456	1542494
457	1543798
458	1545102
459	-1
460	1546406
461	1547710
462	1549014
463	1550318
464	-1
465	1551622
466	1552926
467	1554230
468	-1
469	1555534
470	1556838
471	1558142
472	-1
473	1559446
474	1560750
475	1562054
476	-1
477	1563358
478	1564662
479	1565966
480	1567270
481	-1
482	1568574
483	1569878
484	1571182
485	-1
486	1572486
487	1573790
488	1575094
489	-1
490	1576398
491	1577702
492	1579006
493	1580310
494	-1
495	1581614
496	1582918
497	1584222
498	-1
499	1585526
500	1586830
501	1588134
502	-1
503	1589438
504	1590742
505	1592046
506	1593350
507	-1
508	1594654
509	1595958
510	1597262
511	-1
512	1598566
513	1599870
514	1601174
515	-1
516	1602478
517	1603782
518	1605086
519	-1
520	1606390
521	1607694
522	1608998
523	1610302
524	-1
525	1611606
526	1612910
527	1614214
528	-1
529	1615518
530	1616822
531	1618126
532	-1
533	1619430
534	1620734
535	1622038
536	1623342
537	-1
538	1624646
539	1625950
540	1627254
541	-1
542	1628558
543	1629862
544	1631166
545	-1
546	1632470
547	1633774
548	1635078
549	-1
550	1636382
551	1637686
552	1638990
553	1640294
554	-1
555	1641598
556	1642902
557	1644206
558	-1
559	1645510
560	1646814
561	1648118
562	-1
563	1649422
564	1650726
565	1652030
566	1653334
567	-1
568	1654638
569	1655942
570	1657246
571	-1
572	1658550
573	1659854
574	1661158
575	-1
576	1662462
577	1663766
578	1665070
579	-1
580	1666374
581	1667678
582	1668982
583	1670286
584	-1
585	1671590
586	1672894
587	1674198
588	-1
589	1675502
590	1676806
591	1678110
592	-1
593	1679414
594	1680718
595	1682022
596	1683326
597	-1
598	1684630
599	1685934
600	1687238
601	-1
602	1688542
603	1689846
604	1691150
605	-1
606	1692454
607	1693758
608	1695062
609	-1
610	1696366
611	1697670
612	1698974
613	1700278
614	-1
615	1701582
616	1702886
617	1704190
618	-1
619	1705494
620	1706798
621	1708102
622	-1
623	1709406
624	1710710
625	1712014
626	1713318
627	-1
628	1714622
629	1715926
630	1717230
631	-1
632	1718534
633	1719838
634	1721142
635	-1
636	1722446
637	1723750
638	1725054
639	-1
640	1726358
641	1727662
642	1728966
643	1730270
644	-1
645	1731574
646	1732878
647	1734182
648	-1
649	1735486
650	1736790
651	1738094
652	-1
653	1739398
654	1740702
655	1742006
656	1743310
657	-1
658	1744614
659	1745918
660	1747222
661	-1
662	1748526
663	1749830
664	1751134
665	-1
666	1752438
667	1753742
668	1755046
669	1756350
670	-1
671	1757654
672	1758958
673	1760262
674	-1
675	1761566
676	1762870
677	1764174
678	-1
679	1765478
680	1766782
681	1768086
682	-1
683	1769390
684	1770694
685	1771998
686	1773302
687	-1
688	1774606
689	1775910
690	1777214
691	-1
692	1778518
693	1779822
694	1781126
695	-1
696	1782430
697	1783734
698	1785038
699	1786342
700	-1
701	1787646
702	1788950
703	1790254
704	-1
705	1791558
706	1792862
707	1794166
708	-1
709	1795470
710	1796774
711	1798078
712	-1
713	1799382
714	1800686
715	1801990
716	1803294
717	-1
718	1804598
719	1805902
720	1807206
721	-1
722	1808510
723	1809814
724	1811118
725	-1
726	1812422
727	1813726
728	1815030
729	1816334
730	-1
731	1817638
732	1818942
733	1820246
734	-1
735	1821550
736	1822854
737	1824158
738	-1
739	1825462
740	1826766
741	1828070
742	-1
743	1829374
744	1830678
745	1831982
746	1833286
747	-1
748	1834590
749	1835894
750	1837198
751	-1
752	1838502
753	1839806
754	1841110
755	-1
756	1842414
757	1843718
758	1845022
759	1846326
760	-1
761	1847630
762	1848934
763	1850238
764	-1
765	1851542
766	1852846
767	1854150
768	-1
769	1855454
770	1856758
771	1858062
772	-1
773	1859366
774	1860670
775	1861974
776	1863278
777	-1
778	1864582
779	1865886
780	1867190
781	-1
782	1868494
783	1869798
784	1871102
785	-1
786	1872406
787	1873710
788	1875014
789	1876318
790	-1
791	1877622
792	1878926
793	1880230
794	-1
795	1881534
796	1882838
797	1884142
798	-1
799	1885446
800	1886750
801	1888054
802	-1
803	1889358
804	1890662
805	1891966
806	1893270
807	-1
808	1894574
809	1895878
810	1897182
811	-1
812	1898486
813	1899790
814	1901094
815	-1
816	1902398
817	1903702
818	1905006
819	1906310
820	-1
821	1907614
822	1908918
823	1910222
824	-1
825	1911526
826	1912830
827	1914134
828	-1
829	1915438
830	1916742
831	1918046
832	1919350
833	-1
834	1920654
835	1921958
836	1923262
837	-1
838	1924566
839	1925870
840	1927174
841	-1
842	1928478
843	1929782
844	1931086
845	-1
846	1932390
847	1933694
848	1934998
849	1936302
850	-1
851	1937606
852	1938910
853	1940214
854	-1
855	1941518
856	1942822
857	1944126
858	-1
859	1945430
860	1946734
861	1948038
862	1949342
863	-1
864	1950646
865	1951950
866	1953254
867	-1
868	1954558
869	1955862
870	1957166
871	-1
872	1958470
873	1959774
874	1961078
875	-1
876	1962382
877	1963686
878	1964990
879	1966294
880	-1
881	1967598
882	1968902
883	1970206
884	-1
885	1971510
886	1972814
887	1974118
888	-1
889	1975422
890	1976726
891	1978030
892	1979334
893	-1
894	1980638
895	1981942
896	1983246
897	-1
898	1984550
899	1985854
900	1987158
901	-1
902	1988462
903	1989766
904	1991070
905	-1
906	1992374
907	1993678
908	1994982
909	1996286
910	-1
911	1997590
912	1998894
913	2000198
914	-1
915	2001502
916	2002806
917	2004110
918	-1
919	2005414
920	2006718
921	2008022
922	2009326
923	-1
924	2010630
925	2011934
926	2013238
927	-1
928	2014542
929	2015846
930	2017150
931	-1
932	2018454
933	2019758
934	2021062
935	-1
936	2022366
937	2023670
938	2024974
939	2026278
940	-1
941	2027582
942	2028886
943	2030190
944	-1
945	2031494
946	2032798
947	2034102
948	-1
949	2035406
950	2036710
951	2038014
952	2039318
953	-1
954	2040622
955	2041926
956	2043230
957	-1
958	2044534
959	2045838
960	2047142
961	-1
962	2048446
963	2049750
964	2051054
965	-1
966	2052358
967	2053662
968	2054966
969	2056270
970	-1
971	2057574
972	2058878
973	2060182
974	-1
975	2061486
976	2062790
977	2064094
978	-1
979	2065398
980	2066702
981	2068006
982	2069310
983	-1
984	2070614
985	2071918
986	2073222
987	-1
988	2074526
989	2075830
990	2077134
991	-1
992	2078438
993	2079742
994	2081046
995	2082350
996	-1
997	2083654
998	2084958
999	2086262
1000	-1
1001	2087566
1002	2088870
1003	2090174
1004	-1
1005	2091478
1006	2092782
1007	2094086
1008	-1
1009	2095390
1010	2096694
1011	2097998
1012	2099302
1013	-1
1014	2100606
1015	2101910
1016	2103214
1017	-1
1018	2104518
1019	2105822
1020	2107126
1021	-1
1022	2108430
1023	2109734
1024	2111038
1025	2112342
1026	-1
1027	2113646
1028	2114950
1029	2116254
1030	-1
1031	2117558
1032	2118862
1033	2120166
1034	-1
1035	2121470
1036	2122774
1037	2124078
1038	-1
1039	2125382
1040	2126686
1041	2127990
1042	2129294
1043	-1
1044	2130598
1045	2131902
1046	2133206
1047	-1
1048	2134510
1049	2135814
1050	2137118
1051	-1
1052	2138422
1053	2139726
1054	2141030
1055	2142334
1056	-1
1057	2143638
1058	2144942
1059	2146246
1060	-1
1061	2147550
1062	2148854
1063	2150158
1064	-1
1065	2151462
1066	2152766
1067	2154070
1068	-1
1069	2155374
1070	2156678
1071	2157982
1072	2159286
1073	-1
1074	2160590
1075	2161894
1076	2163198
1077	-1
1078	2164502
1079	2165806
1080	2167110
1081	-1
1082	2168414
1083	2169718
1084	2171022
1085	2172326
1086	-1
1087	2173630
1088	2174934
1089	2176238
1090	-1
1091	2177542
1092	2178846
1093	2180150
1094	-1
1095	2181454
1096	2182758
1097	2184062
1098	-1
1099	2185366
1100	2186670
1101	2187974
1102	2189278
1103	-1
1104	2190582
1105	2191886
1106	2193190
1107	-1
1108	2194494
1109	2195798
1110	2197102
1111	-1
1112	2198406
1113	2199710
1114	2201014
1115	2202318
1116	-1
1117	2203622
1118	2204926
1119	2206230
1120	-1
1121	2207534
1122	2208838
1123	2210142
1124	-1
1125	2211446
1126	2212750
1127	2214054
1128	-1
1129	2215358
1130	2216662
1131	2217966
1132	2219270
1133	-1
1134	2220574
1135	2221878
1136	2223182
1137	-1
1138	2224486
1139	2225790
1140	2227094
1141	-1
1142	2228398
1143	2229702
1144	2231006
1145	2232310
1146	-1
1147	2233614
1148	2234918
1149	2236222
1150	-1
1151	2237526
1152	2238830
1153	2240134
1154	-1
1155	2241438
1156	2242742
1157	2244046
1158	2245350
1159	-1
1160	2246654
1161	2247958
1162	2249262
1163	-1
1164	2250566
1165	2251870
1166	2253174
1167	-1
1168	2254478
1169	2255782
1170	2257086
1171	-1
1172	2258390
1173	2259694
1174	2260998
1175	2262302
1176	-1
1177	2263606
1178	2264910
1179	2266214
1180	-1
1181	2267518
1182	2268822
1183	2270126
1184	-1
1185	2271430
1186	2272734
1187	2274038
1188	2275342
1189	-1
1190	2276646
1191	2277950
1192	2279254
1193	-1
1194	2280558
1195	2281862
1196	2283166
1197	-1
1198	2284470
1199	2285774
1200	2287078
1201	-1
1202	2288382
1203	2289686
1204	2290990
1205	2292294
1206	-1
1207	2293598
1208	2294902
1209	2296206
1210	-1
1211	2297510
1212	2298814
1213	2300118
1214	-1
1215	2301422
1216	2302726
1217	2304030
1218	2305334
1219	-1
1220	2306638
1221	2307942
1222	2309246
1223	-1
1224	2310550
1225	2311854
1226	2313158
1227	-1
1228	2314462
1229	2315766
1230	2317070
1231	-1
1232	2318374
1233	2319678
1234	2320982
1235	2322286
1236	-1
1237	2323590
1238	2324894
1239	2326198
1240	-1
1241	2327502
1242	2328806
1243	2330110
1244	-1
1245	2331414
1246	2332718
1247	2334022
1248	2335326
1249	-1
1250	2336630
1251	2337934
1252	2339238
1253	-1
1254	2340542
1255	2341846
1256	2343150
1257	-1
1258	2344454
1259	2345758
1260	2347062
1261	-1
1262	2348366
1263	2349670
1264	2350974
1265	2352278
1266	-1
1267	2353582
1268	2354886
1269	2356190
1270	-1
1271	2357494
1272	2358798
1273	2360102
1274	-1
1275	2361406
1276	2362710
1277	2364014
1278	2365318
1279	-1
1280	2366622
1281	2367926
1282	2369230
1283	-1
1284	2370534
1285	2371838
1286	2373142
1287	-1
1288	2374446
1289	2375750
1290	2377054
1291	-1
1292	2378358
1293	2379662
1294	2380966
1295	2382270
1296	-1
1297	2383574
1298	2384878
1299	2386182
1300	-1
1301	2387486
1302	2388790
1303	2390094
1304	-1
1305	2391398
1306	2392702
1307	2394006
1308	2395310
1309	-1
1310	2396614
1311	2397918
1312	2399222
1313	-1
1314	2400526
1315	2401830
1316	2403134
1317	-1
1318	2404438
1319	2405742
1320	2407046
1321	2408350
1322	-1
1323	2409654
1324	2410958
1325	2412262
1326	-1
1327	2413566
1328	2414870
1329	2416174
1330	-1
1331	2417478
1332	2418782
1333	2420086
1334	-1
1335	2421390
1336	2422694
1337	2423998
1338	2425302
1339	-1
1340	2426606
1341	2427910
1342	2429214
1343	-1
1344	2430518
1345	2431822
1346	2433126
1347	-1
1348	2434430
1349	2435734
1350	2437038
1351	2438342
1352	-1
1353	2439646
1354	2440950
1355	2442254
1356	-1
1357	2443558
1358	2444862
1359	2446166
1360	-1
1361	2447470
1362	2448774
1363	2450078
1364	-1
1365	2451382
1366	2452686
1367	2453990
1368	2455294
1369	-1
1370	2456598
1371	2457902
1372	2459206
1373	-1
1374	2460510
1375	2461814
1376	2463118
1377	-1
1378	2464422
1379	2465726
1380	2467030
1381	2468334
1382	-1
1383	2469638
1384	2470942
1385	2472246
1386	-1
1387	2473550
1388	2474854
1389	2476158
1390	-1
1391	2477462
1392	2478766
1393	2480070
1394	-1
1395	2481374
1396	2482678
1397	2483982
1398	2485286
1399	-1
1400	2486590
1401	2487894
1402	2489198
1403	-1
1404	2490502
1405	2491806
1406	2493110
1407	-1
1408	2494414
1409	2495718
1410	2497022
1411	2498326
1412	-1
1413	2499630
1414	2500934
1415	2502238
1416	-1
1417	2503542
1418	2504846
1419	2506150
1420	-1
1421	2507454
1422	2508758
1423	2510062
1424	-1
1425	2511366
1426	2512670
1427	2513974
1428	2515278
1429	-1
1430	2516582
1431	2517886
1432	2519190
1433	-1
1434	2520494
1435	2521798
1436	2523102
1437	-1
1438	2524406
1439	2525710
1440	2527014
1441	2528318
1442	-1
1443	2529622
1444	2530926
1445	2532230
1446	-1
1447	2533534
1448	2534838
1449	2536142
1450	-1
1451	2537446
1452	2538750
1453	2540054
1454	-1
1455	2541358
1456	2542662
1457	2543966
1458	2545270
1459	-1
1460	2546574
1461	2547878
1462	2549182
1463	-1
1464	2550486
1465	2551790
1466	2553094
1467	-1
1468	2554398
1469	2555702
1470	2557006
1471	2558310
1472	-1
1473	2559614
1474	2560918
1475	2562222
1476	-1
1477	2563526
1478	2564830
1479	2566134
1480	-1
1481	2567438
1482	2568742
1483	2570046
1484	2571350
1485	-1
1486	2572654
1487	2573958
1488	2575262
1489	-1
1490	2576566
1491	2577870
1492	2579174
1493	-1
1494	2580478
1495	2581782
1496	2583086
1497	-1
1498	2584390
1499	2585694
1500	2586998
1501	2588302
1502	-1
1503	2589606
1504	2590910
1505	2592214
1506	-1
1507	2593518
1508	2594822
1509	2596126
1510	-1
1511	2597430
1512	2598734
1513	2600038
1514	2601342
1515	-1
1516	2602646
1517	2603950
1518	2605254
1519	-1
1520	2606558
1521	2607862
1522	2609166
1523	-1
1524	2610470
1525	2611774
1526	2613078
1527	-1
1528	2614382
1529	2615686
1530	2616990
1531	2618294
1532	-1
1533	2619598
1534	2620902
1535	2622206
1536	-1
1537	2623510
1538	2624814
1539	2626118
1540	-1
1541	2627422
1542	2628726
1543	2630030
1544	2631334
1545	-1
1546	2632638
1547	2633942
1548	2635246
1549	-1
1550	2636550
1551	2637854
1552	2639158
1553	-1
1554	2640462
1555	2641766
1556	2643070
1557	-1
1558	2644374
1559	2645678
1560	2646982
1561	2648286
1562	-1
1563	2649590
1564	2650894
1565	2652198
1566	-1
1567	2653502
1568	2654806
1569	2656110
1570	-1
1571	2657414
1572	2658718
1573	2660022
1574	2661326
1575	-1
1576	2662630
1577	2663934
1578	2665238
1579	-1
1580	2666542
1581	2667846
1582	2669150
1583	-1
1584	2670454
1585	2671758
1586	2673062
1587	-1
1588	2674366
1589	2675670
1590	2676974
1591	2678278
1592	-1
1593	2679582
1594	2680886
1595	2682190
1596	-1
1597	2683494
1598	2684798
1599	2686102
1600	-1
1601	2687406
1602	2688710
1603	2690014
1604	2691318
1605	-1
1606	2692622
1607	2693926
1608	2695230
1609	-1
1610	2696534
1611	2697838
1612	2699142
1613	-1
1614	2700446
1615	2701750
1616	2703054
1617	-1
1618	2704358
1619	2705662
1620	2706966
1621	2708270
1622	-1
1623	2709574
1624	2710878
1625	2712182
1626	-1
1627	2713486
1628	2714790
1629	2716094
1630	-1
1631	2717398
1632	2718702
1633	2720006
1634	2721310
1635	-1
1636	2722614
1637	2723918
1638	2725222
1639	-1
1640	2726526
1641	2727830
1642	2729134
1643	-1
1644	2730438
1645	2731742
1646	2733046
1647	2734350
1648	-1
1649	2735654
1650	2736958
1651	2738262
1652	-1
1653	2739566
1654	2740870
1655	2742174
1656	-1
1657	2743478
1658	2744782
1659	2746086
1660	-1
1661	2747390
1662	2748694
1663	2749998
1664	2751302
1665	-1
1666	2752606
1667	2753910
1668	2755214
1669	-1
1670	2756518
1671	2757822
1672	2759126
1673	-1
1674	2760430
1675	2761734
1676	2763038
1677	2764342
1678	-1
1679	2765646
1680	2766950
1681	2768254
1682	-1
1683	2769558
1684	2770862
1685	2772166
1686	-1
1687	2773470
1688	2774774
1689	2776078
1690	-1
1691	2777382
1692	2778686
1693	2779990
1694	2781294
1695	-1
1696	2782598
1697	2783902
1698	2785206
1699	-1
1700	2786510
1701	2787814
1702	2789118
1703	-1
1704	2790422
1705	2791726
1706	2793030
1707	2794334
1708	-1
1709	2795638
1710	2796942
1711	2798246
1712	-1
1713	2799550
1714	2800854
1715	2802158
1716	-1
1717	2803462
1718	2804766
1719	2806070
1720	-1
1721	2807374
1722	2808678
1723	2809982
1724	2811286
1725	-1
1726	2812590
1727	2813894
1728	2815198
1729	-1
1730	2816502
1731	2817806
1732	2819110
1733	-1
1734	2820414
1735	2821718
1736	2823022
1737	2824326
1738	-1
1739	2825630
1740	2826934
1741	2828238
1742	-1
1743	2829542
1744	2830846
1745	2832150
1746	-1
1747	2833454
1748	2834758
1749	2836062
1750	-1
1751	2837366
1752	2838670
1753	2839974
1754	2841278
1755	-1
1756	2842582
1757	2843886
1758	2845190
1759	-1
1760	2846494
1761	2847798
1762	2849102
1763	-1
1764	2850406
1765	2851710
1766	2853014
1767	2854318
1768	-1
1769	2855622
1770	2856926
1771	2858230
1772	-1
1773	2859534
1774	2860838
1775	2862142
1776	-1
1777	2863446
1778	2864750
1779	2866054
1780	-1
1781	2867358
1782	2868662
1783	2869966
1784	2871270
1785	-1
1786	2872574
1787	2873878
1788	2875182
1789	-1
1790	2876486
1791	2877790
1792	2879094
1793	-1
1794	2880398
1795	2881702
1796	2883006
1797	2884310
1798	-1
1799	2885614
1800	2886918
1801	2888222
1802	-1
1803	2889526
1804	2890830
1805	2892134
1806	-1
1807	2893438
1808	2894742
1809	2896046
1810	2897350
1811	-1
1812	2898654
1813	2899958
1814	2901262
1815	-1
1816	2902566
1817	2903870
1818	2905174
1819	-1
1820	2906478
1821	2907782
1822	2909086
1823	-1
1824	2910390
1825	2911694
1826	2912998
1827	2914302
1828	-1
1829	2915606
1830	2916910
1831	2918214
1832	-1
1833	2919518
1834	2920822
1835	2922126
1836	-1
1837	2923430
1838	2924734
1839	2926038
1840	2927342
1841	-1
1842	2928646
1843	2929950
1844	2931254
1845	-1
1846	2932558
1847	2933862
1848	2935166
1849	-1
1850	2936470
1851	2937774
1852	2939078
1853	-1
1854	2940382
1855	2941686
1856	2942990
1857	2944294
1858	-1
1859	2945598
1860	2946902
1861	2948206
1862	-1
1863	2949510
1864	2950814
1865	2952118
1866	-1
1867	2953422
1868	2954726
1869	2956030
1870	2957334
1871	-1
1872	2958638
1873	2959942
1874	2961246
1875	-1
1876	2962550
1877	2963854
1878	2965158
1879	-1
1880	2966462
1881	2967766
1882	2969070
1883	-1
1884	2970374
1885	2971678
1886	2972982
1887	2974286
1888	-1
1889	2975590
1890	2976894
1891	2978198
1892	-1
1893	2979502
1894	2980806
1895	2982110
1896	-1
1897	2983414
1898	2984718
1899	2986022
1900	2987326
1901	-1
1902	2988630
1903	2989934
1904	2991238
1905	-1
1906	2992542
1907	2993846
1908	2995150
1909	-1
1910	2996454
1911	2997758
1912	2999062
1913	-1
1914	3000366
1915	3001670
1916	3002974
1917	3004278
1918	-1
1919	3005582
1920	3006886
1921	3008190
1922	-1
1923	3009494
1924	3010798
1925	3012102
1926	-1
1927	3013406
1928	3014710
1929	3016014
1930	3017318
1931	-1
1932	3018622
1933	3019926
1934	3021230
1935	-1
1936	3022534
1937	3023838
1938	3025142
1939	-1
1940	3026446
1941	3027750
1942	3029054
1943	-1
1944	3030358
1945	3031662
1946	3032966
1947	3034270
1948	-1
1949	3035574
1950	3036878
1951	3038182
1952	-1
1953	3039486
1954	3040790
1955	3042094
1956	-1
1957	3043398
1958	3044702
1959	3046006
1960	3047310
1961	-1
1962	3048614
1963	3049918
1964	3051222
1965	-1
1966	3052526
1967	3053830
1968	3055134
1969	-1
1970	3056438
1971	3057742
1972	3059046
1973	3060350
1974	-1
1975	3061654
1976	3062958
1977	3064262
1978	-1
1979	3065566
1980	3066870
1981	3068174
1982	-1
1983	3069478
1984	3070782
1985	3072086
1986	-1
1987	3073390
1988	3074694
1989	3075998
1990	3077302
1991	-1
1992	3078606
1993	3079910
1994	3081214
1995	-1
1996	3082518
1997	3083822
1998	3085126
1999	-1
2000	3086430
2001	3087734
2002	3089038
2003	3090342
2004	-1
2005	3091646
2006	3092950
2007	3094254
2008	-1
2009	3095558
2010	3096862
2011	3098166
2012	-1
2013	3099470
2014	3100774
2015	3102078
2016	-1
2017	3103382
2018	3104686
2019	3105990
2020	3107294
2021	-1
2022	3108598
2023	3109902
2024	3111206
2025	-1
2026	3112510
2027	3113814
2028	3115118
2029	-1
2030	3116422
2031	3117726
2032	3119030
2033	3120334
2034	-1
2035	3121638
2036	3122942
2037	3124246
2038	-1
2039	3125550
2040	3126854
2041	3128158
2042	-1
2043	3129462
2044	3130766
2045	3132070
2046	-1
2047	3133374
2048	3134678
2049	3135982
2050	3137286
2051	-1
2052	3138590
2053	3139894
2054	3141198
2055	-1
2056	3142502
2057	3143806
2058	3145110
2059	-1
2060	3146414
2061	3147718
2062	3149022
2063	3150326
2064	-1
2065	3151630
2066	3152934
2067	3154238
2068	-1
2069	3155542
2070	3156846
2071	3158150
2072	-1
2073	3159454
2074	3160758
2075	3162062
2076	-1
2077	3163366
2078	3164670
2079	3165974
2080	3167278
2081	-1
2082	3168582
2083	3169886
2084	3171190
2085	-1
2086	3172494
2087	3173798
2088	3175102
2089	-1
2090	3176406
2091	3177710
2092	3179014
2093	3180318
2094	-1
2095	3181622
2096	3182926
2097	3184230
2098	-1
2099	3185534
2100	3186838
2101	3188142
2102	-1
2103	3189446
2104	3190750
2105	3192054
2106	-1
2107	3193358
2108	3194662
2109	3195966
2110	3197270
2111	-1
2112	3198574
2113	3199878
2114	3201182
2115	-1
2116	3202486
2117	3203790
2118	3205094
2119	-1
2120	3206398
2121	3207702
2122	3209006
2123	3210310
2124	-1
2125	3211614
2126	3212918
2127	3214222
2128	-1
2129	3215526
2130	3216830
2131	3218134
2132	-1
2133	3219438
2134	3220742
2135	3222046
2136	3223350
2137	-1
2138	3224654
2139	3225958
2140	3227262
2141	-1
2142	3228566
2143	3229870
2144	3231174
2145	-1
2146	3232478
2147	3233782
2148	3235086
2149	-1
2150	3236390
2151	3237694
2152	3238998
2153	3240302
2154	-1
2155	3241606
2156	3242910
2157	3244214
2158	-1
2159	3245518
2160	3246822
2161	3248126
2162	-1
2163	3249430
2164	3250734
2165	3252038
2166	3253342
2167	-1
2168	3254646
2169	3255950
2170	3257254
2171	-1
2172	3258558
2173	3259862
2174	3261166
2175	-1
2176	3262470
2177	3263774
2178	3265078
2179	-1
2180	3266382
2181	3267686
2182	3268990
2183	3270294
2184	-1
2185	3271598
2186	3272902
2187	3274206
2188	-1
2189	3275510
2190	3276814
2191	3278118
2192	-1
2193	3279422
2194	3280726
2195	3282030
2196	3283334
2197	-1
2198	3284638
2199	3285942
2200	3287246
2201	-1
2202	3288550
2203	3289854
2204	3291158
2205	-1
2206	3292462
2207	3293766
2208	3295070
2209	-1
2210	3296374
2211	3297678
2212	3298982
2213	3300286
2214	-1
2215	3301590
2216	3302894
2217	3304198
2218	-1
2219	3305502
2220	3306806
2221	3308110
2222	-1
2223	3309414
2224	3310718
2225	3312022
2226	3313326
2227	-1
2228	3314630
2229	3315934
2230	3317238
2231	-1
2232	3318542
2233	3319846
2234	3321150
2235	-1
2236	3322454
2237	3323758
2238	3325062
2239	-1
2240	3326366
2241	3327670
2242	3328974
2243	3330278
2244	-1
2245	3331582
2246	3332886
2247	3334190
2248	-1
2249	3335494
2250	3336798
2251	3338102
2252	-1
2253	3339406
2254	3340710
2255	3342014
2256	3343318
2257	-1
2258	3344622
2259	3345926
2260	3347230
2261	-1
2262	3348534
2263	3349838
2264	3351142
2265	-1
2266	3352446
2267	3353750
2268	3355054
2269	-1
2270	3356358
2271	3357662
2272	3358966
2273	3360270
2274	-1
2275	3361574
2276	3362878
2277	3364182
2278	-1
2279	3365486
2280	3366790
2281	3368094
2282	-1
2283	3369398
2284	3370702
2285	3372006
2286	3373310
2287	-1
2288	3374614
2289	3375918
2290	3377222
2291	-1
2292	3378526
2293	3379830
2294	3381134
2295	-1
2296	3382438
2297	3383742
2298	3385046
2299	3386350
2300	-1
2301	3387654
2302	3388958
2303	3390262
2304	-1
2305	3391566
2306	3392870
2307	3394174
2308	-1
2309	3395478
2310	3396782
2311	3398086
2312	-1
2313	3399390
2314	3400694
2315	3401998
2316	3403302
2317	-1
2318	3404606
2319	3405910
2320	3407214
2321	-1
2322	3408518
2323	3409822
2324	3411126
2325	-1
2326	3412430
2327	3413734
2328	3415038
2329	3416342
2330	-1
2331	3417646
2332	3418950
2333	3420254
2334	-1
2335	3421558
2336	3422862
2337	3424166
2338	-1
2339	3425470
2340	3426774
2341	3428078
2342	-1
2343	3429382
2344	3430686
2345	3431990
2346	3433294
2347	-1
2348	3434598
2349	3435902
2350	3437206
2351	-1
2352	3438510
2353	3439814
2354	3441118
2355	-1
2356	3442422
2357	3443726
2358	3445030
2359	3446334
2360	-1
2361	3447638
2362	3448942
2363	3450246
2364	-1
2365	3451550
2366	3452854
2367	3454158
2368	-1
2369	3455462
2370	3456766
2371	3458070
2372	-1
2373	3459374
2374	3460678
2375	3461982
2376	3463286
2377	-1
2378	3464590
2379	3465894
2380	3467198
2381	-1
2382	3468502
2383	3469806
2384	3471110
2385	-1
2386	3472414
2387	3473718
2388	3475022
2389	3476326
2390	-1
2391	3477630
2392	3478934
2393	3480238
2394	-1
2395	3481542
2396	3482846
2397	3484150
2398	-1
2399	3485454
2400	3486758
2401	3488062
2402	-1
2403	3489366
2404	3490670
2405	3491974
2406	3493278
2407	-1
2408	3494582
2409	3495886
2410	3497190
2411	-1
2412	3498494
2413	3499798
2414	3501102
2415	-1
2416	3502406
2417	3503710
2418	3505014
2419	3506318
2420	-1
2421	3507622
2422	3508926
2423	3510230
2424	-1
2425	3511534
2426	3512838
2427	3514142
2428	-1
2429	3515446
2430	3516750
2431	3518054
2432	-1
2433	3519358
2434	3520662
2435	3521966
2436	3523270
2437	-1
2438	3524574
2439	3525878
2440	3527182
2441	-1
2442	3528486
2443	3529790
2444	3531094
2445	-1
2446	3532398
2447	3533702
2448	3535006
2449	3536310
2450	-1
2451	3537614
2452	3538918
2453	3540222
2454	-1
2455	3541526
2456	3542830
2457	3544134
2458	-1
2459	3545438
2460	3546742
2461	3548046
2462	3549350
2463	-1
2464	3550654
2465	3551958
2466	3553262
2467	-1
2468	3554566
2469	3555870
2470	3557174
2471	-1
2472	3558478
2473	3559782
2474	3561086
2475	-1
2476	3562390
2477	3563694
2478	3564998
2479	3566302
2480	-1
2481	3567606
2482	3568910
2483	3570214
2484	-1
2485	3571518
2486	3572822
2487	3574126
2488	-1
2489	3575430
2490	3576734
2491	3578038
2492	3579342
2493	-1
2494	3580646
2495	3581950
2496	3583254
2497	-1
2498	3584558
2499	3585862
2500	3587166
2501	-1
2502	3588470
2503	3589774
2504	3591078
2505	-1
2506	3592382
2507	3593686
2508	3594990
2509	3596294
2510	-1
2511	3597598
2512	3598902
2513	3600206
2514	-1
2515	3601510
2516	3602814
2517	3604118
2518	-1
2519	3605422
2520	3606726
2521	3608030
2522	3609334
2523	-1
2524	3610638
2525	3611942
2526	3613246
2527	-1
2528	3614550
2529	3615854
2530	3617158
2531	-1
2532	3618462
2533	3619766
2534	3621070
2535	-1
2536	3622374
2537	3623678
2538	3624982
2539	3626286
2540	-1
2541	3627590
2542	3628894
2543	3630198
2544	-1
2545	3631502
2546	3632806
2547	3634110
2548	-1
2549	3635414
2550	3636718
2551	3638022
2552	3639326
2553	-1
2554	3640630
2555	3641934
2556	3643238
2557	-1
2558	3644542
2559	3645846
2560	3647150
2561	-1
2562	3648454
2563	3649758
2564	3651062
2565	-1
2566	3652366
2567	3653670
2568	3654974
2569	3656278
2570	-1
2571	3657582
2572	3658886
2573	3660190
2574	-1
2575	3661494
2576	3662798
2577	3664102
2578	-1
2579	3665406
2580	3666710
2581	3668014
2582	3669318
2583	-1
2584	3670622
2585	3671926
2586	3673230
2587	-1
2588	3674534
2589	3675838
2590	3677142
2591	-1
2592	3678446
2593	3679750
2594	3681054
2595	-1
2596	3682358
2597	3683662
2598	3684966
2599	3686270
2600	-1
2601	3687574
2602	3688878
2603	3690182
2604	-1
2605	3691486
2606	3692790
2607	3694094
2608	-1
2609	3695398
2610	3696702
2611	3698006
2612	3699310
2613	-1
2614	3700614
2615	3701918
2616	3703222
2617	-1
2618	3704526
2619	3705830
2620	3707134
2621	-1
2622	3708438
2623	3709742
2624	3711046
2625	3712350
2626	-1
2627	3713654
2628	3714958
2629	3716262
2630	-1
2631	3717566
2632	3718870
2633	3720174
2634	-1
2635	3721478
2636	3722782
2637	3724086
2638	-1
2639	3725390
2640	3726694
2641	3727998
2642	3729302
2643	-1
2644	3730606
2645	3731910
2646	3733214
2647	-1
2648	3734518
2649	3735822
2650	3737126
2651	-1
2652	3738430
2653	3739734
2654	3741038
2655	3742342
2656	-1
2657	3743646
2658	3744950
2659	3746254
2660	-1
2661	3747558
2662	3748862
2663	3750166
2664	-1
2665	3751470
2666	3752774
2667	3754078
2668	-1
2669	3755382
2670	3756686
2671	3757990
2672	3759294
2673	-1
2674	3760598
2675	3761902
2676	3763206
2677	-1
2678	3764510
2679	3765814
2680	3767118
2681	-1
2682	3768422
2683	3769726
2684	3771030
2685	3772334
2686	-1
2687	3773638
2688	3774942
2689	3776246
2690	-1
2691	3777550
2692	3778854
2693	3780158
2694	-1
2695	3781462
2696	3782766
2697	3784070
2698	-1
2699	3785374
2700	3786678
2701	3787982
2702	3789286
2703	-1
2704	3790590
2705	3791894
2706	3793198
2707	-1
2708	3794502
2709	3795806
2710	3797110
2711	-1
2712	3798414
2713	3799718
2714	3801022
2715	3802326
2716	-1
2717	3803630
2718	3804934
2719	3806238
2720	-1
2721	3807542
2722	3808846
2723	3810150
2724	-1
2725	3811454
2726	3812758
2727	3814062
2728	-1
2729	3815366
2730	3816670
2731	3817974
2732	3819278
2733	-1
2734	3820582
2735	3821886
2736	3823190
2737	-1
2738	3824494
2739	3825798
2740	3827102
2741	-1
2742	3828406
2743	3829710
2744	3831014
2745	3832318
2746	-1
2747	3833622
2748	3834926
2749	3836230
2750	-1
2751	3837534
2752	3838838
2753	3840142
2754	-1
2755	3841446
2756	3842750
2757	3844054
2758	-1
2759	3845358
2760	3846662
2761	3847966
2762	3849270
2763	-1
2764	3850574
2765	3851878
2766	3853182
2767	-1
2768	3854486
2769	3855790
2770	3857094
2771	-1
2772	3858398
2773	3859702
2774	3861006
2775	3862310
2776	-1
2777	3863614
2778	3864918
2779	3866222
2780	-1
2781	3867526
2782	3868830
2783	3870134
2784	-1
2785	3871438
2786	3872742
2787	3874046
2788	3875350
2789	-1
2790	3876654
2791	3877958
2792	3879262
2793	-1
2794	3880566
2795	3881870
2796	3883174
2797	-1
2798	3884478
2799	3885782
2800	3887086
2801	-1
2802	3888390
2803	3889694
2804	3890998
2805	3892302
2806	-1
2807	3893606
2808	3894910
2809	3896214
2810	-1
2811	3897518
2812	3898822
2813	3900126
2814	-1
2815	3901430
2816	3902734
2817	3904038
2818	3905342
2819	-1
2820	3906646
2821	3907950
2822	3909254
2823	-1
2824	3910558
2825	3911862
2826	3913166
2827	-1
2828	3914470
2829	3915774
2830	3917078
2831	-1
2832	3918382
2833	3919686
2834	3920990
2835	3922294
2836	-1
2837	3923598
2838	3924902
2839	3926206
2840	-1
2841	3927510
2842	3928814
2843	3930118
2844	-1
2845	3931422
2846	3932726
2847	3934030
2848	3935334
2849	-1
2850	3936638
2851	3937942
2852	3939246
2853	-1
2854	3940550
2855	3941854
2856	3943158
2857	-1
2858	3944462
2859	3945766
2860	3947070
2861	-1
2862	3948374
2863	3949678
2864	3950982
2865	3952286
2866	-1
2867	3953590
2868	3954894
2869	3956198
2870	-1
2871	3957502
2872	3958806
2873	3960110
2874	-1
2875	3961414
2876	3962718
2877	3964022
2878	3965326
2879	-1
2880	3966630
2881	3967934
2882	3969238
2883	-1
2884	3970542
2885	3971846
2886	3973150
2887	-1
2888	3974454
2889	3975758
2890	3977062
2891	-1
2892	3978366
2893	3979670
2894	3980974
2895	3982278
2896	-1
2897	3983582
2898	3984886
2899	3986190
2900	-1
2901	3987494
2902	3988798
2903	3990102
2904	-1
2905	3991406
2906	3992710
2907	3994014
2908	3995318
2909	-1
2910	3996622
2911	3997926
2912	3999230
2913	-1
2914	4000534
2915	4001838
2916	4003142
2917	-1
2918	4004446
2919	4005750
2920	4007054
2921	-1
2922	4008358
2923	4009662
2924	4010966
2925	4012270
2926	-1
2927	4013574
2928	4014878
2929	4016182
2930	-1
2931	4017486
2932	4018790
2933	4020094
2934	-1
2935	4021398
2936	4022702
2937	4024006
2938	4025310
2939	-1
2940	4026614
2941	4027918
2942	4029222
2943	-1
2944	4030526
2945	4031830
2946	4033134
2947	-1
2948	4034438
2949	4035742
2950	4037046
2951	4038350
2952	-1
2953	4039654
2954	4040958
2955	4042262
2956	-1
2957	4043566
2958	4044870
2959	4046174
2960	-1
2961	4047478
2962	4048782
2963	4050086
2964	-1
2965	4051390
2966	4052694
2967	4053998
2968	4055302
2969	-1
2970	4056606
2971	4057910
2972	4059214
2973	-1
2974	4060518
2975	4061822
2976	4063126
2977	-1
2978	4064430
2979	4065734
2980	4067038
2981	4068342
2982	-1
2983	4069646
2984	4070950
2985	4072254
2986	-1
2987	4073558
2988	4074862
2989	4076166
2990	-1
2991	4077470
2992	4078774
2993	4080078
2994	-1
2995	4081382
2996	4082686
2997	4083990
2998	4085294
2999	-1
3000	4086598
3001	4087902
3002	4089206
3003	-1
3004	4090510
3005	4091814
3006	4093118
3007	-1
3008	4094422
3009	4095726
3010	4097030
3011	4098334
3012	-1
3013	4099638
3014	4100942
3015	4102246
3016	-1
3017	4103550
3018	4104854
3019	4106158
3020	-1
3021	4107462
3022	4108766
3023	4110070
3024	-1
3025	4111374
3026	4112678
3027	4113982
3028	4115286
3029	-1
3030	4116590
3031	4117894
3032	4119198
3033	-1
3034	4120502
3035	4121806
3036	4123110
3037	-1
3038	4124414
3039	4125718
3040	4127022
3041	4128326
3042	-1
3043	4129630
3044	4130934
3045	4132238
3046	-1
3047	4133542
3048	4134846
3049	4136150
3050	-1
3051	4137454
3052	4138758
3053	4140062
3054	-1
3055	4141366
3056	4142670
3057	4143974
3058	4145278
3059	-1
3060	4146582
3061	4147886
3062	4149190
3063	-1
3064	4150494
3065	4151798
3066	4153102
3067	-1
3068	4154406
3069	4155710
3070	4157014
3071	4158318
3072	-1
3073	4159622
3074	4160926
3075	4162230
3076	-1
3077	4163534
3078	4164838
3079	4166142
3080	-1
3081	4167446
3082	4168750
3083	4170054
3084	-1
3085	4171358
3086	4172662
3087	4173966
3088	4175270
3089	-1
3090	4176574
3091	4177878
3092	4179182
3093	-1
3094	4180486
3095	4181790
3096	4183094
3097	-1
3098	4184398
3099	4185702
3100	4187006
3101	4188310
3102	-1
3103	4189614
3104	4190918
3105	4192222
3106	-1
3107	4193526
3108	4194830
3109	4196134
3110	-1
3111	4197438
3112	4198742
3113	4200046
3114	4201350
3115	-1
3116	4202654
3117	4203958
3118	4205262
3119	-1
3120	4206566
3121	4207870
3122	4209174
3123	-1
3124	4210478
3125	4211782
3126	4213086
3127	-1
3128	4214390
3129	4215694
3130	4216998
3131	4218302
3132	-1
3133	4219606
3134	4220910
3135	4222214
3136	-1
3137	4223518
3138	4224822
3139	4226126
3140	-1
3141	4227430
3142	4228734
3143	4230038
3144	4231342
3145	-1
3146	4232646
3147	4233950
3148	4235254
3149	-1
3150	4236558
3151	4237862
3152	4239166
3153	-1
3154	4240470
3155	4241774
3156	4243078
3157	-1
3158	4244382
3159	4245686
3160	4246990
3161	4248294
3162	-1
3163	4249598
3164	4250902
3165	4252206
3166	-1
3167	4253510
3168	4254814
3169	4256118
3170	-1
3171	4257422
3172	4258726
3173	4260030
3174	4261334
3175	-1
3176	4262638
3177	4263942
3178	4265246
3179	-1
3180	4266550
3181	4267854
3182	4269158
3183	-1
3184	4270462
3185	4271766
3186	4273070
3187	-1
3188	4274374
3189	4275678
3190	4276982
3191	4278286
3192	-1
3193	4279590
3194	4280894
3195	4282198
3196	-1
3197	4283502
3198	4284806
3199	4286110
3200	-1
3201	4287414
3202	4288718
3203	4290022
3204	4291326
3205	-1
3206	4292630
3207	4293934
3208	4295238
3209	-1
3210	4296542
3211	4297846
3212	4299150
3213	-1
3214	4300454
3215	4301758
3216	4303062
3217	-1
3218	4304366
3219	4305670
3220	4306974
3221	4308278
3222	-1
3223	4309582
3224	4310886
3225	4312190
3226	-1
3227	4313494
3228	4314798
3229	4316102
3230	-1
3231	4317406
3232	4318710
3233	4320014
3234	4321318
3235	-1
3236	4322622
3237	4323926
3238	4325230
3239	-1
3240	4326534
3241	4327838
3242	4329142
3243	-1
3244	4330446
3245	4331750
3246	4333054
3247	-1
3248	4334358
3249	4335662
3250	4336966
3251	4338270
3252	-1
3253	4339574
3254	4340878
3255	4342182
3256	-1
3257	4343486
3258	4344790
3259	4346094
3260	-1
3261	4347398
3262	4348702
3263	4350006
3264	4351310
3265	-1
3266	4352614
3267	4353918
3268	4355222
3269	-1
3270	4356526
3271	4357830
3272	4359134
3273	-1
3274	4360438
3275	4361742
3276	4363046
3277	4364350
3278	-1
3279	4365654
3280	4366958
3281	4368262
3282	-1
3283	4369566
3284	4370870
3285	4372174
3286	-1
3287	4373478
3288	4374782
3289	4376086
3290	-1
3291	4377390
3292	4378694
3293	4379998
3294	4381302
3295	-1
3296	4382606
3297	4383910
3298	4385214
3299	-1
3300	4386518
3301	4387822
3302	4389126
3303	-1
3304	4390430
3305	4391734
3306	4393038
3307	4394342
3308	-1
3309	4395646
3310	4396950
3311	4398254
3312	-1
3313	4399558
3314	4400862
3315	4402166
3316	-1
3317	4403470
3318	4404774
3319	4406078
3320	-1
3321	4407382
3322	4408686
3323	4409990
3324	4411294
3325	-1
3326	4412598
3327	4413902
3328	4415206
3329	-1
3330	4416510
3331	4417814
3332	4419118
3333	-1
3334	4420422
3335	4421726
3336	4423030
3337	4424334
3338	-1
3339	4425638
3340	4426942
3341	4428246
3342	-1
3343	4429550
3344	4430854
3345	4432158
3346	-1
3347	4433462
3348	4434766
3349	4436070
3350	-1
3351	4437374
3352	4438678
3353	4439982
3354	4441286
3355	-1
3356	4442590
3357	4443894
3358	4445198
3359	-1
3360	4446502
3361	4447806
3362	4449110
3363	-1
3364	4450414
3365	4451718
3366	4453022
3367	4454326
3368	-1
3369	4455630
3370	4456934
3371	4458238
3372	-1
3373	4459542
3374	4460846
3375	4462150
3376	-1
3377	4463454
3378	4464758
3379	4466062
3380	-1
3381	4467366
3382	4468670
3383	4469974
3384	4471278
3385	-1
3386	4472582
3387	4473886
3388	4475190
3389	-1
3390	4476494
3391	4477798
3392	4479102
3393	-1
3394	4480406
3395	4481710
3396	4483014
3397	4484318
3398	-1
3399	4485622
3400	4486926
3401	4488230
3402	-1
3403	4489534
3404	4490838
3405	4492142
3406	-1
3407	4493446
3408	4494750
3409	4496054
3410	-1
3411	4497358
3412	4498662
3413	4499966
3414	4501270
3415	-1
3416	4502574
3417	4503878
3418	4505182
3419	-1
3420	4506486
3421	4507790
3422	4509094
3423	-1
3424	4510398
3425	4511702
3426	4513006
3427	4514310
3428	-1
3429	4515614
3430	4516918
3431	4518222
3432	-1
3433	4519526
3434	4520830
3435	4522134
3436	-1
3437	4523438
3438	4524742
3439	4526046
3440	4527350
3441	-1
3442	4528654
3443	4529958
3444	4531262
3445	-1
3446	4532566
3447	4533870
3448	4535174
3449	-1
3450	4536478
3451	4537782
3452	4539086
3453	-1
3454	4540390
3455	4541694
3456	4542998
3457	4544302
3458	-1
3459	4545606
3460	4546910
3461	4548214
3462	-1
3463	4549518
3464	4550822
3465	4552126
3466	-1
3467	4553430
3468	4554734
3469	4556038
3470	4557342
3471	-1
3472	4558646
3473	4559950
3474	4561254
3475	-1
3476	4562558
3477	4563862
3478	4565166
3479	-1
3480	4566470
3481	4567774
3482	4569078
3483	-1
3484	4570382
3485	4571686
3486	4572990
3487	4574294
3488	-1
3489	4575598
3490	4576902
3491	4578206
3492	-1
3493	4579510
3494	4580814
3495	4582118
3496	-1
3497	4583422
3498	4584726
3499	4586030
3500	4587334
3501	-1
3502	4588638
3503	4589942
3504	4591246
3505	-1
3506	4592550
3507	4593854
3508	4595158
3509	-1
3510	4596462
3511	4597766
3512	4599070
3513	-1
3514	4600374
3515	4601678
3516	4602982
3517	4604286
3518	-1
3519	4605590
3520	4606894
3521	4608198
3522	-1
3523	4609502
3524	4610806
3525	4612110
3526	-1
3527	4613414
3528	4614718
3529	4616022
3530	4617326
3531	-1
3532	4618630
3533	4619934
3534	4621238
3535	-1
3536	4622542
3537	4623846
3538	4625150
3539	-1
3540	4626454
3541	4627758
3542	4629062
3543	-1
3544	4630366
3545	4631670
3546	4632974
3547	4634278
3548	-1
3549	4635582
3550	4636886
3551	4638190
3552	-1
3553	4639494
3554	4640798
3555	4642102
3556	-1
3557	4643406
3558	4644710
3559	4646014
3560	4647318
3561	-1
3562	4648622
3563	4649926
3564	4651230
3565	-1
3566	4652534
3567	4653838
3568	4655142
3569	-1
3570	4656446
3571	4657750
3572	4659054
3573	-1
3574	4660358
3575	4661662
3576	4662966
3577	4664270
3578	-1
3579	4665574
3580	4666878
3581	4668182
3582	-1
3583	4669486
3584	4670790
3585	4672094
3586	-1
3587	4673398
3588	4674702
3589	4676006
3590	4677310
3591	-1
3592	4678614
3593	4679918
3594	4681222
3595	-1
3596	4682526
3597	4683830
3598	4685134
3599	-1
3600	4686438
3601	4687742
3602	4689046
3603	4690350
3604	-1
3605	4691654
3606	4692958
3607	4694262
3608	-1
3609	4695566
3610	4696870
3611	4698174
3612	-1
3613	4699478
3614	4700782
3615	4702086
3616	-1
3617	4703390
3618	4704694
3619	4705998
3620	4707302
3621	-1
3622	4708606
3623	4709910
3624	4711214
3625	-1
3626	4712518
3627	4713822
3628	4715126
3629	-1
3630	4716430
3631	4717734
3632	4719038
3633	4720342
3634	-1
3635	4721646
3636	4722950
3637	4724254
3638	-1
3639	4725558
3640	4726862
3641	4728166
3642	-1
3643	4729470
3644	4730774
3645	4732078
3646	-1
3647	4733382
3648	4734686
3649	4735990
3650	4737294
3651	-1
3652	4738598
3653	4739902
3654	4741206
3655	-1
3656	4742510
3657	4743814
3658	4745118
3659	-1
3660	4746422
3661	4747726
3662	4749030
3663	4750334
3664	-1
3665	4751638
3666	4752942
3667	4754246
3668	-1
3669	4755550
3670	4756854
3671	4758158
3672	-1
3673	4759462
3674	4760766
3675	4762070
3676	-1
3677	4763374
3678	4764678
3679	4765982
3680	4767286
3681	-1
3682	4768590
3683	4769894
3684	4771198
3685	-1
3686	4772502
3687	4773806
3688	4775110
3689	-1
3690	4776414
3691	4777718
3692	4779022
3693	4780326
3694	-1
3695	4781630
3696	4782934
3697	4784238
3698	-1
3699	4785542
3700	4786846
3701	4788150
3702	-1
3703	4789454
3704	4790758
3705	4792062
3706	-1
3707	4793366
3708	4794670
3709	4795974
3710	4797278
3711	-1
3712	4798582
3713	4799886
3714	4801190
3715	-1
3716	4802494
3717	4803798
3718	4805102
3719	-1
3720	4806406
3721	4807710
3722	4809014
3723	4810318
3724	-1
3725	4811622
3726	4812926
3727	4814230
3728	-1
3729	4815534
3730	4816838
3731	4818142
3732	-1
3733	4819446
3734	4820750
3735	4822054
3736	-1
3737	4823358
3738	4824662
3739	4825966
3740	4827270
3741	-1
3742	4828574
3743	4829878
3744	4831182
3745	-1
3746	4832486
3747	4833790
3748	4835094
3749	-1
3750	4836398
3751	4837702
3752	4839006
3753	4840310
3754	-1
3755	4841614
3756	4842918
3757	4844222
3758	-1
3759	4845526
3760	4846830
3761	4848134
3762	-1
3763	4849438
3764	4850742
3765	4852046
3766	4853350
3767	-1
3768	4854654
3769	4855958
3770	4857262
3771	-1
3772	4858566
3773	4859870
3774	4861174
3775	-1
3776	4862478
3777	4863782
3778	4865086
3779	-1
3780	4866390
3781	4867694
3782	4868998
3783	4870302
3784	-1
3785	4871606
3786	4872910
3787	4874214
3788	-1
3789	4875518
3790	4876822
3791	4878126
3792	-1
3793	4879430
3794	4880734
3795	4882038
3796	4883342
3797	-1
3798	4884646
3799	4885950
3800	4887254
3801	-1
3802	4888558
3803	4889862
3804	4891166
3805	-1
3806	4892470
3807	4893774
3808	4895078
3809	-1
3810	4896382
3811	4897686
3812	4898990
3813	4900294
3814	-1
3815	4901598
3816	4902902
3817	4904206
3818	-1
3819	4905510
3820	4906814
3821	4908118
3822	-1
3823	4909422
3824	4910726
3825	4912030
3826	4913334
3827	-1
3828	4914638
3829	4915942
3830	4917246
3831	-1
3832	4918550
3833	4919854
3834	4921158
3835	-1
3836	4922462
3837	4923766
3838	4925070
3839	-1
3840	4926374
3841	4927678
3842	4928982
3843	4930286
3844	-1
3845	4931590
3846	4932894
3847	4934198
3848	-1
3849	4935502
3850	4936806
3851	4938110
3852	-1
3853	4939414
3854	4940718
3855	4942022
3856	4943326
3857	-1
3858	4944630
3859	4945934
3860	4947238
3861	-1
3862	4948542
3863	4949846
3864	4951150
3865	-1
3866	4952454
3867	4953758
3868	4955062
3869	-1
3870	4956366
3871	4957670
3872	4958974
3873	4960278
3874	-1
3875	4961582
3876	4962886
3877	4964190
3878	-1
3879	4965494
3880	4966798
3881	4968102
3882	-1
3883	4969406
3884	4970710
3885	4972014
3886	4973318
3887	-1
3888	4974622
3889	4975926
3890	4977230
3891	-1
3892	4978534
3893	4979838
3894	4981142
3895	-1
3896	4982446
3897	4983750
3898	4985054
3899	-1
3900	4986358
3901	4987662
3902	4988966
3903	4990270
3904	-1
3905	4991574
3906	4992878
3907	4994182
3908	-1
3909	4995486
3910	4996790
3911	4998094
3912	-1
3913	4999398
3914	5000702
3915	5002006
3916	5003310
3917	-1
3918	5004614
3919	5005918
3920	5007222
3921	-1
3922	5008526
3923	5009830
3924	5011134
3925	-1
3926	5012438
3927	5013742
3928	5015046
3929	5016350
3930	-1
3931	5017654
3932	5018958
3933	5020262
3934	-1
3935	5021566
3936	5022870
3937	5024174
3938	-1
3939	5025478
3940	5026782
3941	5028086
3942	-1
3943	5029390
3944	5030694
3945	5031998
3946	5033302
3947	-1
3948	5034606
3949	5035910
3950	5037214
3951	-1
3952	5038518
3953	5039822
3954	5041126
3955	-1
3956	5042430
3957	5043734
3958	5045038
3959	5046342
3960	-1
3961	5047646
3962	5048950
3963	5050254
3964	-1
3965	5051558
3966	5052862
3967	5054166
3968	-1
3969	5055470
3970	5056774
3971	5058078
3972	-1
3973	5059382
3974	5060686
3975	5061990
3976	5063294
3977	-1
3978	5064598
3979	5065902
3980	5067206
3981	-1
3982	5068510
3983	5069814
3984	5071118
3985	-1
3986	5072422
3987	5073726
3988	5075030
3989	5076334
3990	-1
3991	5077638
3992	5078942
3993	5080246
3994	-1
3995	5081550
3996	5082854
3997	5084158
3998	-1
3999	5085462
4000	5086766
4001	5088070
4002	-1
4003	5089374
4004	5090678
4005	5091982
4006	5093286
4007	-1
4008	5094590
4009	5095894
4010	5097198
4011	-1
4012	5098502
4013	5099806
4014	5101110
4015	-1
4016	5102414
4017	5103718
4018	5105022
4019	5106326
4020	-1
4021	5107630
4022	5108934
4023	5110238
4024	-1
4025	5111542
4026	5112846
4027	5114150
4028	-1
4029	5115454
4030	5116758
4031	5118062
4032	-1
4033	5119366
4034	5120670
4035	5121974
4036	5123278
4037	-1
4038	5124582
4039	5125886
4040	5127190
4041	-1
4042	5128494
4043	5129798
4044	5131102
4045	-1
4046	5132406
4047	5133710
4048	5135014
4049	5136318
4050	-1
4051	5137622
4052	5138926
4053	5140230
4054	-1
4055	5141534
4056	5142838
4057	5144142
4058	-1
4059	5145446
4060	5146750
4061	5148054
4062	-1
4063	5149358
4064	5150662
4065	5151966
4066	5153270
4067	-1
4068	5154574
4069	5155878
4070	5157182
4071	-1
4072	5158486
4073	5159790
4074	5161094
4075	-1
4076	5162398
4077	5163702
4078	5165006
4079	5166310
4080	-1
4081	5167614
4082	5168918
4083	5170222
4084	-1
4085	5171526
4086	5172830
4087	5174134
4088	-1
4089	5175438
4090	5176742
4091	5178046
4092	5179350
4093	-1
4094	5180654
4095	5181958
4096	5183262
4097	-1
4098	5184566
4099	5185870
4100	5187174
4101	-1
4102	5188478
4103	5189782
4104	5191086
4105	-1
4106	5192390
4107	5193694
4108	5194998
4109	5196302
4110	-1
4111	5197606
4112	5198910
4113	5200214
4114	-1
4115	5201518
4116	5202822
4117	5204126
4118	-1
4119	5205430
4120	5206734
4121	5208038
4122	5209342
4123	-1
4124	5210646
4125	5211950
4126	5213254
4127	-1
4128	5214558
4129	5215862
4130	5217166
4131	-1
4132	5218470
4133	5219774
4134	5221078
4135	-1
4136	5222382
4137	5223686
4138	5224990
4139	5226294
4140	-1
4141	5227598
4142	5228902
4143	5230206
4144	-1
4145	5231510
4146	5232814
4147	5234118
4148	-1
4149	5235422
4150	5236726
4151	5238030
4152	5239334
4153	-1
4154	5240638
4155	5241942
4156	5243246
4157	-1
4158	5244550
4159	5245854
4160	5247158
4161	-1
4162	5248462
4163	5249766
4164	5251070
4165	-1
4166	5252374
4167	5253678
4168	5254982
4169	5256286
4170	-1
4171	5257590
4172	5258894
4173	5260198
4174	-1
4175	5261502
4176	5262806
4177	5264110
4178	-1
4179	5265414
4180	5266718
4181	5268022
4182	5269326
4183	-1
4184	5270630
4185	5271934
4186	5273238
4187	-1
4188	5274542
4189	5275846
4190	5277150
4191	-1
4192	5278454
4193	5279758
4194	5281062
4195	-1
4196	5282366
4197	5283670
4198	5284974
4199	5286278
4200	-1
4201	5287582
4202	5288886
4203	5290190
4204	-1
4205	5291494
4206	5292798
4207	5294102
4208	-1
4209	5295406
4210	5296710
4211	5298014
4212	5299318
4213	-1
4214	5300622
4215	5301926
4216	5303230
4217	-1
4218	5304534
4219	5305838
4220	5307142
4221	-1
4222	5308446
4223	5309750
4224	5311054
4225	-1
4226	5312358
4227	5313662
4228	5314966
4229	5316270
4230	-1
4231	5317574
4232	5318878
4233	5320182
4234	-1
4235	5321486
4236	5322790
4237	5324094
4238	-1
4239	5325398
4240	5326702
4241	5328006
4242	5329310
4243	-1
4244	5330614
4245	5331918
4246	5333222
4247	-1
4248	5334526
4249	5335830
4250	5337134
4251	-1
4252	5338438
4253	5339742
4254	5341046
4255	5342350
4256	-1
4257	5343654
4258	5344958
4259	5346262
4260	-1
4261	5347566
4262	5348870
4263	5350174
4264	-1
4265	5351478
4266	5352782
4267	5354086
4268	-1
4269	5355390
4270	5356694
4271	5357998
4272	5359302
4273	-1
4274	5360606
4275	5361910
4276	5363214
4277	-1
4278	5364518
4279	5365822
4280	5367126
4281	-1
4282	5368430
4283	5369734
4284	5371038
4285	5372342
4286	-1
4287	5373646
4288	5374950
4289	5376254
4290	-1
4291	5377558
4292	5378862
4293	5380166
4294	-1
4295	5381470
4296	5382774
4297	5384078
4298	-1
4299	5385382
4300	5386686
4301	5387990
4302	5389294
4303	-1
4304	5390598
4305	5391902
4306	5393206
4307	-1
4308	5394510
4309	5395814
4310	5397118
4311	-1
4312	5398422
4313	5399726
4314	5401030
4315	5402334
4316	-1
4317	5403638
4318	5404942
4319	5406246
4320	-1
4321	5407550
4322	5408854
4323	5410158
4324	-1
4325	5411462
4326	5412766
4327	5414070
4328	-1
4329	5415374
4330	5416678
4331	5417982
4332	5419286
4333	-1
4334	5420590
4335	5421894
4336	5423198
4337	-1
4338	5424502
4339	5425806
4340	5427110
4341	-1
4342	5428414
4343	5429718
4344	5431022
4345	5432326
4346	-1
4347	5433630
4348	5434934
4349	5436238
4350	-1
4351	5437542
4352	5438846
4353	5440150
4354	-1
4355	5441454
4356	5442758
4357	5444062
4358	-1
4359	5445366
4360	5446670
4361	5447974
4362	5449278
4363	-1
4364	5450582
4365	5451886
4366	5453190
4367	-1
4368	5454494
4369	5455798
4370	5457102
4371	-1
4372	5458406
4373	5459710
4374	5461014
4375	5462318
4376	-1
4377	5463622
4378	5464926
4379	5466230
4380	-1
4381	5467534
4382	5468838
4383	5470142
4384	-1
4385	5471446
4386	5472750
4387	5474054
4388	-1
4389	5475358
4390	5476662
4391	5477966
4392	5479270
4393	-1
4394	5480574
4395	5481878
4396	5483182
4397	-1
4398	5484486
4399	5485790
4400	5487094
4401	-1
4402	5488398
4403	5489702
4404	5491006
4405	5492310
4406	-1
4407	5493614
4408	5494918
4409	5496222
4410	-1
4411	5497526
4412	5498830
4413	5500134
4414	-1
4415	5501438
4416	5502742
4417	5504046
4418	5505350
4419	-1
4420	5506654
4421	5507958
4422	5509262
4423	-1
4424	5510566
4425	5511870
4426	5513174
4427	-1
4428	5514478
4429	5515782
4430	5517086
4431	-1
4432	5518390
4433	5519694
4434	5520998
4435	5522302
4436	-1
4437	5523606
4438	5524910
4439	5526214
4440	-1
4441	5527518
4442	5528822
4443	5530126
4444	-1
4445	5531430
4446	5532734
4447	5534038
4448	5535342
4449	-1
4450	5536646
4451	5537950
4452	5539254
4453	-1
4454	5540558
4455	5541862
4456	5543166
4457	-1
4458	5544470
4459	5545774
4460	5547078
4461	-1
4462	5548382
4463	5549686
4464	5550990
4465	5552294
4466	-1
4467	5553598
4468	5554902
4469	5556206
4470	-1
4471	5557510
4472	5558814
4473	5560118
4474	-1
4475	5561422
4476	5562726
4477	5564030
4478	5565334
4479	-1
4480	5566638
4481	5567942
4482	5569246
4483	-1
4484	5570550
4485	5571854
4486	5573158
4487	-1
4488	5574462
4489	5575766
4490	5577070
4491	-1
4492	5578374
4493	5579678
4494	5580982
4495	5582286
4496	-1
4497	5583590
4498	5584894
4499	5586198
4500	-1
4501	5587502
4502	5588806
4503	5590110
4504	-1
4505	5591414
4506	5592718
4507	5594022
4508	5595326
4509	-1
4510	5596630
4511	5597934
4512	5599238
4513	-1
4514	5600542
4515	5601846
4516	5603150
4517	-1
4518	5604454
4519	5605758
4520	5607062
4521	-1
4522	5608366
4523	5609670
4524	5610974
4525	5612278
4526	-1
4527	5613582
4528	5614886
4529	5616190
4530	-1
4531	5617494
4532	5618798
4533	5620102
4534	-1
4535	5621406
4536	5622710
4537	5624014
4538	5625318
4539	-1
4540	5626622
4541	5627926
4542	5629230
4543	-1
4544	5630534
4545	5631838
4546	5633142
4547	-1
4548	5634446
4549	5635750
4550	5637054
4551	-1
4552	5638358
4553	5639662
4554	5640966
4555	5642270
4556	-1
4557	5643574
4558	5644878
4559	5646182
4560	-1
4561	5647486
4562	5648790
4563	5650094
4564	-1
4565	5651398
4566	5652702
4567	5654006
4568	5655310
4569	-1
4570	5656614
4571	5657918
4572	5659222
4573	-1
4574	5660526
4575	5661830
4576	5663134
4577	-1
4578	5664438
4579	5665742
4580	5667046
4581	5668350
4582	-1
4583	5669654
4584	5670958
4585	5672262
4586	-1
4587	5673566
4588	5674870
4589	5676174
4590	-1
4591	5677478
4592	5678782
4593	5680086
4594	-1
4595	5681390
4596	5682694
4597	5683998
4598	5685302
4599	-1
4600	5686606
4601	5687910
4602	5689214
4603	-1
4604	5690518
4605	5691822
4606	5693126
4607	-1
4608	5694430
4609	5695734
4610	5697038
4611	5698342
4612	-1
4613	5699646
4614	5700950
4615	5702254
4616	-1
4617	5703558
4618	5704862
4619	5706166
4620	-1
4621	5707470
4622	5708774
4623	5710078
4624	-1
4625	5711382
4626	5712686
4627	5713990
4628	5715294
4629	-1
4630	5716598
4631	5717902
4632	5719206
4633	-1
4634	5720510
4635	5721814
4636	5723118
4637	-1
4638	5724422
4639	5725726
4640	5727030
4641	5728334
4642	-1
4643	5729638
4644	5730942
4645	5732246
4646	-1
4647	5733550
4648	5734854
4649	5736158
4650	-1
4651	5737462
4652	5738766
4653	5740070
4654	-1
4655	5741374
4656	5742678
4657	5743982
4658	5745286
4659	-1
4660	5746590
4661	5747894
4662	5749198
4663	-1
4664	5750502
4665	5751806
4666	5753110
4667	-1
4668	5754414
4669	5755718
4670	5757022
4671	5758326
4672	-1
4673	5759630
4674	5760934
4675	5762238
4676	-1
4677	5763542
4678	5764846
4679	5766150
4680	-1
4681	5767454
4682	5768758
4683	5770062
4684	-1
4685	5771366
4686	5772670
4687	5773974
4688	5775278
4689	-1
4690	5776582
4691	5777886
4692	5779190
4693	-1
4694	5780494
4695	5781798
4696	5783102
4697	-1
4698	5784406
4699	5785710
4700	5787014
4701	5788318
4702	-1
4703	5789622
4704	5790926
4705	5792230
4706	-1
4707	5793534
4708	5794838
4709	5796142
4710	-1
4711	5797446
4712	5798750
4713	5800054
4714	-1
4715	5801358
4716	5802662
4717	5803966
4718	5805270
4719	-1
4720	5806574
4721	5807878
4722	5809182
4723	-1
4724	5810486
4725	5811790
4726	5813094
4727	-1
4728	5814398
4729	5815702
4730	5817006
4731	5818310
4732	-1
4733	5819614
4734	5820918
4735	5822222
4736	-1
4737	5823526
4738	5824830
4739	5826134
4740	-1
4741	5827438
4742	5828742
4743	5830046
4744	5831350
4745	-1
4746	5832654
4747	5833958
4748	5835262
4749	-1
4750	5836566
4751	5837870
4752	5839174
4753	-1
4754	5840478
4755	5841782
4756	5843086
4757	-1
4758	5844390
4759	5845694
4760	5846998
4761	5848302
4762	-1
4763	5849606
4764	5850910
4765	5852214
4766	-1
4767	5853518
4768	5854822
4769	5856126
4770	-1
4771	5857430
4772	5858734
4773	5860038
4774	5861342
4775	-1
4776	5862646
4777	5863950
4778	5865254
4779	-1
4780	5866558
4781	5867862
4782	5869166
4783	-1
4784	5870470
4785	5871774
4786	5873078
4787	-1
4788	5874382
4789	5875686
4790	5876990
4791	5878294
4792	-1
4793	5879598
4794	5880902
4795	5882206
4796	-1
4797	5883510
4798	5884814
4799	5886118
4800	-1
4801	5887422
4802	5888726
4803	5890030
4804	5891334
4805	-1
4806	5892638
4807	5893942
4808	5895246
4809	-1
4810	5896550
4811	5897854
4812	5899158
4813	-1
4814	5900462
4815	5901766
4816	5903070
4817	-1
4818	5904374
4819	5905678
4820	5906982
4821	5908286
4822	-1
4823	5909590
4824	5910894
4825	5912198
4826	-1
4827	5913502
4828	5914806
4829	5916110
4830	-1
4831	5917414
4832	5918718
4833	5920022
4834	5921326
4835	-1
4836	5922630
4837	5923934
4838	5925238
4839	-1
4840	5926542
4841	5927846
4842	5929150
4843	-1
4844	5930454
4845	5931758
4846	5933062
4847	-1
4848	5934366
4849	5935670
4850	5936974
4851	5938278
4852	-1
4853	5939582
4854	5940886
4855	5942190
4856	-1
4857	5943494
4858	5944798
4859	5946102
4860	-1
4861	5947406
4862	5948710
4863	5950014
4864	5951318
4865	-1
4866	5952622
4867	5953926
4868	5955230
4869	-1
4870	5956534
4871	5957838
4872	5959142
4873	-1
4874	5960446
4875	5961750
4876	5963054
4877	-1
4878	5964358
4879	5965662
4880	5966966
4881	5968270
4882	-1
4883	5969574
4884	5970878
4885	5972182
4886	-1
4887	5973486
4888	5974790
4889	5976094
4890	-1
4891	5977398
4892	5978702
4893	5980006
4894	5981310
4895	-1
4896	5982614
4897	5983918
4898	5985222
4899	-1
4900	5986526
4901	5987830
4902	5989134
4903	-1
4904	5990438
4905	5991742
4906	5993046
4907	5994350
4908	-1
4909	5995654
4910	5996958
4911	5998262
4912	-1
4913	5999566
4914	6000870
4915	6002174
4916	-1
4917	6003478
4918	6004782
4919	6006086
4920	-1
4921	6007390
4922	6008694
4923	6009998
4924	6011302
4925	-1
4926	6012606
4927	6013910
4928	6015214
4929	-1
4930	6016518
4931	6017822
4932	6019126
4933	-1
4934	6020430
4935	6021734
4936	6023038
4937	6024342
4938	-1
4939	6025646
4940	6026950
4941	6028254
4942	-1
4943	6029558
4944	6030862
4945	6032166
4946	-1
4947	6033470
4948	6034774
4949	6036078
4950	-1
4951	6037382
4952	6038686
4953	6039990
4954	6041294
4955	-1
4956	6042598
4957	6043902
4958	6045206
4959	-1
4960	6046510
4961	6047814
4962	6049118
4963	-1
4964	6050422
4965	6051726
4966	6053030
4967	6054334
4968	-1
4969	6055638
4970	6056942
4971	6058246
4972	-1
4973	6059550
4974	6060854
4975	6062158
4976	-1
4977	6063462
4978	6064766
4979	6066070
4980	-1
4981	6067374
4982	6068678
4983	6069982
4984	6071286
4985	-1
4986	6072590
4987	6073894
4988	6075198
4989	-1
4990	6076502
4991	6077806
4992	6079110
4993	-1
4994	6080414
4995	6081718
4996	6083022
4997	6084326
4998	-1
4999	6085630
5000	6086934
5001	6088238
5002	-1
5003	6089542
5004	6090846
5005	6092150
5006	-1
5007	6093454
5008	6094758
5009	6096062
5010	-1
5011	6097366
5012	6098670
5013	6099974
5014	6101278
5015	-1
5016	6102582
5017	6103886
5018	6105190
5019	-1
5020	6106494
5021	6107798
5022	6109102
5023	-1
5024	6110406
5025	6111710
5026	6113014
5027	6114318
5028	-1
5029	6115622
5030	6116926
5031	6118230
5032	-1
5033	6119534
5034	6120838
5035	6122142
5036	-1
5037	6123446
5038	6124750
5039	6126054
5040	-1
5041	6127358
5042	6128662
5043	6129966
5044	6131270
5045	-1
5046	6132574
5047	6133878
5048	6135182
5049	-1
5050	6136486
5051	6137790
5052	6139094
5053	-1
5054	6140398
5055	6141702
5056	6143006
5057	6144310
5058	-1
5059	6145614
5060	6146918
5061	6148222
5062	-1
5063	6149526
5064	6150830
5065	6152134
5066	-1
5067	6153438
5068	6154742
5069	6156046
5070	6157350
5071	-1
5072	6158654
5073	6159958
5074	6161262
5075	-1
5076	6162566
5077	6163870
5078	6165174
5079	-1
5080	6166478
5081	6167782
5082	6169086
5083	-1
5084	6170390
5085	6171694
5086	6172998
5087	6174302
5088	-1
5089	6175606
5090	6176910
5091	6178214
5092	-1
5093	6179518
5094	6180822
5095	6182126
5096	-1
5097	6183430
5098	6184734
5099	6186038
5100	6187342
5101	-1
5102	6188646
5103	6189950
5104	6191254
5105	-1
5106	6192558
5107	6193862
5108	6195166
5109	-1
5110	6196470
5111	6197774
5112	6199078
5113	-1
5114	6200382
5115	6201686
5116	6202990
5117	6204294
5118	-1
5119	6205598
5120	6206902
5121	6208206
5122	-1
5123	6209510
5124	6210814
5125	6212118
5126	-1
5127	6213422
5128	6214726
5129	6216030
5130	6217334
5131	-1
5132	6218638
5133	6219942
5134	6221246
5135	-1
5136	6222550
5137	6223854
5138	6225158
5139	-1
5140	6226462
5141	6227766
5142	6229070
5143	-1
5144	6230374
5145	6231678
5146	6232982
5147	6234286
5148	-1
5149	6235590
5150	6236894
5151	6238198
5152	-1
5153	6239502
5154	6240806
5155	6242110
5156	-1
5157	6243414
5158	6244718
5159	6246022
5160	6247326
5161	-1
5162	6248630
5163	6249934
5164	6251238
5165	-1
5166	6252542
5167	6253846
5168	6255150
5169	-1
5170	6256454
5171	6257758
5172	6259062
5173	-1
5174	6260366
5175	6261670
5176	6262974
5177	6264278
5178	-1
5179	6265582
5180	6266886
5181	6268190
5182	-1
5183	6269494
5184	6270798
5185	6272102
5186	-1
5187	6273406
5188	6274710
5189	6276014
5190	6277318
5191	-1
5192	6278622
5193	6279926
5194	6281230
5195	-1
5196	6282534
5197	6283838
5198	6285142
5199	-1
5200	6286446
5201	6287750
5202	6289054
5203	-1
5204	6290358
5205	6291662
5206	6292966
5207	6294270
5208	-1
5209	6295574
5210	6296878
5211	6298182
5212	-1
5213	6299486
5214	6300790
5215	6302094
5216	-1
5217	6303398
5218	6304702
5219	6306006
5220	6307310
5221	-1
5222	6308614
5223	6309918
5224	6311222
5225	-1
5226	6312526
5227	6313830
5228	6315134
5229	-1
5230	6316438
5231	6317742
5232	6319046
5233	6320350
5234	-1
5235	6321654
5236	6322958
5237	6324262
5238	-1
5239	6325566
5240	6326870
5241	6328174
5242	-1
5243	6329478
5244	6330782
5245	6332086
5246	-1
5247	6333390
5248	6334694
5249	6335998
5250	6337302
5251	-1
5252	6338606
5253	6339910
5254	6341214
5255	-1
5256	6342518
5257	6343822
5258	6345126
5259	-1
5260	6346430
5261	6347734
5262	6349038
5263	6350342
5264	-1
5265	6351646
5266	6352950
5267	6354254
5268	-1
5269	6355558
5270	6356862
5271	6358166
5272	-1
5273	6359470
5274	6360774
5275	6362078
5276	-1
5277	6363382
5278	6364686
5279	6365990
5280	6367294
5281	-1
5282	6368598
5283	6369902
5284	6371206
5285	-1
5286	6372510
5287	6373814
5288	6375118
5289	-1
5290	6376422
5291	6377726
5292	6379030
5293	6380334
5294	-1
5295	6381638
5296	6382942
5297	6384246
5298	-1
5299	6385550
5300	6386854
5301	6388158
5302	-1
5303	6389462
5304	6390766
5305	6392070
5306	-1
5307	6393374
5308	6394678
5309	6395982
5310	6397286
5311	-1
5312	6398590
5313	6399894
5314	6401198
5315	-1
5316	6402502
5317	6403806
5318	6405110
5319	-1
5320	6406414
5321	6407718
5322	6409022
5323	6410326
5324	-1
5325	6411630
5326	6412934
5327	6414238
5328	-1
5329	6415542
5330	6416846
5331	6418150
5332	-1
5333	6419454
5334	6420758
5335	6422062
5336	-1
5337	6423366
5338	6424670
5339	6425974
5340	6427278
5341	-1
5342	6428582
5343	6429886
5344	6431190
5345	-1
5346	6432494
5347	6433798
5348	6435102
5349	-1
5350	6436406
5351	6437710
5352	6439014
5353	6440318
5354	-1
5355	6441622
5356	6442926
5357	6444230
5358	-1
5359	6445534
5360	6446838
5361	6448142
5362	-1
5363	6449446
5364	6450750
5365	6452054
5366	-1
5367	6453358
5368	6454662
5369	6455966
5370	6457270
5371	-1
5372	6458574
5373	6459878
5374	6461182
5375	-1
5376	6462486
5377	6463790
5378	6465094
5379	-1
5380	6466398
5381	6467702
5382	6469006
5383	6470310
5384	-1
5385	6471614
5386	6472918
5387	6474222
5388	-1
5389	6475526
5390	6476830
5391	6478134
5392	-1
5393	6479438
5394	6480742
5395	6482046
5396	6483350
5397	-1
5398	6484654
5399	6485958
5400	6487262
5401	-1
5402	6488566
5403	6489870
5404	6491174
5405	-1
5406	6492478
5407	6493782
5408	6495086
5409	-1
5410	6496390
5411	6497694
5412	6498998
5413	6500302
5414	-1
5415	6501606
5416	6502910
5417	6504214
5418	-1
5419	6505518
5420	6506822
5421	6508126
5422	-1
5423	6509430
5424	6510734
5425	6512038
5426	6513342
5427	-1
5428	6514646
5429	6515950
5430	6517254
5431	-1
5432	6518558
5433	6519862
5434	6521166
5435	-1
5436	6522470
5437	6523774
5438	6525078
5439	-1
5440	6526382
5441	6527686
5442	6528990
5443	6530294
5444	-1
5445	6531598
5446	6532902
5447	6534206
5448	-1
5449	6535510
5450	6536814
5451	6538118
5452	-1
5453	6539422
5454	6540726
5455	6542030
5456	6543334
5457	-1
5458	6544638
5459	6545942
5460	6547246
5461	-1
5462	6548550
5463	6549854
5464	6551158
5465	-1
5466	6552462
5467	6553766
5468	6555070
5469	-1
5470	6556374
5471	6557678
5472	6558982
5473	6560286
5474	-1
5475	6561590
5476	6562894
5477	6564198
5478	-1
5479	6565502
5480	6566806
5481	6568110
5482	-1
5483	6569414
5484	6570718
5485	6572022
5486	6573326
5487	-1
5488	6574630
5489	6575934
5490	6577238
5491	-1
5492	6578542
5493	6579846
5494	6581150
5495	-1
5496	6582454
5497	6583758
5498	6585062
5499	-1
5500	6586366
5501	6587670
5502	6588974
5503	6590278
5504	-1
5505	6591582
5506	6592886
5507	6594190
5508	-1
5509	6595494
5510	6596798
5511	6598102
5512	-1
5513	6599406
5514	6600710
5515	6602014
5516	6603318
5517	-1
5518	6604622
5519	6605926
5520	6607230
5521	-1
5522	6608534
5523	6609838
5524	6611142
5525	-1
5526	6612446
5527	6613750
5528	6615054
5529	-1
5530	6616358
5531	6617662
5532	6618966
5533	6620270
5534	-1
5535	6621574
5536	6622878
5537	6624182
5538	-1
5539	6625486
5540	6626790
5541	6628094
5542	-1
5543	6629398
5544	6630702
5545	6632006
5546	6633310
5547	-1
5548	6634614
5549	6635918
5550	6637222
5551	-1
5552	6638526
5553	6639830
5554	6641134
5555	-1
5556	6642438
5557	6643742
5558	6645046
5559	6646350
5560	-1
5561	6647654
5562	6648958
5563	6650262
5564	-1
5565	6651566
5566	6652870
5567	6654174
5568	-1
5569	6655478
5570	6656782
5571	6658086
5572	-1
5573	6659390
5574	6660694
5575	6661998
5576	6663302
5577	-1
5578	6664606
5579	6665910
5580	6667214
5581	-1
5582	6668518
5583	6669822
5584	6671126
5585	-1
5586	6672430
5587	6673734
5588	6675038
5589	6676342
5590	-1
5591	6677646
5592	6678950
5593	6680254
5594	-1
5595	6681558
5596	6682862
5597	6684166
5598	-1
5599	6685470
5600	6686774
5601	6688078
5602	-1
5603	6689382
5604	6690686
5605	6691990
5606	6693294
5607	-1
5608	6694598
5609	6695902
5610	6697206
5611	-1
5612	6698510
5613	6699814
5614	6701118
5615	-1
5616	6702422
5617	6703726
5618	6705030
5619	6706334
5620	-1
5621	6707638
5622	6708942
5623	6710246
5624	-1
5625	6711550
5626	6712854
5627	6714158
5628	-1
5629	6715462
5630	6716766
5631	6718070
5632	-1
5633	6719374
5634	6720678
5635	6721982
5636	6723286
5637	-1
5638	6724590
5639	6725894
5640	6727198
5641	-1
5642	6728502
5643	6729806
5644	6731110
5645	-1
5646	6732414
5647	6733718
5648	6735022
5649	6736326
5650	-1
5651	6737630
5652	6738934
5653	6740238
5654	-1
5655	6741542
5656	6742846
5657	6744150
5658	-1
5659	6745454
5660	6746758
5661	6748062
5662	-1
5663	6749366
5664	6750670
5665	6751974
5666	6753278
5667	-1
5668	6754582
5669	6755886
5670	6757190
5671	-1
5672	6758494
5673	6759798
5674	6761102
5675	-1
5676	6762406
5677	6763710
5678	6765014
5679	6766318
5680	-1
5681	6767622
5682	6768926
5683	6770230
5684	-1
5685	6771534
5686	6772838
5687	6774142
5688	-1
5689	6775446
5690	6776750
5691	6778054
5692	-1
5693	6779358
5694	6780662
5695	6781966
5696	6783270
5697	-1
5698	6784574
5699	6785878
5700	6787182
5701	-1
5702	6788486
5703	6789790
5704	6791094
5705	-1
5706	6792398
5707	6793702
5708	6795006
5709	6796310
5710	-1
5711	6797614
5712	6798918
5713	6800222
5714	-1
5715	6801526
5716	6802830
5717	6804134
5718	-1
5719	6805438
5720	6806742
5721	6808046
5722	6809350
5723	-1
5724	6810654
5725	6811958
5726	6813262
5727	-1
5728	6814566
5729	6815870
5730	6817174
5731	-1
5732	6818478
5733	6819782
5734	6821086
5735	-1
5736	6822390
5737	6823694
5738	6824998
5739	6826302
5740	-1
5741	6827606
5742	6828910
5743	6830214
5744	-1
5745	6831518
5746	6832822
5747	6834126
5748	-1
5749	6835430
5750	6836734
5751	6838038
5752	6839342
5753	-1
5754	6840646
5755	6841950
5756	6843254
5757	-1
5758	6844558
5759	6845862
5760	6847166
5761	-1
5762	6848470
5763	6849774
5764	6851078
5765	-1
5766	6852382
5767	6853686
5768	6854990
5769	6856294
5770	-1
5771	6857598
5772	6858902
5773	6860206
5774	-1
5775	6861510
5776	6862814
5777	6864118
5778	-1
5779	6865422
5780	6866726
5781	6868030
5782	6869334
5783	-1
5784	6870638
5785	6871942
5786	6873246
5787	-1
5788	6874550
5789	6875854
5790	6877158
5791	-1
5792	6878462
5793	6879766
5794	6881070
5795	-1
5796	6882374
5797	6883678
5798	6884982
5799	6886286
5800	-1
5801	6887590
5802	6888894
5803	6890198
5804	-1
5805	6891502
5806	6892806
5807	6894110
5808	-1
5809	6895414
5810	6896718
5811	6898022
5812	6899326
5813	-1
5814	6900630
5815	6901934
5816	6903238
5817	-1
5818	6904542
5819	6905846
5820	6907150
5821	-1
5822	6908454
5823	6909758
5824	6911062
5825	-1
5826	6912366
5827	6913670
5828	6914974
5829	6916278
5830	-1
5831	6917582
5832	6918886
5833	6920190
5834	-1
5835	6921494
5836	6922798
5837	6924102
5838	-1
5839	6925406
5840	6926710
5841	6928014
5842	6929318
5843	-1
5844	6930622
5845	6931926
5846	6933230
5847	-1
5848	6934534
5849	6935838
5850	6937142
5851	-1
5852	6938446
5853	6939750
5854	6941054
5855	-1
5856	6942358
5857	6943662
5858	6944966
5859	6946270
5860	-1
5861	6947574
5862	6948878
5863	6950182
5864	-1
5865	6951486
5866	6952790
5867	6954094
5868	-1
5869	6955398
5870	6956702
5871	6958006
5872	6959310
5873	-1
5874	6960614
5875	6961918
5876	6963222
5877	-1
5878	6964526
5879	6965830
5880	6967134
5881	-1
5882	6968438
5883	6969742
5884	6971046
5885	6972350
5886	-1
5887	6973654
5888	6974958
5889	6976262
5890	-1
5891	6977566
5892	6978870
5893	6980174
5894	-1
5895	6981478
5896	6982782
5897	6984086
5898	-1
5899	6985390
5900	6986694
5901	6987998
5902	6989302
5903	-1
5904	6990606
5905	6991910
5906	6993214
5907	-1
5908	6994518
5909	6995822
5910	6997126
5911	-1
5912	6998430
5913	6999734
5914	7001038
5915	7002342
5916	-1
5917	7003646
5918	7004950
5919	7006254
5920	-1
5921	7007558
5922	7008862
5923	7010166
5924	-1
5925	7011470
5926	7012774
5927	7014078
5928	-1
5929	7015382
5930	7016686
5931	7017990
5932	7019294
5933	-1
5934	7020598
5935	7021902
5936	7023206
5937	-1
5938	7024510
5939	7025814
5940	7027118
5941	-1
5942	7028422
5943	7029726
5944	7031030
5945	7032334
5946	-1
5947	7033638
5948	7034942
5949	7036246
5950	-1
5951	7037550
5952	7038854
5953	7040158
5954	-1
5955	7041462
5956	7042766
5957	7044070
5958	-1
5959	7045374
5960	7046678
5961	7047982
5962	7049286
5963	-1
5964	7050590
5965	7051894
5966	7053198
5967	-1
5968	7054502
5969	7055806
5970	7057110
5971	-1
5972	7058414
5973	7059718
5974	7061022
5975	7062326
5976	-1
5977	7063630
5978	7064934
5979	7066238
5980	-1
5981	7067542
5982	7068846
5983	7070150
5984	-1
5985	7071454
5986	7072758
5987	7074062
5988	-1
5989	7075366
5990	7076670
5991	7077974
5992	7079278
5993	-1
5994	7080582
5995	7081886
5996	7083190
5997	-1
5998	7084494
5999	7085798
6000	7087102
6001	-1
6002	7088406
6003	7089710
6004	7091014
6005	7092318
6006	-1
6007	7093622
6008	7094926
6009	7096230
6010	-1
6011	7097534
6012	7098838
6013	7100142
6014	-1
6015	7101446
6016	7102750
6017	7104054
6018	-1
6019	7105358
6020	7106662
6021	7107966
6022	7109270
6023	-1
6024	7110574
6025	7111878
6026	7113182
6027	-1
6028	7114486
6029	7115790
6030	7117094
6031	-1
6032	7118398
6033	7119702
6034	7121006
6035	7122310
6036	-1
6037	7123614
6038	7124918
6039	7126222
6040	-1
6041	7127526
6042	7128830
6043	7130134
6044	-1
6045	7131438
6046	7132742
6047	7134046
6048	7135350
6049	-1
6050	7136654
6051	7137958
6052	7139262
6053	-1
6054	7140566
6055	7141870
6056	7143174
6057	-1
6058	7144478
6059	7145782
6060	7147086
6061	-1
6062	7148390
6063	7149694
6064	7150998
6065	7152302
6066	-1
6067	7153606
6068	7154910
6069	7156214
6070	-1
6071	7157518
6072	7158822
6073	7160126
6074	-1
6075	7161430
6076	7162734
6077	7164038
6078	7165342
6079	-1
6080	7166646
6081	7167950
6082	7169254
6083	-1
6084	7170558
6085	7171862
6086	7173166
6087	-1
6088	7174470
6089	7175774
6090	7177078
6091	-1
6092	7178382
6093	7179686
6094	7180990
6095	7182294
6096	-1
6097	7183598
6098	7184902
6099	7186206
6100	-1
6101	7187510
6102	7188814
6103	7190118
6104	-1
6105	7191422
6106	7192726
6107	7194030
6108	7195334
6109	-1
6110	7196638
6111	7197942
6112	7199246
6113	-1
6114	7200550
6115	7201854
6116	7203158
6117	-1
6118	7204462
6119	7205766
6120	7207070
6121	-1
6122	7208374
6123	7209678
6124	7210982
6125	7212286
6126	-1
6127	7213590
6128	7214894
6129	7216198
6130	-1
6131	7217502
6132	7218806
6133	7220110
6134	-1
6135	7221414
6136	7222718
6137	7224022
6138	7225326
6139	-1
6140	7226630
6141	7227934
6142	7229238
6143	-1
6144	7230542
6145	7231846
6146	7233150
6147	-1
6148	7234454
6149	7235758
6150	7237062
6151	-1
6152	7238366
6153	7239670
6154	7240974
6155	7242278
6156	-1
6157	7243582
6158	7244886
6159	7246190
6160	-1
6161	7247494
6162	7248798
6163	7250102
6164	-1
6165	7251406
6166	7252710
6167	7254014
6168	7255318
6169	-1
6170	7256622
6171	7257926
6172	7259230
6173	-1
6174	7260534
6175	7261838
6176	7263142
6177	-1
6178	7264446
6179	7265750
6180	7267054
6181	-1
6182	7268358
6183	7269662
6184	7270966
6185	7272270
6186	-1
6187	7273574
6188	7274878
6189	7276182
6190	-1
6191	7277486
6192	7278790
6193	7280094
6194	-1
6195	7281398
6196	7282702
6197	7284006
6198	7285310
6199	-1
6200	7286614
6201	7287918
6202	7289222
6203	-1
6204	7290526
6205	7291830
6206	7293134
6207	-1
6208	7294438
6209	7295742
6210	7297046
6211	7298350
6212	-1
6213	7299654
6214	7300958
6215	7302262
6216	-1
6217	7303566
6218	7304870
6219	7306174
6220	-1
6221	7307478
6222	7308782
6223	7310086
6224	-1
6225	7311390
6226	7312694
6227	7313998
6228	7315302
6229	-1
6230	7316606
6231	7317910
6232	7319214
6233	-1
6234	7320518
6235	7321822
6236	7323126
6237	-1
6238	7324430
6239	7325734
6240	7327038
6241	7328342
6242	-1
6243	7329646
6244	7330950
6245	7332254
6246	-1
6247	7333558
6248	7334862
6249	7336166
6250	-1
6251	7337470
6252	7338774
6253	7340078
6254	-1
6255	7341382
6256	7342686
6257	7343990
6258	7345294
6259	-1
6260	7346598
6261	7347902
6262	7349206
6263	-1
6264	7350510
6265	7351814
6266	7353118
6267	-1
6268	7354422
6269	7355726
6270	7357030
6271	7358334
6272	-1
6273	7359638
6274	7360942
6275	7362246
6276	-1
6277	7363550
6278	7364854
6279	7366158
6280	-1
6281	7367462
6282	7368766
6283	7370070
6284	-1
6285	7371374
6286	7372678
6287	7373982
6288	7375286
6289	-1
6290	7376590
6291	7377894
6292	7379198
6293	-1
6294	7380502
6295	7381806
6296	7383110
6297	-1
6298	7384414
6299	7385718
6300	7387022
6301	7388326
6302	-1
6303	7389630
6304	7390934
6305	7392238
6306	-1
6307	7393542
6308	7394846
6309	7396150
6310	-1
6311	7397454
6312	7398758
6313	7400062
6314	-1
6315	7401366
6316	7402670
6317	7403974
6318	7405278
6319	-1
6320	7406582
6321	7407886
6322	7409190
6323	-1
6324	7410494
6325	7411798
6326	7413102
6327	-1
6328	7414406
6329	7415710
6330	7417014
6331	7418318
6332	-1
6333	7419622
6334	7420926
6335	7422230
6336	-1
6337	7423534
6338	7424838
6339	7426142
6340	-1
6341	7427446
6342	7428750
6343	7430054
6344	-1
6345	7431358
6346	7432662
6347	7433966
6348	7435270
6349	-1
6350	7436574
6351	7437878
6352	7439182
6353	-1
6354	7440486
6355	7441790
6356	7443094
6357	-1
6358	7444398
6359	7445702
6360	7447006
6361	7448310
6362	-1
6363	7449614
6364	7450918
6365	7452222
6366	-1
6367	7453526
6368	7454830
6369	7456134
6370	-1
6371	7457438
6372	7458742
6373	7460046
6374	7461350
6375	-1
6376	7462654
6377	7463958
6378	7465262
6379	-1
6380	7466566
6381	7467870
6382	7469174
6383	-1
6384	7470478
6385	7471782
6386	7473086
6387	-1
6388	7474390
6389	7475694
6390	7476998
6391	7478302
6392	-1
6393	7479606
6394	7480910
6395	7482214
6396	-1
6397	7483518
6398	7484822
6399	7486126
6400	-1
6401	7487430
6402	7488734
6403	7490038
6404	7491342
6405	-1
6406	7492646
6407	7493950
6408	7495254
6409	-1
6410	7496558
6411	7497862
6412	7499166
6413	-1
6414	7500470
6415	7501774
6416	7503078
6417	-1
6418	7504382
6419	7505686
6420	7506990
6421	7508294
6422	-1
6423	7509598
6424	7510902
6425	7512206
6426	-1
6427	7513510
6428	7514814
6429	7516118
6430	-1
6431	7517422
6432	7518726
6433	7520030
6434	7521334
6435	-1
6436	7522638
6437	7523942
6438	7525246
6439	-1
6440	7526550
6441	7527854
6442	7529158
6443	-1
6444	7530462
6445	7531766
6446	7533070
6447	-1
6448	7534374
6449	7535678
6450	7536982
6451	7538286
6452	-1
6453	7539590
6454	7540894
6455	7542198
6456	-1
6457	7543502
6458	7544806
6459	7546110
6460	-1
6461	7547414
6462	7548718
6463	7550022
6464	7551326
6465	-1
6466	7552630
6467	7553934
6468	7555238
6469	-1
6470	7556542
6471	7557846
6472	7559150
6473	-1
6474	7560454
6475	7561758
6476	7563062
6477	-1
6478	7564366
6479	7565670
6480	7566974
6481	7568278
6482	-1
6483	7569582
6484	7570886
6485	7572190
6486	-1
6487	7573494
6488	7574798
6489	7576102
6490	-1
6491	7577406
6492	7578710
6493	7580014
6494	7581318
6495	-1
6496	7582622
6497	7583926
6498	7585230
6499	-1
6500	7586534
6501	7587838
6502	7589142
6503	-1
6504	7590446
6505	7591750
6506	7593054
6507	-1
6508	7594358
6509	7595662
6510	7596966
6511	7598270
6512	-1
6513	7599574
6514	7600878
6515	7602182
6516	-1
6517	7603486
6518	7604790
6519	7606094
6520	-1
6521	7607398
6522	7608702
6523	7610006
6524	7611310
6525	-1
6526	7612614
6527	7613918
6528	7615222
6529	-1
6530	7616526
6531	7617830
6532	7619134
6533	-1
6534	7620438
6535	7621742
6536	7623046
6537	7624350
6538	-1
6539	7625654
6540	7626958
6541	7628262
6542	-1
6543	7629566
6544	7630870
6545	7632174
6546	-1
6547	7633478
6548	7634782
6549	7636086
6550	-1
6551	7637390
6552	7638694
6553	7639998
6554	7641302
6555	-1
6556	7642606
6557	7643910
6558	7645214
6559	-1
6560	7646518
6561	7647822
6562	7649126
6563	-1
6564	7650430
6565	7651734
6566	7653038
6567	7654342
6568	-1
6569	7655646
6570	7656950
6571	7658254
6572	-1
6573	7659558
6574	7660862
6575	7662166
6576	-1
6577	7663470
6578	7664774
6579	7666078
6580	-1
6581	7667382
6582	7668686
6583	7669990
6584	7671294
6585	-1
6586	7672598
6587	7673902
6588	7675206
6589	-1
6590	7676510
6591	7677814
6592	7679118
6593	-1
6594	7680422
6595	7681726
6596	7683030
6597	7684334
6598	-1
6599	7685638
6600	7686942
6601	7688246
6602	-1
6603	7689550
6604	7690854
6605	7692158
6606	-1
6607	7693462
6608	7694766
6609	7696070
6610	-1
6611	7697374
6612	7698678
6613	7699982
6614	7701286
6615	-1
6616	7702590
6617	7703894
6618	7705198
6619	-1
6620	7706502
6621	7707806
6622	7709110
6623	-1
6624	7710414
6625	7711718
6626	7713022
6627	7714326
6628	-1
6629	7715630
6630	7716934
6631	7718238
6632	-1
6633	7719542
6634	7720846
6635	7722150
6636	-1
6637	7723454
6638	7724758
6639	7726062
6640	-1
6641	7727366
6642	7728670
6643	7729974
6644	7731278
6645	-1
6646	7732582
6647	7733886
6648	7735190
6649	-1
6650	7736494
6651	7737798
6652	7739102
6653	-1
6654	7740406
6655	7741710
6656	7743014
6657	7744318
6658	-1
6659	7745622
6660	7746926
6661	7748230
6662	-1
6663	7749534
6664	7750838
6665	7752142
6666	-1
6667	7753446
6668	7754750
6669	7756054
6670	-1
6671	7757358
6672	7758662
6673	7759966
6674	7761270
6675	-1
6676	7762574
6677	7763878
6678	7765182
6679	-1
6680	7766486
6681	7767790
6682	7769094
6683	-1
6684	7770398
6685	7771702
6686	7773006
6687	7774310
6688	-1
6689	7775614
6690	7776918
6691	7778222
6692	-1
6693	7779526
6694	7780830
6695	7782134
6696	-1
6697	7783438
6698	7784742
6699	7786046
6700	7787350
6701	-1
6702	7788654
6703	7789958
6704	7791262
6705	-1
6706	7792566
6707	7793870
6708	7795174
6709	-1
6710	7796478
6711	7797782
6712	7799086
6713	-1
6714	7800390
6715	7801694
6716	7802998
6717	7804302
6718	-1
6719	7805606
6720	7806910
6721	7808214
6722	-1
6723	7809518
6724	7810822
6725	7812126
6726	-1
6727	7813430
6728	7814734
6729	7816038
6730	7817342
6731	-1
6732	7818646
6733	7819950
6734	7821254
6735	-1
6736	7822558
6737	7823862
6738	7825166
6739	-1
6740	7826470
6741	7827774
6742	7829078
6743	-1
6744	7830382
6745	7831686
6746	7832990
6747	7834294
6748	-1
6749	7835598
6750	7836902
6751	7838206
6752	-1
6753	7839510
6754	7840814
6755	7842118
6756	-1
6757	7843422
6758	7844726
6759	7846030
6760	7847334
6761	-1
6762	7848638
6763	7849942
6764	7851246
6765	-1
6766	7852550
6767	7853854
6768	7855158
6769	-1
6770	7856462
6771	7857766
6772	7859070
6773	-1
6774	7860374
6775	7861678
6776	7862982
6777	7864286
6778	-1
6779	7865590
6780	7866894
6781	7868198
6782	-1
6783	7869502
6784	7870806
6785	7872110
6786	-1
6787	7873414
6788	7874718
6789	7876022
6790	7877326
6791	-1
6792	7878630
6793	7879934
6794	7881238
6795	-1
6796	7882542
6797	7883846
6798	7885150
6799	-1
6800	7886454
6801	7887758
6802	7889062
6803	-1
6804	7890366
6805	7891670
6806	7892974
6807	7894278
6808	-1
6809	7895582
6810	7896886
6811	7898190
6812	-1
6813	7899494
6814	7900798
6815	7902102
6816	-1
6817	7903406
6818	7904710
6819	7906014
6820	7907318
6821	-1
6822	7908622
6823	7909926
6824	7911230
6825	-1
6826	7912534
6827	7913838
6828	7915142
6829	-1
6830	7916446
6831	7917750
6832	7919054
6833	-1
6834	7920358
6835	7921662
6836	7922966
6837	7924270
6838	-1
6839	7925574
6840	7926878
6841	7928182
6842	-1
6843	7929486
6844	7930790
6845	7932094
6846	-1
6847	7933398
6848	7934702
6849	7936006
6850	7937310
6851	-1
6852	7938614
6853	7939918
6854	7941222
6855	-1
6856	7942526
6857	7943830
6858	7945134
6859	-1
6860	7946438
6861	7947742
6862	7949046
6863	7950350
6864	-1
6865	7951654
6866	7952958
6867	7954262
6868	-1
6869	7955566
6870	7956870
6871	7958174
6872	-1
6873	7959478
6874	7960782
6875	7962086
6876	-1
6877	7963390
6878	7964694
6879	7965998
6880	7967302
6881	-1
6882	7968606
6883	7969910
6884	7971214
6885	-1
6886	7972518
6887	7973822
6888	7975126
6889	-1
6890	7976430
6891	7977734
6892	7979038
6893	7980342
6894	-1
6895	7981646
6896	7982950
6897	7984254
6898	-1
6899	7985558
6900	7986862
6901	7988166
6902	-1
6903	7989470
6904	7990774
6905	7992078
6906	-1
6907	7993382
6908	7994686
6909	7995990
6910	7997294
6911	-1
6912	7998598
6913	7999902
6914	8001206
6915	-1
6916	8002510
6917	8003814
6918	8005118
6919	-1
6920	8006422
6921	8007726
6922	8009030
6923	8010334
6924	-1
6925	8011638
6926	8012942
6927	8014246
6928	-1
6929	8015550
6930	8016854
6931	8018158
6932	-1
6933	8019462
6934	8020766
6935	8022070
6936	-1
6937	8023374
6938	8024678
6939	8025982
6940	8027286
6941	-1
6942	8028590
6943	8029894
6944	8031198
6945	-1
6946	8032502
6947	8033806
6948	8035110
6949	-1
6950	8036414
6951	8037718
6952	8039022
6953	8040326
6954	-1
6955	8041630
6956	8042934
6957	8044238
6958	-1
6959	8045542
6960	8046846
6961	8048150
6962	-1
6963	8049454
6964	8050758
6965	8052062
6966	-1
6967	8053366
6968	8054670
6969	8055974
6970	8057278
6971	-1
6972	8058582
6973	8059886
6974	8061190
6975	-1
6976	8062494
6977	8063798
6978	8065102
6979	-1
6980	8066406
6981	8067710
6982	8069014
6983	8070318
6984	-1
6985	8071622
6986	8072926
6987	8074230
6988	-1
6989	8075534
6990	8076838
6991	8078142
6992	-1
6993	8079446
6994	8080750
6995	8082054
6996	-1
6997	8083358
6998	8084662
6999	8085966
7000	8087270
7001	-1
7002	8088574
7003	8089878
7004	8091182
7005	-1
7006	8092486
7007	8093790
7008	8095094
7009	-1
7010	8096398
7011	8097702
7012	8099006
7013	8100310
7014	-1
7015	8101614
7016	8102918
7017	8104222
7018	-1
7019	8105526
7020	8106830
7021	8108134
7022	-1
7023	8109438
7024	8110742
7025	8112046
7026	8113350
7027	-1
7028	8114654
7029	8115958
7030	8117262
7031	-1
7032	8118566
7033	8119870
7034	8121174
7035	-1
7036	8122478
7037	8123782
7038	8125086
7039	-1
7040	8126390
7041	8127694
7042	8128998
7043	8130302
7044	-1
7045	8131606
7046	8132910
7047	8134214
7048	-1
7049	8135518
7050	8136822
7051	8138126
7052	-1
7053	8139430
7054	8140734
7055	8142038
7056	8143342
7057	-1
7058	8144646
7059	8145950
7060	8147254
7061	-1
7062	8148558
7063	8149862
7064	8151166
7065	-1
7066	8152470
7067	8153774
7068	8155078
7069	-1
7070	8156382
7071	8157686
7072	8158990
7073	8160294
7074	-1
7075	8161598
7076	8162902
7077	8164206
7078	-1
7079	8165510
7080	8166814
7081	8168118
7082	-1
7083	8169422
7084	8170726
7085	8172030
7086	8173334
7087	-1
7088	8174638
7089	8175942
7090	8177246
7091	-1
7092	8178550
7093	8179854
7094	8181158
7095	-1
7096	8182462
7097	8183766
7098	8185070
7099	-1
7100	8186374
7101	8187678
7102	8188982
7103	8190286
7104	-1
7105	8191590
7106	8192894
7107	8194198
7108	-1
7109	8195502
7110	8196806
7111	8198110
7112	-1
7113	8199414
7114	8200718
7115	8202022
7116	8203326
7117	-1
7118	8204630
7119	8205934
7120	8207238
7121	-1
7122	8208542
7123	8209846
7124	8211150
7125	-1
7126	8212454
7127	8213758
7128	8215062
7129	-1
7130	8216366
7131	8217670
7132	8218974
7133	8220278
7134	-1
7135	8221582
7136	8222886
7137	8224190
7138	-1
7139	8225494
7140	8226798
7141	8228102
7142	-1
7143	8229406
7144	8230710
7145	8232014
7146	8233318
7147	-1
7148	8234622
7149	8235926
7150	8237230
7151	-1
7152	8238534
7153	8239838
7154	8241142
7155	-1
7156	8242446
7157	8243750
7158	8245054
7159	-1
7160	8246358
7161	8247662
7162	8248966
7163	8250270
7164	-1
7165	8251574
7166	8252878
7167	8254182
7168	-1
7169	8255486
7170	8256790
7171	8258094
7172	-1
7173	8259398
7174	8260702
7175	8262006
7176	8263310
7177	-1
7178	8264614
7179	8265918
7180	8267222
7181	-1
7182	8268526
7183	8269830
7184	8271134
7185	-1
7186	8272438
7187	8273742
7188	8275046
7189	8276350
7190	-1
7191	8277654
7192	8278958
7193	8280262
7194	-1
7195	8281566
7196	8282870
7197	8284174
7198	-1
7199	8285478
7200	8286782
7201	8288086
7202	-1
7203	8289390
7204	8290694
7205	8291998
7206	8293302
7207	-1
7208	8294606
7209	8295910
7210	8297214
7211	-1
7212	8298518
7213	8299822
7214	8301126
7215	-1
7216	8302430
7217	8303734
7218	8305038
7219	8306342
7220	-1
7221	8307646
7222	8308950
7223	8310254
7224	-1
7225	8311558
7226	8312862
7227	8314166
7228	-1
7229	8315470
7230	8316774
7231	8318078
7232	-1
7233	8319382
7234	8320686
7235	8321990
7236	8323294
7237	-1
7238	8324598
7239	8325902
7240	8327206
7241	-1
7242	8328510
7243	8329814
7244	8331118
7245	-1
7246	8332422
7247	8333726
7248	8335030
7249	8336334
7250	-1
7251	8337638
7252	8338942
7253	8340246
7254	-1
7255	8341550
7256	8342854
7257	8344158
7258	-1
7259	8345462
7260	8346766
7261	8348070
7262	-1
7263	8349374
7264	8350678
7265	8351982
7266	8353286
7267	-1
7268	8354590
7269	8355894
7270	8357198
7271	-1
7272	8358502
7273	8359806
7274	8361110
7275	-1
7276	8362414
7277	8363718
7278	8365022
7279	8366326
7280	-1
7281	8367630
7282	8368934
7283	8370238
7284	-1
7285	8371542
7286	8372846
7287	8374150
7288	-1
7289	8375454
7290	8376758
7291	8378062
7292	-1
7293	8379366
7294	8380670
7295	8381974
7296	8383278
7297	-1
7298	8384582
7299	8385886
7300	8387190
7301	-1
7302	8388494
7303	8389798
7304	8391102
7305	-1
7306	8392406
7307	8393710
7308	8395014
7309	8396318
7310	-1
7311	8397622
7312	8398926
7313	8400230
7314	-1
7315	8401534
7316	8402838
7317	8404142
7318	-1
7319	8405446
7320	8406750
7321	8408054
7322	-1
7323	8409358
7324	8410662
7325	8411966
7326	8413270
7327	-1
7328	8414574
7329	8415878
7330	8417182
7331	-1
7332	8418486
7333	8419790
7334	8421094
7335	-1
7336	8422398
7337	8423702
7338	8425006
7339	8426310
7340	-1
7341	8427614
7342	8428918
7343	8430222
7344	-1
7345	8431526
7346	8432830
7347	8434134
7348	-1
7349	8435438
7350	8436742
7351	8438046
7352	8439350
7353	-1
7354	8440654
7355	8441958
7356	8443262
7357	-1
7358	8444566
7359	8445870
7360	8447174
7361	-1
7362	8448478
7363	8449782
7364	8451086
7365	-1
7366	8452390
7367	8453694
7368	8454998
7369	8456302
7370	-1
7371	8457606
7372	8458910
7373	8460214
7374	-1
7375	8461518
7376	8462822
7377	8464126
7378	-1
7379	8465430
7380	8466734
7381	8468038
7382	8469342
7383	-1
7384	8470646
7385	8471950
7386	8473254
7387	-1
7388	8474558
7389	8475862
7390	8477166
7391	-1
7392	8478470
7393	8479774
7394	8481078
7395	-1
7396	8482382
7397	8483686
7398	8484990
7399	8486294
7400	-1
7401	8487598
7402	8488902
7403	8490206
7404	-1
7405	8491510
7406	8492814
7407	8494118
7408	-1
7409	8495422
7410	8496726
7411	8498030
7412	8499334
7413	-1
7414	8500638
7415	8501942
7416	8503246
7417	-1
7418	8504550
7419	8505854
7420	8507158
7421	-1
7422	8508462
7423	8509766
7424	8511070
7425	-1
7426	8512374
7427	8513678
7428	8514982
7429	8516286
7430	-1
7431	8517590
7432	8518894
7433	8520198
7434	-1
7435	8521502
7436	8522806
7437	8524110
7438	-1
7439	8525414
7440	8526718
7441	8528022
7442	8529326
7443	-1
7444	8530630
7445	8531934
7446	8533238
7447	-1
7448	8534542
7449	8535846
7450	8537150
7451	-1
7452	8538454
7453	8539758
7454	8541062
7455	-1
7456	8542366
7457	8543670
7458	8544974
7459	8546278
7460	-1
7461	8547582
7462	8548886
7463	8550190
7464	-1
7465	8551494
7466	8552798
7467	8554102
7468	-1
7469	8555406
7470	8556710
7471	8558014
7472	8559318
7473	-1
7474	8560622
7475	8561926
7476	8563230
7477	-1
7478	8564534
7479	8565838
7480	8567142
7481	-1
7482	8568446
7483	8569750
7484	8571054
7485	-1
7486	8572358
7487	8573662
7488	8574966
7489	8576270
7490	-1
7491	8577574
7492	8578878
7493	8580182
7494	-1
7495	8581486
7496	8582790
7497	8584094
7498	-1
7499	8585398
7500	8586702
7501	8588006
7502	8589310
7503	-1
7504	8590614
7505	8591918
7506	8593222
7507	-1
7508	8594526
7509	8595830
7510	8597134
7511	-1
7512	8598438
7513	8599742
7514	8601046
7515	8602350
7516	-1
7517	8603654
7518	8604958
7519	8606262
7520	-1
7521	8607566
7522	8608870
7523	8610174
7524	-1
7525	8611478
7526	8612782
7527	8614086
7528	-1
7529	8615390
7530	8616694
7531	8617998
7532	8619302
7533	-1
7534	8620606
7535	8621910
7536	8623214
7537	-1
7538	8624518
7539	8625822
7540	8627126
7541	-1
7542	8628430
7543	8629734
7544	8631038
7545	8632342
7546	-1
7547	8633646
7548	8634950
7549	8636254
7550	-1
7551	8637558
7552	8638862
7553	8640166
7554	-1
7555	8641470
7556	8642774
7557	8644078
7558	-1
7559	8645382
7560	8646686
7561	8647990
7562	8649294
7563	-1
7564	8650598
7565	8651902
7566	8653206
7567	-1
7568	8654510
7569	8655814
7570	8657118
7571	-1
7572	8658422
7573	8659726
7574	8661030
7575	8662334
7576	-1
7577	8663638
7578	8664942
7579	8666246
7580	-1
7581	8667550
7582	8668854
7583	8670158
7584	-1
7585	8671462
7586	8672766
7587	8674070
7588	-1
7589	8675374
7590	8676678
7591	8677982
7592	8679286
7593	-1
7594	8680590
7595	8681894
7596	8683198
7597	-1
7598	8684502
7599	8685806
7600	8687110
7601	-1
7602	8688414
7603	8689718
7604	8691022
7605	8692326
7606	-1
7607	8693630
7608	8694934
7609	8696238
7610	-1
7611	8697542
7612	8698846
7613	8700150
7614	-1
7615	8701454
7616	8702758
7617	8704062
7618	-1
7619	8705366
7620	8706670
7621	8707974
7622	8709278
7623	-1
7624	8710582
7625	8711886
7626	8713190
7627	-1
7628	8714494
7629	8715798
7630	8717102
7631	-1
7632	8718406
7633	8719710
7634	8721014
7635	8722318
7636	-1
7637	8723622
7638	8724926
7639	8726230
7640	-1
7641	8727534
7642	8728838
7643	8730142
7644	-1
7645	8731446
7646	8732750
7647	8734054
7648	-1
7649	8735358
7650	8736662
7651	8737966
7652	8739270
7653	-1
7654	8740574
7655	8741878
7656	8743182
7657	-1
7658	8744486
7659	8745790
7660	8747094
7661	-1
7662	8748398
7663	8749702
7664	8751006
7665	8752310
7666	-1
7667	8753614
7668	8754918
7669	8756222
7670	-1
7671	8757526
7672	8758830
7673	8760134
7674	-1
7675	8761438
7676	8762742
7677	8764046
7678	8765350
7679	-1
7680	8766654
7681	8767958
7682	8769262
7683	-1
7684	8770566
7685	8771870
7686	8773174
7687	-1
7688	8774478
7689	8775782
7690	8777086
7691	-1
7692	8778390
7693	8779694
7694	8780998
7695	8782302
7696	-1
7697	8783606
7698	8784910
7699	8786214
7700	-1
7701	8787518
7702	8788822
7703	8790126
7704	-1
7705	8791430
7706	8792734
7707	8794038
7708	8795342
7709	-1
7710	8796646
7711	8797950
7712	8799254
7713	-1
7714	8800558
7715	8801862
7716	8803166
7717	-1
7718	8804470
7719	8805774
7720	8807078
7721	-1
7722	8808382
7723	8809686
7724	8810990
7725	8812294
7726	-1
7727	8813598
7728	8814902
7729	8816206
7730	-1
7731	8817510
7732	8818814
7733	8820118
7734	-1
7735	8821422
7736	8822726
7737	8824030
7738	8825334
7739	-1
7740	8826638
7741	8827942
7742	8829246
7743	-1
7744	8830550
7745	8831854
7746	8833158
7747	-1
7748	8834462
7749	8835766
7750	8837070
7751	-1
7752	8838374
7753	8839678
7754	8840982
7755	8842286
7756	-1
7757	8843590
7758	8844894
7759	8846198
7760	-1
7761	8847502
7762	8848806
7763	8850110
7764	-1
7765	8851414
7766	8852718
7767	8854022
7768	8855326
7769	-1
7770	8856630
7771	8857934
7772	8859238
7773	-1
7774	8860542
7775	8861846
7776	8863150
7777	-1
7778	8864454
7779	8865758
7780	8867062
7781	-1
7782	8868366
7783	8869670
7784	8870974
7785	8872278
7786	-1
7787	8873582
7788	8874886
7789	8876190
7790	-1
7791	8877494
7792	8878798
7793	8880102
7794	-1
7795	8881406
7796	8882710
7797	8884014
7798	8885318
7799	-1
7800	8886622
7801	8887926
7802	8889230
7803	-1
7804	8890534
7805	8891838
7806	8893142
7807	-1
7808	8894446
7809	8895750
7810	8897054
7811	-1
7812	8898358
7813	8899662
7814	8900966
7815	8902270
7816	-1
7817	8903574
7818	8904878
7819	8906182
7820	-1
7821	8907486
7822	8908790
7823	8910094
7824	-1
7825	8911398
7826	8912702
7827	8914006
7828	8915310
7829	-1
7830	8916614
7831	8917918
7832	8919222
7833	-1
7834	8920526
7835	8921830
7836	8923134
7837	-1
7838	8924438
7839	8925742
7840	8927046
7841	8928350
7842	-1
7843	8929654
7844	8930958
7845	8932262
7846	-1
7847	8933566
7848	8934870
7849	8936174
7850	-1
7851	8937478
7852	8938782
7853	8940086
7854	-1
7855	8941390
7856	8942694
7857	8943998
7858	8945302
7859	-1
7860	8946606
7861	8947910
7862	8949214
7863	-1
7864	8950518
7865	8951822
7866	8953126
7867	-1
7868	8954430
7869	8955734
7870	8957038
7871	8958342
7872	-1
7873	8959646
7874	8960950
7875	8962254
7876	-1
7877	8963558
7878	8964862
7879	8966166
7880	-1
7881	8967470
7882	8968774
7883	8970078
7884	-1
7885	8971382
7886	8972686
7887	8973990
7888	8975294
7889	-1
7890	8976598
7891	8977902
7892	8979206
7893	-1
7894	8980510
7895	8981814
7896	8983118
7897	-1
7898	8984422
7899	8985726
7900	8987030
7901	8988334
7902	-1
7903	8989638
7904	8990942
7905	8992246
7906	-1
7907	8993550
7908	8994854
7909	8996158
7910	-1
7911	8997462
7912	8998766
7913	9000070
7914	-1
7915	9001374
7916	9002678
7917	9003982
7918	9005286
7919	-1
7920	9006590
7921	9007894
7922	9009198
7923	-1
7924	9010502
7925	9011806
7926	9013110
7927	-1
7928	9014414
7929	9015718
7930	9017022
7931	9018326
7932	-1
7933	9019630
7934	9020934
7935	9022238
7936	-1
7937	9023542
7938	9024846
7939	9026150
7940	-1
7941	9027454
7942	9028758
7943	9030062
7944	-1
7945	9031366
7946	9032670
7947	9033974
7948	9035278
7949	-1
7950	9036582
7951	9037886
7952	9039190
7953	-1
7954	9040494
7955	9041798
7956	9043102
7957	-1
7958	9044406
7959	9045710
7960	9047014
7961	9048318
7962	-1
7963	9049622
7964	9050926
7965	9052230
7966	-1
7967	9053534
7968	9054838
7969	9056142
7970	-1
7971	9057446
7972	9058750
7973	9060054
7974	-1
7975	9061358
7976	9062662
7977	9063966
7978	9065270
7979	-1
7980	9066574
7981	9067878
7982	9069182
7983	-1
7984	9070486
7985	9071790
7986	9073094
7987	-1
7988	9074398
7989	9075702
7990	9077006
7991	9078310
7992	-1
7993	9079614
7994	9080918
7995	9082222
7996	-1
7997	9083526
7998	9084830
7999	9086134
