0	1009158
1	1010462
2	1011766
3	1013070
4	1014374
5	-1
6	1015678
7	1016982
8	1018286
9	-1
10	1019590
11	1020894
12	1022198
13	-1
14	1023502
15	1024806
16	1026110
17	1027414
18	-1
19	1028718
20	1030022
21	1031326
22	-1
23	1032630
24	1033934
25	1035238
26	-1
27	1036542
28	1037846
29	1039150
30	-1
31	1040454
32	1041758
33	1043062
34	1044366
35	-1
36	1045670
37	1046974
38	1048278
39	-1
40	1049582
41	1050886
42	1052190
43	-1
44	1053494
45	1054798
46	1056102
47	1057406
48	-1
49	1058710
50	1060014
51	1061318
52	-1
53	1062622
54	1063926
55	1065230
56	-1
57	1066534
58	1067838
59	1069142
60	-1
61	1070446
62	1071750
63	1073054
64	1074358
65	-1
66	1075662
67	1076966
68	1078270
69	-1
70	1079574
71	1080878
72	1082182
73	-1
74	1083486
75	1084790
76	1086094
77	1087398
78	-1
79	1088702
80	1090006
81	1091310
82	-1
83	1092614
84	1093918
85	1095222
86	-1
87	1096526
88	1097830
89	1099134
90	-1
91	1100438
92	1101742
93	1103046
94	1104350
95	-1
96	1105654
97	1106958
98	1108262
99	-1
100	1109566
101	1110870
102	1112174
103	-1
104	1113478
105	1114782
106	1116086
107	1117390
108	-1
109	1118694
110	1119998
111	1121302
112	-1
113	1122606
114	1123910
115	1125214
116	-1
117	1126518
118	1127822
119	1129126
120	-1
121	1130430
122	1131734
123	1133038
124	1134342
125	-1
126	1135646
127	1136950
128	1138254
129	-1
130	1139558
131	1140862
132	1142166
133	-1
134	1143470
135	1144774
136	1146078
137	1147382
138	-1
139	1148686
140	1149990
141	1151294
142	-1
143	1152598
144	1153902
145	1155206
146	-1
147	1156510
148	1157814
149	1159118
150	-1
151	1160422
152	1161726
153	1163030
154	1164334
155	-1
156	1165638
157	1166942
158	1168246
159	-1
160	1169550
161	1170854
162	1172158
163	-1
164	1173462
165	1174766
166	1176070
167	1177374
168	-1
169	1178678
170	1179982
171	1181286
172	-1
173	1182590
174	1183894
175	1185198
176	-1
177	1186502
178	1187806
179	1189110
180	1190414
181	-1
182	1191718
183	1193022
184	1194326
185	-1
186	1195630
187	1196934
188	1198238
189	-1
190	1199542
191	1200846
192	1202150
193	-1
194	1203454
195	1204758
196	1206062
197	1207366
198	-1
199	1208670
200	1209974
201	1211278
202	-1
203	1212582
204	1213886
205	1215190
206	-1
207	1216494
208	1217798
209	1219102
210	1220406
211	-1
212	1221710
213	1223014
214	1224318
215	-1
216	1225622
217	1226926
218	1228230
219	-1
220	1229534
221	1230838
222	1232142
223	-1
224	1233446
225	1234750
226	1236054
227	1237358
228	-1
229	1238662
230	1239966
231	1241270
232	-1
233	1242574
234	1243878
235	1245182
236	-1
237	1246486
238	1247790
239	1249094
240	1250398
241	-1
242	1251702
243	1253006
244	1254310
245	-1
246	1255614
247	1256918
248	1258222
249	-1
250	1259526
251	1260830
252	1262134
253	-1
254	1263438
255	1264742
256	1266046
257	1267350
258	-1
259	1268654
260	1269958
261	1271262
262	-1
263	1272566
264	1273870
265	1275174
266	-1
267	1276478
268	1277782
269	1279086
270	1280390
271	-1
272	1281694
273	1282998
274	1284302
275	-1
276	1285606
277	1286910
278	1288214
279	-1
280	1289518
281	1290822
282	1292126
283	-1
284	1293430
285	1294734
286	1296038
287	1297342
288	-1
289	1298646
290	1299950
291	1301254
292	-1
293	1302558
294	1303862
295	1305166
296	-1
297	1306470
298	1307774
299	1309078
300	1310382
301	-1
302	1311686
303	1312990
304	1314294
305	-1
306	1315598
307	1316902
308	1318206
309	-1
310	1319510
311	1320814
312	1322118
313	-1
314	1323422
315	1324726
316	1326030
317	1327334
318	-1
319	1328638
320	1329942
321	1331246
322	-1
323	1332550
324	1333854
325	1335158
326	-1
327	1336462
328	1337766
329	1339070
330	1340374
331	-1
332	1341678
333	1342982
334	1344286
335	-1
336	1345590
337	1346894
338	1348198
339	-1
340	1349502
341	1350806
342	1352110
343	1353414
344	-1
345	1354718
346	1356022
347	1357326
348	-1
349	1358630
350	1359934
351	1361238
352	-1
353	1362542
354	1363846
355	1365150
356	-1
357	1366454
358	1367758
359	1369062
360	1370366
361	-1
362	1371670
363	1372974
364	1374278
365	-1
366	1375582
367	1376886
368	1378190
369	-1
370	1379494
371	1380798
372	1382102
373	1383406
374	-1
375	1384710
376	1386014
377	1387318
378	-1
379	1388622
380	1389926
381	1391230
382	-1
383	1392534
384	1393838
385	1395142
386	-1
387	1396446
388	1397750
389	1399054
390	1400358
391	-1
392	1401662
393	1402966
394	1404270
395	-1
396	1405574
397	1406878
398	1408182
399	-1
400	1409486
401	1410790
402	1412094
403	1413398
404	-1
405	1414702
406	1416006
407	1417310
408	-1
409	1418614
410	1419918
411	1421222
412	-1
413	1422526
414	1423830
415	1425134
416	-1
417	1426438
418	1427742
419	1429046
420	1430350
421	-1
422	1431654
423	1432958
424	1434262
425	-1
426	1435566
427	1436870
428	1438174
429	-1
430	1439478
431	1440782
432	1442086
433	1443390
434	-1
435	1444694
436	1445998
437	1447302
438	-1
439	1448606
440	1449910
441	1451214
442	-1
443	1452518
444	1453822
445	1455126
446	-1
447	1456430
448	1457734
449	1459038
450	1460342
451	-1
452	1461646
453	1462950
454	1464254
455	-1
456	1465558
457	1466862
458	1468166
459	-1
460	1469470
461	1470774
462	1472078
463	1473382
464	-1
465	1474686
466	1475990
467	1477294
468	-1
469	1478598
470	1479902
471	1481206
472	-1
473	1482510
474	1483814
475	1485118
476	-1
477	1486422
478	1487726
479	1489030
480	1490334
481	-1
482	1491638
483	1492942
484	1494246
485	-1
486	1495550
487	1496854
488	1498158
489	-1
490	1499462
491	1500766
492	1502070
493	1503374
494	-1
495	1504678
496	1505982
497	1507286
498	-1
499	1508590
500	1509894
501	1511198
502	-1
503	1512502
504	1513806
505	1515110
506	1516414
507	-1
508	1517718
509	1519022
510	1520326
511	-1
512	1521630
513	1522934
514	1524238
515	-1
516	1525542
517	1526846
518	1528150
519	-1
520	1529454
521	1530758
522	1532062
523	1533366
524	-1
525	1534670
526	1535974
527	1537278
528	-1
529	1538582
530	1539886
531	1541190
532	-1
533	1542494
534	1543798
535	1545102
536	1546406
537	-1
538	1547710
539	1549014
540	1550318
541	-1
542	1551622
543	1552926
544	1554230
545	-1
546	1555534
547	1556838
548	1558142
549	-1
550	1559446
551	1560750
552	1562054
553	1563358
554	-1
555	1564662
556	1565966
557	1567270
558	-1
559	1568574
560	1569878
561	1571182
562	-1
563	1572486
564	1573790
565	1575094
566	1576398
567	-1
568	1577702
569	1579006
570	1580310
571	-1
572	1581614
573	1582918
574	1584222
575	-1
576	1585526
577	1586830
578	1588134
579	-1
580	1589438
581	1590742
582	1592046
583	1593350
584	-1
585	1594654
586	1595958
587	1597262
588	-1
589	1598566
590	1599870
591	1601174
592	-1
593	1602478
594	1603782
595	1605086
596	1606390
597	-1
598	1607694
599	1608998
600	1610302
601	-1
602	1611606
603	1612910
604	1614214
605	-1
606	1615518
607	1616822
608	1618126
609	-1
610	1619430
611	1620734
612	1622038
613	1623342
614	-1
615	1624646
616	1625950
617	1627254
618	-1
619	1628558
620	1629862
621	1631166
622	-1
623	1632470
624	1633774
625	1635078
626	1636382
627	-1
628	1637686
629	1638990
630	1640294
631	-1
632	1641598
633	1642902
634	1644206
635	-1
636	1645510
637	1646814
638	1648118
639	-1
640	1649422
641	1650726
642	1652030
643	1653334
644	-1
645	1654638
646	1655942
647	1657246
648	-1
649	1658550
650	1659854
651	1661158
652	-1
653	1662462
654	1663766
655	1665070
656	1666374
657	-1
658	1667678
659	1668982
660	1670286
661	-1
662	1671590
663	1672894
664	1674198
665	-1
666	1675502
667	1676806
668	1678110
669	1679414
670	-1
671	1680718
672	1682022
673	1683326
674	-1
675	1684630
676	1685934
677	1687238
678	-1
679	1688542
680	1689846
681	1691150
682	-1
683	1692454
684	1693758
685	1695062
686	1696366
687	-1
688	1697670
689	1698974
690	1700278
691	-1
692	1701582
693	1702886
694	1704190
695	-1
696	1705494
697	1706798
698	1708102
699	1709406
700	-1
701	1710710
702	1712014
703	1713318
704	-1
705	1714622
706	1715926
707	1717230
708	-1
709	1718534
710	1719838
711	1721142
712	-1
713	1722446
714	1723750
715	1725054
716	1726358
717	-1
718	1727662
719	1728966
720	1730270
721	-1
722	1731574
723	1732878
724	1734182
725	-1
726	1735486
727	1736790
728	1738094
729	1739398
730	-1
731	1740702
732	1742006
733	1743310
734	-1
735	1744614
736	1745918
737	1747222
738	-1
739	1748526
740	1749830
741	1751134
742	-1
743	1752438
744	1753742
745	1755046
746	1756350
747	-1
748	1757654
749	1758958
750	1760262
751	-1
752	1761566
753	1762870
754	1764174
755	-1
756	1765478
757	1766782
758	1768086
759	1769390
760	-1
761	1770694
762	1771998
763	1773302
764	-1
765	1774606
766	1775910
767	1777214
768	-1
769	1778518
770	1779822
771	1781126
772	-1
773	1782430
774	1783734
775	1785038
776	1786342
777	-1
778	1787646
779	1788950
780	1790254
781	-1
782	1791558
783	1792862
784	1794166
785	-1
786	1795470
787	1796774
788	1798078
789	1799382
790	-1
791	1800686
792	1801990
793	1803294
794	-1
795	1804598
796	1805902
797	1807206
798	-1
799	1808510
800	1809814
801	1811118
802	-1
803	1812422
804	1813726
805	1815030
806	1816334
807	-1
808	1817638
809	1818942
810	1820246
811	-1
812	1821550
813	1822854
814	1824158
815	-1
816	1825462
817	1826766
818	1828070
819	1829374
820	-1
821	1830678
822	1831982
823	1833286
824	-1
825	1834590
826	1835894
827	1837198
828	-1
829	1838502
830	1839806
831	1841110
832	1842414
833	-1
834	1843718
835	1845022
836	1846326
837	-1
838	1847630
839	1848934
840	1850238
841	-1
842	1851542
843	1852846
844	1854150
845	-1
846	1855454
847	1856758
848	1858062
849	1859366
850	-1
851	1860670
852	1861974
853	1863278
854	-1
855	1864582
856	1865886
857	1867190
858	-1
859	1868494
860	1869798
861	1871102
862	1872406
863	-1
864	1873710
865	1875014
866	1876318
867	-1
868	1877622
869	1878926
870	1880230
871	-1
872	1881534
873	1882838
874	1884142
875	-1
876	1885446
877	1886750
878	1888054
879	1889358
880	-1
881	1890662
882	1891966
883	1893270
884	-1
885	1894574
886	1895878
887	1897182
888	-1
889	1898486
890	1899790
891	1901094
892	1902398
893	-1
894	1903702
895	1905006
896	1906310
897	-1
898	1907614
899	1908918
900	1910222
901	-1
902	1911526
903	1912830
904	1914134
905	-1
906	1915438
907	1916742
908	1918046
909	1919350
910	-1
911	1920654
912	1921958
913	1923262
914	-1
915	1924566
916	1925870
917	1927174
918	-1
919	1928478
920	1929782
921	1931086
922	1932390
923	-1
924	1933694
925	1934998
926	1936302
927	-1
928	1937606
929	1938910
930	1940214
931	-1
932	1941518
933	1942822
934	1944126
935	-1
936	1945430
937	1946734
938	1948038
939	1949342
940	-1
941	1950646
942	1951950
943	1953254
944	-1
945	1954558
946	1955862
947	1957166
948	-1
949	1958470
950	1959774
951	1961078
952	1962382
953	-1
954	1963686
955	1964990
956	1966294
957	-1
958	1967598
959	1968902
960	1970206
961	-1
962	1971510
963	1972814
964	1974118
965	-1
966	1975422
967	1976726
968	1978030
969	1979334
970	-1
971	1980638
972	1981942
973	1983246
974	-1
975	1984550
976	1985854
977	1987158
978	-1
979	1988462
980	1989766
981	1991070
982	1992374
983	-1
984	1993678
985	1994982
986	1996286
987	-1
988	1997590
989	1998894
990	2000198
991	-1
992	2001502
993	2002806
994	2004110
995	2005414
996	-1
997	2006718
998	2008022
999	2009326
1000	-1
1001	2010630
1002	2011934
1003	2013238
1004	-1
1005	2014542
1006	2015846
1007	2017150
1008	-1
1009	2018454
1010	2019758
1011	2021062
1012	2022366
1013	-1
1014	2023670
1015	2024974
1016	2026278
1017	-1
1018	2027582
1019	2028886
1020	2030190
1021	-1
1022	2031494
1023	2032798
1024	2034102
1025	2035406
1026	-1
1027	2036710
1028	2038014
1029	2039318
1030	-1
1031	2040622
1032	2041926
1033	2043230
1034	-1
1035	2044534
1036	2045838
1037	2047142
1038	-1
1039	2048446
1040	2049750
1041	2051054
1042	2052358
1043	-1
1044	2053662
1045	2054966
1046	2056270
1047	-1
1048	2057574
1049	2058878
1050	2060182
1051	-1
1052	2061486
1053	2062790
1054	2064094
1055	2065398
1056	-1
1057	2066702
1058	2068006
1059	2069310
1060	-1
1061	2070614
1062	2071918
1063	2073222
1064	-1
1065	2074526
1066	2075830
1067	2077134
1068	-1
1069	2078438
1070	2079742
1071	2081046
1072	2082350
1073	-1
1074	2083654
1075	2084958
1076	2086262
1077	-1
1078	2087566
1079	2088870
1080	2090174
1081	-1
1082	2091478
1083	2092782
1084	2094086
1085	2095390
1086	-1
1087	2096694
1088	2097998
1089	2099302
1090	-1
1091	2100606
1092	2101910
1093	2103214
1094	-1
1095	2104518
1096	2105822
1097	2107126
1098	-1
1099	2108430
1100	2109734
1101	2111038
1102	2112342
1103	-1
1104	2113646
1105	2114950
1106	2116254
1107	-1
1108	2117558
1109	2118862
1110	2120166
1111	-1
1112	2121470
1113	2122774
1114	2124078
1115	2125382
1116	-1
1117	2126686
1118	2127990
1119	2129294
1120	-1
1121	2130598
1122	2131902
1123	2133206
1124	-1
1125	2134510
1126	2135814
1127	2137118
1128	-1
1129	2138422
1130	2139726
1131	2141030
1132	2142334
1133	-1
1134	2143638
1135	2144942
1136	2146246
1137	-1
1138	2147550
1139	2148854
1140	2150158
1141	-1
1142	2151462
1143	2152766
1144	2154070
1145	2155374
1146	-1
1147	2156678
1148	2157982
1149	2159286
1150	-1
1151	2160590
1152	2161894
1153	2163198
1154	-1
1155	2164502
1156	2165806
1157	2167110
1158	2168414
1159	-1
1160	2169718
1161	2171022
1162	2172326
1163	-1
1164	2173630
1165	2174934
1166	2176238
1167	-1
1168	2177542
1169	2178846
1170	2180150
1171	-1
1172	2181454
1173	2182758
1174	2184062
1175	2185366
1176	-1
1177	2186670
1178	2187974
1179	2189278
1180	-1
1181	2190582
1182	2191886
1183	2193190
1184	-1
1185	2194494
1186	2195798
1187	2197102
1188	2198406
1189	-1
1190	2199710
1191	2201014
1192	2202318
1193	-1
1194	2203622
1195	2204926
1196	2206230
1197	-1
1198	2207534
1199	2208838
1200	2210142
1201	-1
1202	2211446
1203	2212750
1204	2214054
1205	2215358
1206	-1
1207	2216662
1208	2217966
1209	2219270
1210	-1
1211	2220574
1212	2221878
1213	2223182
1214	-1
1215	2224486
1216	2225790
1217	2227094
1218	2228398
1219	-1
1220	2229702
1221	2231006
1222	2232310
1223	-1
1224	2233614
1225	2234918
1226	2236222
1227	-1
1228	2237526
1229	2238830
1230	2240134
1231	-1
1232	2241438
1233	2242742
1234	2244046
1235	2245350
1236	-1
1237	2246654
1238	2247958
1239	2249262
1240	-1
1241	2250566
1242	2251870
1243	2253174
1244	-1
1245	2254478
1246	2255782
1247	2257086
1248	2258390
1249	-1
1250	2259694
1251	2260998
1252	2262302
1253	-1
1254	2263606
1255	2264910
1256	2266214
1257	-1
1258	2267518
1259	2268822
1260	2270126
1261	-1
1262	2271430
1263	2272734
1264	2274038
1265	2275342
1266	-1
1267	2276646
1268	2277950
1269	2279254
1270	-1
1271	2280558
1272	2281862
1273	2283166
1274	-1
1275	2284470
1276	2285774
1277	2287078
1278	2288382
1279	-1
1280	2289686
1281	2290990
1282	2292294
1283	-1
1284	2293598
1285	2294902
1286	2296206
1287	-1
1288	2297510
1289	2298814
1290	2300118
1291	-1
1292	2301422
1293	2302726
1294	2304030
1295	2305334
1296	-1
1297	2306638
1298	2307942
1299	2309246
1300	-1
1301	2310550
1302	2311854
1303	2313158
1304	-1
1305	2314462
1306	2315766
1307	2317070
1308	2318374
1309	-1
1310	2319678
1311	2320982
1312	2322286
1313	-1
1314	2323590
1315	2324894
1316	2326198
1317	-1
1318	2327502
1319	2328806
1320	2330110
1321	2331414
1322	-1
1323	2332718
1324	2334022
1325	2335326
1326	-1
1327	2336630
1328	2337934
1329	2339238
1330	-1
1331	2340542
1332	2341846
1333	2343150
1334	-1
1335	2344454
1336	2345758
1337	2347062
1338	2348366
1339	-1
1340	2349670
1341	2350974
1342	2352278
1343	-1
1344	2353582
1345	2354886
1346	2356190
1347	-1
1348	2357494
1349	2358798
1350	2360102
1351	2361406
1352	-1
1353	2362710
1354	2364014
1355	2365318
1356	-1
1357	2366622
1358	2367926
1359	2369230
1360	-1
1361	2370534
1362	2371838
1363	2373142
1364	-1
1365	2374446
1366	2375750
1367	2377054
1368	2378358
1369	-1
1370	2379662
1371	2380966
1372	2382270
1373	-1
1374	2383574
1375	2384878
1376	2386182
1377	-1
1378	2387486
1379	2388790
1380	2390094
1381	2391398
1382	-1
1383	2392702
1384	2394006
1385	2395310
1386	-1
1387	2396614
1388	2397918
1389	2399222
1390	-1
1391	2400526
1392	2401830
1393	2403134
1394	-1
1395	2404438
1396	2405742
1397	2407046
1398	2408350
1399	-1
1400	2409654
1401	2410958
1402	2412262
1403	-1
1404	2413566
1405	2414870
1406	2416174
1407	-1
1408	2417478
1409	2418782
1410	2420086
1411	2421390
1412	-1
1413	2422694
1414	2423998
1415	2425302
1416	-1
1417	2426606
1418	2427910
1419	2429214
1420	-1
1421	2430518
1422	2431822
1423	2433126
1424	-1
1425	2434430
1426	2435734
1427	2437038
1428	2438342
1429	-1
1430	2439646
1431	2440950
1432	2442254
1433	-1
1434	2443558
1435	2444862
1436	2446166
1437	-1
1438	2447470
1439	2448774
1440	2450078
1441	2451382
1442	-1
1443	2452686
1444	2453990
1445	2455294
1446	-1
1447	2456598
1448	2457902
1449	2459206
1450	-1
1451	2460510
1452	2461814
1453	2463118
1454	-1
1455	2464422
1456	2465726
1457	2467030
1458	2468334
1459	-1
1460	2469638
1461	2470942
1462	2472246
1463	-1
1464	2473550
1465	2474854
1466	2476158
1467	-1
1468	2477462
1469	2478766
1470	2480070
1471	2481374
1472	-1
1473	2482678
1474	2483982
1475	2485286
1476	-1
1477	2486590
1478	2487894
1479	2489198
1480	-1
1481	2490502
1482	2491806
1483	2493110
1484	2494414
1485	-1
1486	2495718
1487	2497022
1488	2498326
1489	-1
1490	2499630
1491	2500934
1492	2502238
1493	-1
1494	2503542
1495	2504846
1496	2506150
1497	-1
1498	2507454
1499	2508758
1500	2510062
1501	2511366
1502	-1
1503	2512670
1504	2513974
1505	2515278
1506	-1
1507	2516582
1508	2517886
1509	2519190
1510	-1
1511	2520494
1512	2521798
1513	2523102
1514	2524406
1515	-1
1516	2525710
1517	2527014
1518	2528318
1519	-1
1520	2529622
1521	2530926
1522	2532230
1523	-1
1524	2533534
1525	2534838
1526	2536142
1527	-1
1528	2537446
1529	2538750
1530	2540054
1531	2541358
1532	-1
1533	2542662
1534	2543966
1535	2545270
1536	-1
1537	2546574
1538	2547878
1539	2549182
1540	-1
1541	2550486
1542	2551790
1543	2553094
1544	2554398
1545	-1
1546	2555702
1547	2557006
1548	2558310
1549	-1
1550	2559614
1551	2560918
1552	2562222
1553	-1
1554	2563526
1555	2564830
1556	2566134
1557	-1
1558	2567438
1559	2568742
1560	2570046
1561	2571350
1562	-1
1563	2572654
1564	2573958
1565	2575262
1566	-1
1567	2576566
1568	2577870
1569	2579174
1570	-1
1571	2580478
1572	2581782
1573	2583086
1574	2584390
1575	-1
1576	2585694
1577	2586998
1578	2588302
1579	-1
1580	2589606
1581	2590910
1582	2592214
1583	-1
1584	2593518
1585	2594822
1586	2596126
1587	-1
1588	2597430
1589	2598734
1590	2600038
1591	2601342
1592	-1
1593	2602646
1594	2603950
1595	2605254
1596	-1
1597	2606558
1598	2607862
1599	2609166
1600	-1
1601	2610470
1602	2611774
1603	2613078
1604	2614382
1605	-1
1606	2615686
1607	2616990
1608	2618294
1609	-1
1610	2619598
1611	2620902
1612	2622206
1613	-1
1614	2623510
1615	2624814
1616	2626118
1617	-1
1618	2627422
1619	2628726
1620	2630030
1621	2631334
1622	-1
1623	2632638
1624	2633942
1625	2635246
1626	-1
1627	2636550
1628	2637854
1629	2639158
1630	-1
1631	2640462
1632	2641766
1633	2643070
1634	2644374
1635	-1
1636	2645678
1637	2646982
1638	2648286
1639	-1
1640	2649590
1641	2650894
1642	2652198
1643	-1
1644	2653502
1645	2654806
1646	2656110
1647	2657414
1648	-1
1649	2658718
1650	2660022
1651	2661326
1652	-1
1653	2662630
1654	2663934
1655	2665238
1656	-1
1657	2666542
1658	2667846
1659	2669150
1660	-1
1661	2670454
1662	2671758
1663	2673062
1664	2674366
1665	-1
1666	2675670
1667	2676974
1668	2678278
1669	-1
1670	2679582
1671	2680886
1672	2682190
1673	-1
1674	2683494
1675	2684798
1676	2686102
1677	2687406
1678	-1
1679	2688710
1680	2690014
1681	2691318
1682	-1
1683	2692622
1684	2693926
1685	2695230
1686	-1
1687	2696534
1688	2697838
1689	2699142
1690	-1
1691	2700446
1692	2701750
1693	2703054
1694	2704358
1695	-1
1696	2705662
1697	2706966
1698	2708270
1699	-1
1700	2709574
1701	2710878
1702	2712182
1703	-1
1704	2713486
1705	2714790
1706	2716094
1707	2717398
1708	-1
1709	2718702
1710	2720006
1711	2721310
1712	-1
1713	2722614
1714	2723918
1715	2725222
1716	-1
1717	2726526
1718	2727830
1719	2729134
1720	-1
1721	2730438
1722	2731742
1723	2733046
1724	2734350
1725	-1
1726	2735654
1727	2736958
1728	2738262
1729	-1
1730	2739566
1731	2740870
1732	2742174
1733	-1
1734	2743478
1735	2744782
1736	2746086
1737	2747390
1738	-1
1739	2748694
1740	2749998
1741	2751302
1742	-1
1743	2752606
1744	2753910
1745	2755214
1746	-1
1747	2756518
1748	2757822
1749	2759126
1750	-1
1751	2760430
1752	2761734
1753	2763038
1754	2764342
1755	-1
1756	2765646
1757	2766950
1758	2768254
1759	-1
1760	2769558
1761	2770862
1762	2772166
1763	-1
1764	2773470
1765	2774774
1766	2776078
1767	2777382
1768	-1
1769	2778686
1770	2779990
1771	2781294
1772	-1
1773	2782598
1774	2783902
1775	2785206
1776	-1
1777	2786510
1778	2787814
1779	2789118
1780	-1
1781	2790422
1782	2791726
1783	2793030
1784	2794334
1785	-1
1786	2795638
1787	2796942
1788	2798246
1789	-1
1790	2799550
1791	2800854
1792	2802158
1793	-1
1794	2803462
1795	2804766
1796	2806070
1797	2807374
1798	-1
1799	2808678
1800	2809982
1801	2811286
1802	-1
1803	2812590
1804	2813894
1805	2815198
1806	-1
1807	2816502
1808	2817806
1809	2819110
1810	2820414
1811	-1
1812	2821718
1813	2823022
1814	2824326
1815	-1
1816	2825630
1817	2826934
1818	2828238
1819	-1
1820	2829542
1821	2830846
1822	2832150
1823	-1
1824	2833454
1825	2834758
1826	2836062
1827	2837366
1828	-1
1829	2838670
1830	2839974
1831	2841278
1832	-1
1833	2842582
1834	2843886
1835	2845190
1836	-1
1837	2846494
1838	2847798
1839	2849102
1840	2850406
1841	-1
1842	2851710
1843	2853014
1844	2854318
1845	-1
1846	2855622
1847	2856926
1848	2858230
1849	-1
1850	2859534
1851	2860838
1852	2862142
1853	-1
1854	2863446
1855	2864750
1856	2866054
1857	2867358
1858	-1
1859	2868662
1860	2869966
1861	2871270
1862	-1
1863	2872574
1864	2873878
1865	2875182
1866	-1
1867	2876486
1868	2877790
1869	2879094
1870	2880398
1871	-1
1872	2881702
1873	2883006
1874	2884310
1875	-1
1876	2885614
1877	2886918
1878	2888222
1879	-1
1880	2889526
1881	2890830
1882	2892134
1883	-1
1884	2893438
1885	2894742
1886	2896046
1887	2897350
1888	-1
1889	2898654
1890	2899958
1891	2901262
1892	-1
1893	2902566
1894	2903870
1895	2905174
1896	-1
1897	2906478
1898	2907782
1899	2909086
1900	2910390
1901	-1
1902	2911694
1903	2912998
1904	2914302
1905	-1
1906	2915606
1907	2916910
1908	2918214
1909	-1
1910	2919518
1911	2920822
1912	2922126
1913	-1
1914	2923430
1915	2924734
1916	2926038
1917	2927342
1918	-1
1919	2928646
1920	2929950
1921	2931254
1922	-1
1923	2932558
1924	2933862
1925	2935166
1926	-1
1927	2936470
1928	2937774
1929	2939078
1930	2940382
1931	-1
1932	2941686
1933	2942990
1934	2944294
1935	-1
1936	2945598
1937	2946902
1938	2948206
1939	-1
1940	2949510
1941	2950814
1942	2952118
1943	-1
1944	2953422
1945	2954726
1946	2956030
1947	2957334
1948	-1
1949	2958638
1950	2959942
1951	2961246
1952	-1
1953	2962550
1954	2963854
1955	2965158
1956	-1
1957	2966462
1958	2967766
1959	2969070
1960	2970374
1961	-1
1962	2971678
1963	2972982
1964	2974286
1965	-1
1966	2975590
1967	2976894
1968	2978198
1969	-1
1970	2979502
1971	2980806
1972	2982110
1973	2983414
1974	-1
1975	2984718
1976	2986022
1977	2987326
1978	-1
1979	2988630
1980	2989934
1981	2991238
1982	-1
1983	2992542
1984	2993846
1985	2995150
1986	-1
1987	2996454
1988	2997758
1989	2999062
1990	3000366
1991	-1
1992	3001670
1993	3002974
1994	3004278
1995	-1
1996	3005582
1997	3006886
1998	3008190
1999	-1
2000	3009494
2001	3010798
2002	3012102
2003	3013406
2004	-1
2005	3014710
2006	3016014
2007	3017318
2008	-1
2009	3018622
2010	3019926
2011	3021230
2012	-1
2013	3022534
2014	3023838
2015	3025142
2016	-1
2017	3026446
2018	3027750
2019	3029054
2020	3030358
2021	-1
2022	3031662
2023	3032966
2024	3034270
2025	-1
2026	3035574
2027	3036878
2028	3038182
2029	-1
2030	3039486
2031	3040790
2032	3042094
2033	3043398
2034	-1
2035	3044702
2036	3046006
2037	3047310
2038	-1
2039	3048614
2040	3049918
2041	3051222
2042	-1
2043	3052526
2044	3053830
2045	3055134
2046	-1
2047	3056438
2048	3057742
2049	3059046
2050	3060350
2051	-1
2052	3061654
2053	3062958
2054	3064262
2055	-1
2056	3065566
2057	3066870
2058	3068174
2059	-1
2060	3069478
2061	3070782
2062	3072086
2063	3073390
2064	-1
2065	3074694
2066	3075998
2067	3077302
2068	-1
2069	3078606
2070	3079910
2071	3081214
2072	-1
2073	3082518
2074	3083822
2075	3085126
2076	-1
2077	3086430
2078	3087734
2079	3089038
2080	3090342
2081	-1
2082	3091646
2083	3092950
2084	3094254
2085	-1
2086	3095558
2087	3096862
2088	3098166
2089	-1
2090	3099470
2091	3100774
2092	3102078
2093	3103382
2094	-1
2095	3104686
2096	3105990
2097	3107294
2098	-1
2099	3108598
2100	3109902
2101	3111206
2102	-1
2103	3112510
2104	3113814
2105	3115118
2106	-1
2107	3116422
2108	3117726
2109	3119030
2110	3120334
2111	-1
2112	3121638
2113	3122942
2114	3124246
2115	-1
2116	3125550
2117	3126854
2118	3128158
2119	-1
2120	3129462
2121	3130766
2122	3132070
2123	3133374
2124	-1
2125	3134678
2126	3135982
2127	3137286
2128	-1
2129	3138590
2130	3139894
2131	3141198
2132	-1
2133	3142502
2134	3143806
2135	3145110
2136	3146414
2137	-1
2138	3147718
2139	3149022
2140	3150326
2141	-1
2142	3151630
2143	3152934
2144	3154238
2145	-1
2146	3155542
2147	3156846
2148	3158150
2149	-1
2150	3159454
2151	3160758
2152	3162062
2153	3163366
2154	-1
2155	3164670
2156	3165974
2157	3167278
2158	-1
2159	3168582
2160	3169886
2161	3171190
2162	-1
2163	3172494
2164	3173798
2165	3175102
2166	3176406
2167	-1
2168	3177710
2169	3179014
2170	3180318
2171	-1
2172	3181622
2173	3182926
2174	3184230
2175	-1
2176	3185534
2177	3186838
2178	3188142
2179	-1
2180	3189446
2181	3190750
2182	3192054
2183	3193358
2184	-1
2185	3194662
2186	3195966
2187	3197270
2188	-1
2189	3198574
2190	3199878
2191	3201182
2192	-1
2193	3202486
2194	3203790
2195	3205094
2196	3206398
2197	-1
2198	3207702
2199	3209006
2200	3210310
2201	-1
2202	3211614
2203	3212918
2204	3214222
2205	-1
2206	3215526
2207	3216830
2208	3218134
2209	-1
2210	3219438
2211	3220742
2212	3222046
2213	3223350
2214	-1
2215	3224654
2216	3225958
2217	3227262
2218	-1
2219	3228566
2220	3229870
2221	3231174
2222	-1
2223	3232478
2224	3233782
2225	3235086
2226	3236390
2227	-1
2228	3237694
2229	3238998
2230	3240302
2231	-1
2232	3241606
2233	3242910
2234	3244214
2235	-1
2236	3245518
2237	3246822
2238	3248126
2239	-1
2240	3249430
2241	3250734
2242	3252038
2243	3253342
2244	-1
2245	3254646
2246	3255950
2247	3257254
2248	-1
2249	3258558
2250	3259862
2251	3261166
2252	-1
2253	3262470
2254	3263774
2255	3265078
2256	3266382
2257	-1
2258	3267686
2259	3268990
2260	3270294
2261	-1
2262	3271598
2263	3272902
2264	3274206
2265	-1
2266	3275510
2267	3276814
2268	3278118
2269	-1
2270	3279422
2271	3280726
2272	3282030
2273	3283334
2274	-1
2275	3284638
2276	3285942
2277	3287246
2278	-1
2279	3288550
2280	3289854
2281	3291158
2282	-1
2283	3292462
2284	3293766
2285	3295070
2286	3296374
2287	-1
2288	3297678
2289	3298982
2290	3300286
2291	-1
2292	3301590
2293	3302894
2294	3304198
2295	-1
2296	3305502
2297	3306806
2298	3308110
2299	3309414
2300	-1
2301	3310718
2302	3312022
2303	3313326
2304	-1
2305	3314630
2306	3315934
2307	3317238
2308	-1
2309	3318542
2310	3319846
2311	3321150
2312	-1
2313	3322454
2314	3323758
2315	3325062
2316	3326366
2317	-1
2318	3327670
2319	3328974
2320	3330278
2321	-1
2322	3331582
2323	3332886
2324	3334190
2325	-1
2326	3335494
2327	3336798
2328	3338102
2329	3339406
2330	-1
2331	3340710
2332	3342014
2333	3343318
2334	-1
2335	3344622
2336	3345926
2337	3347230
2338	-1
2339	3348534
2340	3349838
2341	3351142
2342	-1
2343	3352446
2344	3353750
2345	3355054
2346	3356358
2347	-1
2348	3357662
2349	3358966
2350	3360270
2351	-1
2352	3361574
2353	3362878
2354	3364182
2355	-1
2356	3365486
2357	3366790
2358	3368094
2359	3369398
2360	-1
2361	3370702
2362	3372006
2363	3373310
2364	-1
2365	3374614
2366	3375918
2367	3377222
2368	-1
2369	3378526
2370	3379830
2371	3381134
2372	-1
2373	3382438
2374	3383742
2375	3385046
2376	3386350
2377	-1
2378	3387654
2379	3388958
2380	3390262
2381	-1
2382	3391566
2383	3392870
2384	3394174
2385	-1
2386	3395478
2387	3396782
2388	3398086
2389	3399390
2390	-1
2391	3400694
2392	3401998
2393	3403302
2394	-1
2395	3404606
2396	3405910
2397	3407214
2398	-1
2399	3408518
2400	3409822
2401	3411126
2402	-1
2403	3412430
2404	3413734
2405	3415038
2406	3416342
2407	-1
2408	3417646
2409	3418950
2410	3420254
2411	-1
2412	3421558
2413	3422862
2414	3424166
2415	-1
2416	3425470
2417	3426774
2418	3428078
2419	3429382
2420	-1
2421	3430686
2422	3431990
2423	3433294
2424	-1
2425	3434598
2426	3435902
2427	3437206
2428	-1
2429	3438510
2430	3439814
2431	3441118
2432	-1
2433	3442422
2434	3443726
2435	3445030
2436	3446334
2437	-1
2438	3447638
2439	3448942
2440	3450246
2441	-1
2442	3451550
2443	3452854
2444	3454158
2445	-1
2446	3455462
2447	3456766
2448	3458070
2449	3459374
2450	-1
2451	3460678
2452	3461982
2453	3463286
2454	-1
2455	3464590
2456	3465894
2457	3467198
2458	-1
2459	3468502
2460	3469806
2461	3471110
2462	3472414
2463	-1
2464	3473718
2465	3475022
2466	3476326
2467	-1
2468	3477630
2469	3478934
2470	3480238
2471	-1
2472	3481542
2473	3482846
2474	3484150
2475	-1
2476	3485454
2477	3486758
2478	3488062
2479	3489366
2480	-1
2481	3490670
2482	3491974
2483	3493278
2484	-1
2485	3494582
2486	3495886
2487	3497190
2488	-1
2489	3498494
2490	3499798
2491	3501102
2492	3502406
2493	-1
2494	3503710
2495	3505014
2496	3506318
2497	-1
2498	3507622
2499	3508926
2500	3510230
2501	-1
2502	3511534
2503	3512838
2504	3514142
2505	-1
2506	3515446
2507	3516750
2508	3518054
2509	3519358
2510	-1
2511	3520662
2512	3521966
2513	3523270
2514	-1
2515	3524574
2516	3525878
2517	3527182
2518	-1
2519	3528486
2520	3529790
2521	3531094
2522	3532398
2523	-1
2524	3533702
2525	3535006
2526	3536310
2527	-1
2528	3537614
2529	3538918
2530	3540222
2531	-1
2532	3541526
2533	3542830
2534	3544134
2535	-1
2536	3545438
2537	3546742
2538	3548046
2539	3549350
2540	-1
2541	3550654
2542	3551958
2543	3553262
2544	-1
2545	3554566
2546	3555870
2547	3557174
2548	-1
2549	3558478
2550	3559782
2551	3561086
2552	3562390
2553	-1
2554	3563694
2555	3564998
2556	3566302
2557	-1
2558	3567606
2559	3568910
2560	3570214
2561	-1
2562	3571518
2563	3572822
2564	3574126
2565	-1
2566	3575430
2567	3576734
2568	3578038
2569	3579342
2570	-1
2571	3580646
2572	3581950
2573	3583254
2574	-1
2575	3584558
2576	3585862
2577	3587166
2578	-1
2579	3588470
2580	3589774
2581	3591078
2582	3592382
2583	-1
2584	3593686
2585	3594990
2586	3596294
2587	-1
2588	3597598
2589	3598902
2590	3600206
2591	-1
2592	3601510
2593	3602814
2594	3604118
2595	-1
2596	3605422
2597	3606726
2598	3608030
2599	3609334
2600	-1
2601	3610638
2602	3611942
2603	3613246
2604	-1
2605	3614550
2606	3615854
2607	3617158
2608	-1
2609	3618462
2610	3619766
2611	3621070
2612	3622374
2613	-1
2614	3623678
2615	3624982
2616	3626286
2617	-1
2618	3627590
2619	3628894
2620	3630198
2621	-1
2622	3631502
2623	3632806
2624	3634110
2625	3635414
2626	-1
2627	3636718
2628	3638022
2629	3639326
2630	-1
2631	3640630
2632	3641934
2633	3643238
2634	-1
2635	3644542
2636	3645846
2637	3647150
2638	-1
2639	3648454
2640	3649758
2641	3651062
2642	3652366
2643	-1
2644	3653670
2645	3654974
2646	3656278
2647	-1
2648	3657582
2649	3658886
2650	3660190
2651	-1
2652	3661494
2653	3662798
2654	3664102
2655	3665406
2656	-1
2657	3666710
2658	3668014
2659	3669318
2660	-1
2661	3670622
2662	3671926
2663	3673230
2664	-1
2665	3674534
2666	3675838
2667	3677142
2668	-1
2669	3678446
2670	3679750
2671	3681054
2672	3682358
2673	-1
2674	3683662
2675	3684966
2676	3686270
2677	-1
2678	3687574
2679	3688878
2680	3690182
2681	-1
2682	3691486
2683	3692790
2684	3694094
2685	3695398
2686	-1
2687	3696702
2688	3698006
2689	3699310
2690	-1
2691	3700614
2692	3701918
2693	3703222
2694	-1
2695	3704526
2696	3705830
2697	3707134
2698	-1
2699	3708438
2700	3709742
2701	3711046
2702	3712350
2703	-1
2704	3713654
2705	3714958
2706	3716262
2707	-1
2708	3717566
2709	3718870
2710	3720174
2711	-1
2712	3721478
2713	3722782
2714	3724086
2715	3725390
2716	-1
2717	3726694
2718	3727998
2719	3729302
2720	-1
2721	3730606
2722	3731910
2723	3733214
2724	-1
2725	3734518
2726	3735822
2727	3737126
2728	-1
2729	3738430
2730	3739734
2731	3741038
2732	3742342
2733	-1
2734	3743646
2735	3744950
2736	3746254
2737	-1
2738	3747558
2739	3748862
2740	3750166
2741	-1
2742	3751470
2743	3752774
2744	3754078
2745	3755382
2746	-1
2747	3756686
2748	3757990
2749	3759294
2750	-1
2751	3760598
2752	3761902
2753	3763206
2754	-1
2755	3764510
2756	3765814
2757	3767118
2758	-1
2759	3768422
2760	3769726
2761	3771030
2762	3772334
2763	-1
2764	3773638
2765	3774942
2766	3776246
2767	-1
2768	3777550
2769	3778854
2770	3780158
2771	-1
2772	3781462
2773	3782766
2774	3784070
2775	3785374
2776	-1
2777	3786678
2778	3787982
2779	3789286
2780	-1
2781	3790590
2782	3791894
2783	3793198
2784	-1
2785	3794502
2786	3795806
2787	3797110
2788	3798414
2789	-1
2790	3799718
2791	3801022
2792	3802326
2793	-1
2794	3803630
2795	3804934
2796	3806238
2797	-1
2798	3807542
2799	3808846
2800	3810150
2801	-1
2802	3811454
2803	3812758
2804	3814062
2805	3815366
2806	-1
2807	3816670
2808	3817974
2809	3819278
2810	-1
2811	3820582
2812	3821886
2813	3823190
2814	-1
2815	3824494
2816	3825798
2817	3827102
2818	3828406
2819	-1
2820	3829710
2821	3831014
2822	3832318
2823	-1
2824	3833622
2825	3834926
2826	3836230
2827	-1
2828	3837534
2829	3838838
2830	3840142
2831	-1
2832	3841446
2833	3842750
2834	3844054
2835	3845358
2836	-1
2837	3846662
2838	3847966
2839	3849270
2840	-1
2841	3850574
2842	3851878
2843	3853182
2844	-1
2845	3854486
2846	3855790
2847	3857094
2848	3858398
2849	-1
2850	3859702
2851	3861006
2852	3862310
2853	-1
2854	3863614
2855	3864918
2856	3866222
2857	-1
2858	3867526
2859	3868830
2860	3870134
2861	-1
2862	3871438
2863	3872742
2864	3874046
2865	3875350
2866	-1
2867	3876654
2868	3877958
2869	3879262
2870	-1
2871	3880566
2872	3881870
2873	3883174
2874	-1
2875	3884478
2876	3885782
2877	3887086
2878	3888390
2879	-1
2880	3889694
2881	3890998
2882	3892302
2883	-1
2884	3893606
2885	3894910
2886	3896214
2887	-1
2888	3897518
2889	3898822
2890	3900126
2891	-1
2892	3901430
2893	3902734
2894	3904038
2895	3905342
2896	-1
2897	3906646
2898	3907950
2899	3909254
2900	-1
2901	3910558
2902	3911862
2903	3913166
2904	-1
2905	3914470
2906	3915774
2907	3917078
2908	3918382
2909	-1
2910	3919686
2911	3920990
2912	3922294
2913	-1
2914	3923598
2915	3924902
2916	3926206
2917	-1
2918	3927510
2919	3928814
2920	3930118
2921	-1
2922	3931422
2923	3932726
2924	3934030
2925	3935334
2926	-1
2927	3936638
2928	3937942
2929	3939246
2930	-1
2931	3940550
2932	3941854
2933	3943158
2934	-1
2935	3944462
2936	3945766
2937	3947070
2938	3948374
2939	-1
2940	3949678
2941	3950982
2942	3952286
2943	-1
2944	3953590
2945	3954894
2946	3956198
2947	-1
2948	3957502
2949	3958806
2950	3960110
2951	3961414
2952	-1
2953	3962718
2954	3964022
2955	3965326
2956	-1
2957	3966630
2958	3967934
2959	3969238
2960	-1
2961	3970542
2962	3971846
2963	3973150
2964	-1
2965	3974454
2966	3975758
2967	3977062
2968	3978366
2969	-1
2970	3979670
2971	3980974
2972	3982278
2973	-1
2974	3983582
2975	3984886
2976	3986190
2977	-1
2978	3987494
2979	3988798
2980	3990102
2981	3991406
2982	-1
2983	3992710
2984	3994014
2985	3995318
2986	-1
2987	3996622
2988	3997926
2989	3999230
2990	-1
2991	4000534
2992	4001838
2993	4003142
2994	-1
2995	4004446
2996	4005750
2997	4007054
2998	4008358
2999	-1
3000	4009662
3001	4010966
3002	4012270
3003	-1
3004	4013574
3005	4014878
3006	4016182
3007	-1
3008	4017486
3009	4018790
3010	4020094
3011	4021398
3012	-1
3013	4022702
3014	4024006
3015	4025310
3016	-1
3017	4026614
3018	4027918
3019	4029222
3020	-1
3021	4030526
3022	4031830
3023	4033134
3024	-1
3025	4034438
3026	4035742
3027	4037046
3028	4038350
3029	-1
3030	4039654
3031	4040958
3032	4042262
3033	-1
3034	4043566
3035	4044870
3036	4046174
3037	-1
3038	4047478
3039	4048782
3040	4050086
3041	4051390
3042	-1
3043	4052694
3044	4053998
3045	4055302
3046	-1
3047	4056606
3048	4057910
3049	4059214
3050	-1
3051	4060518
3052	4061822
3053	4063126
3054	-1
3055	4064430
3056	4065734
3057	4067038
3058	4068342
3059	-1
3060	4069646
3061	4070950
3062	4072254
3063	-1
3064	4073558
3065	4074862
3066	4076166
3067	-1
3068	4077470
3069	4078774
3070	4080078
3071	4081382
3072	-1
3073	4082686
3074	4083990
3075	4085294
3076	-1
3077	4086598
3078	4087902
3079	4089206
3080	-1
3081	4090510
3082	4091814
3083	4093118
3084	-1
3085	4094422
3086	4095726
3087	4097030
3088	4098334
3089	-1
3090	4099638
3091	4100942
3092	4102246
3093	-1
3094	4103550
3095	4104854
3096	4106158
3097	-1
3098	4107462
3099	4108766
3100	4110070
3101	4111374
3102	-1
3103	4112678
3104	4113982
3105	4115286
3106	-1
3107	4116590
3108	4117894
3109	4119198
3110	-1
3111	4120502
3112	4121806
3113	4123110
3114	4124414
3115	-1
3116	4125718
3117	4127022
3118	4128326
3119	-1
3120	4129630
3121	4130934
3122	4132238
3123	-1
3124	4133542
3125	4134846
3126	4136150
3127	-1
3128	4137454
3129	4138758
3130	4140062
3131	4141366
3132	-1
3133	4142670
3134	4143974
3135	4145278
3136	-1
3137	4146582
3138	4147886
3139	4149190
3140	-1
3141	4150494
3142	4151798
3143	4153102
3144	4154406
3145	-1
3146	4155710
3147	4157014
3148	4158318
3149	-1
3150	4159622
3151	4160926
3152	4162230
3153	-1
3154	4163534
3155	4164838
3156	4166142
3157	-1
3158	4167446
3159	4168750
3160	4170054
3161	4171358
3162	-1
3163	4172662
3164	4173966
3165	4175270
3166	-1
3167	4176574
3168	4177878
3169	4179182
3170	-1
3171	4180486
3172	4181790
3173	4183094
3174	4184398
3175	-1
3176	4185702
3177	4187006
3178	4188310
3179	-1
3180	4189614
3181	4190918
3182	4192222
3183	-1
3184	4193526
3185	4194830
3186	4196134
3187	-1
3188	4197438
3189	4198742
3190	4200046
3191	4201350
3192	-1
3193	4202654
3194	4203958
3195	4205262
3196	-1
3197	4206566
3198	4207870
3199	4209174
3200	-1
3201	4210478
3202	4211782
3203	4213086
3204	4214390
3205	-1
3206	4215694
3207	4216998
3208	4218302
3209	-1
3210	4219606
3211	4220910
3212	4222214
3213	-1
3214	4223518
3215	4224822
3216	4226126
3217	-1
3218	4227430
3219	4228734
3220	4230038
3221	4231342
3222	-1
3223	4232646
3224	4233950
3225	4235254
3226	-1
3227	4236558
3228	4237862
3229	4239166
3230	-1
3231	4240470
3232	4241774
3233	4243078
3234	4244382
3235	-1
3236	4245686
3237	4246990
3238	4248294
3239	-1
3240	4249598
3241	4250902
3242	4252206
3243	-1
3244	4253510
3245	4254814
3246	4256118
3247	-1
3248	4257422
3249	4258726
3250	4260030
3251	4261334
3252	-1
3253	4262638
3254	4263942
3255	4265246
3256	-1
3257	4266550
3258	4267854
3259	4269158
3260	-1
3261	4270462
3262	4271766
3263	4273070
3264	4274374
3265	-1
3266	4275678
3267	4276982
3268	4278286
3269	-1
3270	4279590
3271	4280894
3272	4282198
3273	-1
3274	4283502
3275	4284806
3276	4286110
3277	4287414
3278	-1
3279	4288718
3280	4290022
3281	4291326
3282	-1
3283	4292630
3284	4293934
3285	4295238
3286	-1
3287	4296542
3288	4297846
3289	4299150
3290	-1
3291	4300454
3292	4301758
3293	4303062
3294	4304366
3295	-1
3296	4305670
3297	4306974
3298	4308278
3299	-1
3300	4309582
3301	4310886
3302	4312190
3303	-1
3304	4313494
3305	4314798
3306	4316102
3307	4317406
3308	-1
3309	4318710
3310	4320014
3311	4321318
3312	-1
3313	4322622
3314	4323926
3315	4325230
3316	-1
3317	4326534
3318	4327838
3319	4329142
3320	-1
3321	4330446
3322	4331750
3323	4333054
3324	4334358
3325	-1
3326	4335662
3327	4336966
3328	4338270
3329	-1
3330	4339574
3331	4340878
3332	4342182
3333	-1
3334	4343486
3335	4344790
3336	4346094
3337	4347398
3338	-1
3339	4348702
3340	4350006
3341	4351310
3342	-1
3343	4352614
3344	4353918
3345	4355222
3346	-1
3347	4356526
3348	4357830
3349	4359134
3350	-1
3351	4360438
3352	4361742
3353	4363046
3354	4364350
3355	-1
3356	4365654
3357	4366958
3358	4368262
3359	-1
3360	4369566
3361	4370870
3362	4372174
3363	-1
3364	4373478
3365	4374782
3366	4376086
3367	4377390
3368	-1
3369	4378694
3370	4379998
3371	4381302
3372	-1
3373	4382606
3374	4383910
3375	4385214
3376	-1
3377	4386518
3378	4387822
3379	4389126
3380	-1
3381	4390430
3382	4391734
3383	4393038
3384	4394342
3385	-1
3386	4395646
3387	4396950
3388	4398254
3389	-1
3390	4399558
3391	4400862
3392	4402166
3393	-1
3394	4403470
3395	4404774
3396	4406078
3397	4407382
3398	-1
3399	4408686
3400	4409990
3401	4411294
3402	-1
3403	4412598
3404	4413902
3405	4415206
3406	-1
3407	4416510
3408	4417814
3409	4419118
3410	-1
3411	4420422
3412	4421726
3413	4423030
3414	4424334
3415	-1
3416	4425638
3417	4426942
3418	4428246
3419	-1
3420	4429550
3421	4430854
3422	4432158
3423	-1
3424	4433462
3425	4434766
3426	4436070
3427	4437374
3428	-1
3429	4438678
3430	4439982
3431	4441286
3432	-1
3433	4442590
3434	4443894
3435	4445198
3436	-1
3437	4446502
3438	4447806
3439	4449110
3440	4450414
3441	-1
3442	4451718
3443	4453022
3444	4454326
3445	-1
3446	4455630
3447	4456934
3448	4458238
3449	-1
3450	4459542
3451	4460846
3452	4462150
3453	-1
3454	4463454
3455	4464758
3456	4466062
3457	4467366
3458	-1
3459	4468670
3460	4469974
3461	4471278
3462	-1
3463	4472582
3464	4473886
3465	4475190
3466	-1
3467	4476494
3468	4477798
3469	4479102
3470	4480406
3471	-1
3472	4481710
3473	4483014
3474	4484318
3475	-1
3476	4485622
3477	4486926
3478	4488230
3479	-1
3480	4489534
3481	4490838
3482	4492142
3483	-1
3484	4493446
3485	4494750
3486	4496054
3487	4497358
3488	-1
3489	4498662
3490	4499966
3491	4501270
3492	-1
3493	4502574
3494	4503878
3495	4505182
3496	-1
3497	4506486
3498	4507790
3499	4509094
3500	4510398
3501	-1
3502	4511702
3503	4513006
3504	4514310
3505	-1
3506	4515614
3507	4516918
3508	4518222
3509	-1
3510	4519526
3511	4520830
3512	4522134
3513	-1
3514	4523438
3515	4524742
3516	4526046
3517	4527350
3518	-1
3519	4528654
3520	4529958
3521	4531262
3522	-1
3523	4532566
3524	4533870
3525	4535174
3526	-1
3527	4536478
3528	4537782
3529	4539086
3530	4540390
3531	-1
3532	4541694
3533	4542998
3534	4544302
3535	-1
3536	4545606
3537	4546910
3538	4548214
3539	-1
3540	4549518
3541	4550822
3542	4552126
3543	-1
3544	4553430
3545	4554734
3546	4556038
3547	4557342
3548	-1
3549	4558646
3550	4559950
3551	4561254
3552	-1
3553	4562558
3554	4563862
3555	4565166
3556	-1
3557	4566470
3558	4567774
3559	4569078
3560	4570382
3561	-1
3562	4571686
3563	4572990
3564	4574294
3565	-1
3566	4575598
3567	4576902
3568	4578206
3569	-1
3570	4579510
3571	4580814
3572	4582118
3573	-1
3574	4583422
3575	4584726
3576	4586030
3577	4587334
3578	-1
3579	4588638
3580	4589942
3581	4591246
3582	-1
3583	4592550
3584	4593854
3585	4595158
3586	-1
3587	4596462
3588	4597766
3589	4599070
3590	4600374
3591	-1
3592	4601678
3593	4602982
3594	4604286
3595	-1
3596	4605590
3597	4606894
3598	4608198
3599	-1
3600	4609502
3601	4610806
3602	4612110
3603	4613414
3604	-1
3605	4614718
3606	4616022
3607	4617326
3608	-1
3609	4618630
3610	4619934
3611	4621238
3612	-1
3613	4622542
3614	4623846
3615	4625150
3616	-1
3617	4626454
3618	4627758
3619	4629062
3620	4630366
3621	-1
3622	4631670
3623	4632974
3624	4634278
3625	-1
3626	4635582
3627	4636886
3628	4638190
3629	-1
3630	4639494
3631	4640798
3632	4642102
3633	4643406
3634	-1
3635	4644710
3636	4646014
3637	4647318
3638	-1
3639	4648622
3640	4649926
3641	4651230
3642	-1
3643	4652534
3644	4653838
3645	4655142
3646	-1
3647	4656446
3648	4657750
3649	4659054
3650	4660358
3651	-1
3652	4661662
3653	4662966
3654	4664270
3655	-1
3656	4665574
3657	4666878
3658	4668182
3659	-1
3660	4669486
3661	4670790
3662	4672094
3663	4673398
3664	-1
3665	4674702
3666	4676006
3667	4677310
3668	-1
3669	4678614
3670	4679918
3671	4681222
3672	-1
3673	4682526
3674	4683830
3675	4685134
3676	-1
3677	4686438
3678	4687742
3679	4689046
3680	4690350
3681	-1
3682	4691654
3683	4692958
3684	4694262
3685	-1
3686	4695566
3687	4696870
3688	4698174
3689	-1
3690	4699478
3691	4700782
3692	4702086
3693	4703390
3694	-1
3695	4704694
3696	4705998
3697	4707302
3698	-1
3699	4708606
3700	4709910
3701	4711214
3702	-1
3703	4712518
3704	4713822
3705	4715126
3706	-1
3707	4716430
3708	4717734
3709	4719038
3710	4720342
3711	-1
3712	4721646
3713	4722950
3714	4724254
3715	-1
3716	4725558
3717	4726862
3718	4728166
3719	-1
3720	4729470
3721	4730774
3722	4732078
3723	4733382
3724	-1
3725	4734686
3726	4735990
3727	4737294
3728	-1
3729	4738598
3730	4739902
3731	4741206
3732	-1
3733	4742510
3734	4743814
3735	4745118
3736	-1
3737	4746422
3738	4747726
3739	4749030
3740	4750334
3741	-1
3742	4751638
3743	4752942
3744	4754246
3745	-1
3746	4755550
3747	4756854
3748	4758158
3749	-1
3750	4759462
3751	4760766
3752	4762070
3753	4763374
3754	-1
3755	4764678
3756	4765982
3757	4767286
3758	-1
3759	4768590
3760	4769894
3761	4771198
3762	-1
3763	4772502
3764	4773806
3765	4775110
3766	4776414
3767	-1
3768	4777718
3769	4779022
3770	4780326
3771	-1
3772	4781630
3773	4782934
3774	4784238
3775	-1
3776	4785542
3777	4786846
3778	4788150
3779	-1
3780	4789454
3781	4790758
3782	4792062
3783	4793366
3784	-1
3785	4794670
3786	4795974
3787	4797278
3788	-1
3789	4798582
3790	4799886
3791	4801190
3792	-1
3793	4802494
3794	4803798
3795	4805102
3796	4806406
3797	-1
3798	4807710
3799	4809014
3800	4810318
3801	-1
3802	4811622
3803	4812926
3804	4814230
3805	-1
3806	4815534
3807	4816838
3808	4818142
3809	-1
3810	4819446
3811	4820750
3812	4822054
3813	4823358
3814	-1
3815	4824662
3816	4825966
3817	4827270
3818	-1
3819	4828574
3820	4829878
3821	4831182
3822	-1
3823	4832486
3824	4833790
3825	4835094
3826	4836398
3827	-1
3828	4837702
3829	4839006
3830	4840310
3831	-1
3832	4841614
3833	4842918
3834	4844222
3835	-1
3836	4845526
3837	4846830
3838	4848134
3839	-1
3840	4849438
3841	4850742
3842	4852046
3843	4853350
3844	-1
3845	4854654
3846	4855958
3847	4857262
3848	-1
3849	4858566
3850	4859870
3851	4861174
3852	-1
3853	4862478
3854	4863782
3855	4865086
3856	4866390
3857	-1
3858	4867694
3859	4868998
3860	4870302
3861	-1
3862	4871606
3863	4872910
3864	4874214
3865	-1
3866	4875518
3867	4876822
3868	4878126
3869	-1
3870	4879430
3871	4880734
3872	4882038
3873	4883342
3874	-1
3875	4884646
3876	4885950
3877	4887254
3878	-1
3879	4888558
3880	4889862
3881	4891166
3882	-1
3883	4892470
3884	4893774
3885	4895078
3886	4896382
3887	-1
3888	4897686
3889	4898990
3890	4900294
3891	-1
3892	4901598
3893	4902902
3894	4904206
3895	-1
3896	4905510
3897	4906814
3898	4908118
3899	-1
3900	4909422
3901	4910726
3902	4912030
3903	4913334
3904	-1
3905	4914638
3906	4915942
3907	4917246
3908	-1
3909	4918550
3910	4919854
3911	4921158
3912	-1
3913	4922462
3914	4923766
3915	4925070
3916	4926374
3917	-1
3918	4927678
3919	4928982
3920	4930286
3921	-1
3922	4931590
3923	4932894
3924	4934198
3925	-1
3926	4935502
3927	4936806
3928	4938110
3929	4939414
3930	-1
3931	4940718
3932	4942022
3933	4943326
3934	-1
3935	4944630
3936	4945934
3937	4947238
3938	-1
3939	4948542
3940	4949846
3941	4951150
3942	-1
3943	4952454
3944	4953758
3945	4955062
3946	4956366
3947	-1
3948	4957670
3949	4958974
3950	4960278
3951	-1
3952	4961582
3953	4962886
3954	4964190
3955	-1
3956	4965494
3957	4966798
3958	4968102
3959	4969406
3960	-1
3961	4970710
3962	4972014
3963	4973318
3964	-1
3965	4974622
3966	4975926
3967	4977230
3968	-1
3969	4978534
3970	4979838
3971	4981142
3972	-1
3973	4982446
3974	4983750
3975	4985054
3976	4986358
3977	-1
3978	4987662
3979	4988966
3980	4990270
3981	-1
3982	4991574
3983	4992878
3984	4994182
3985	-1
3986	4995486
3987	4996790
3988	4998094
3989	4999398
3990	-1
3991	5000702
3992	5002006
3993	5003310
3994	-1
3995	5004614
3996	5005918
3997	5007222
3998	-1
3999	5008526
4000	5009830
4001	5011134
4002	-1
4003	5012438
4004	5013742
4005	5015046
4006	5016350
4007	-1
4008	5017654
4009	5018958
4010	5020262
4011	-1
4012	5021566
4013	5022870
4014	5024174
4015	-1
4016	5025478
4017	5026782
4018	5028086
4019	5029390
4020	-1
4021	5030694
4022	5031998
4023	5033302
4024	-1
4025	5034606
4026	5035910
4027	5037214
4028	-1
4029	5038518
4030	5039822
4031	5041126
4032	-1
4033	5042430
4034	5043734
4035	5045038
4036	5046342
4037	-1
4038	5047646
4039	5048950
4040	5050254
4041	-1
4042	5051558
4043	5052862
4044	5054166
4045	-1
4046	5055470
4047	5056774
4048	5058078
4049	5059382
4050	-1
4051	5060686
4052	5061990
4053	5063294
4054	-1
4055	5064598
4056	5065902
4057	5067206
4058	-1
4059	5068510
4060	5069814
4061	5071118
4062	-1
4063	5072422
4064	5073726
4065	5075030
4066	5076334
4067	-1
4068	5077638
4069	5078942
4070	5080246
4071	-1
4072	5081550
4073	5082854
4074	5084158
4075	-1
4076	5085462
4077	5086766
4078	5088070
4079	5089374
4080	-1
4081	5090678
4082	5091982
4083	5093286
4084	-1
4085	5094590
4086	5095894
4087	5097198
4088	-1
4089	5098502
4090	5099806
4091	5101110
4092	5102414
4093	-1
4094	5103718
4095	5105022
4096	5106326
4097	-1
4098	5107630
4099	5108934
4100	5110238
4101	-1
4102	5111542
4103	5112846
4104	5114150
4105	-1
4106	5115454
4107	5116758
4108	5118062
4109	5119366
4110	-1
4111	5120670
4112	5121974
4113	5123278
4114	-1
4115	5124582
4116	5125886
4117	5127190
4118	-1
4119	5128494
4120	5129798
4121	5131102
4122	5132406
4123	-1
4124	5133710
4125	5135014
4126	5136318
4127	-1
4128	5137622
4129	5138926
4130	5140230
4131	-1
4132	5141534
4133	5142838
4134	5144142
4135	-1
4136	5145446
4137	5146750
4138	5148054
4139	5149358
4140	-1
4141	5150662
4142	5151966
4143	5153270
4144	-1
4145	5154574
4146	5155878
4147	5157182
4148	-1
4149	5158486
4150	5159790
4151	5161094
4152	5162398
4153	-1
4154	5163702
4155	5165006
4156	5166310
4157	-1
4158	5167614
4159	5168918
4160	5170222
4161	-1
4162	5171526
4163	5172830
4164	5174134
4165	-1
4166	5175438
4167	5176742
4168	5178046
4169	5179350
4170	-1
4171	5180654
4172	5181958
4173	5183262
4174	-1
4175	5184566
4176	5185870
4177	5187174
4178	-1
4179	5188478
4180	5189782
4181	5191086
4182	5192390
4183	-1
4184	5193694
4185	5194998
4186	5196302
4187	-1
4188	5197606
4189	5198910
4190	5200214
4191	-1
4192	5201518
4193	5202822
4194	5204126
4195	-1
4196	5205430
4197	5206734
4198	5208038
4199	5209342
4200	-1
4201	5210646
4202	5211950
4203	5213254
4204	-1
4205	5214558
4206	5215862
4207	5217166
4208	-1
4209	5218470
4210	5219774
4211	5221078
4212	5222382
4213	-1
4214	5223686
4215	5224990
4216	5226294
4217	-1
4218	5227598
4219	5228902
4220	5230206
4221	-1
4222	5231510
4223	5232814
4224	5234118
4225	-1
4226	5235422
4227	5236726
4228	5238030
4229	5239334
4230	-1
4231	5240638
4232	5241942
4233	5243246
4234	-1
4235	5244550
4236	5245854
4237	5247158
4238	-1
4239	5248462
4240	5249766
4241	5251070
4242	5252374
4243	-1
4244	5253678
4245	5254982
4246	5256286
4247	-1
4248	5257590
4249	5258894
4250	5260198
4251	-1
4252	5261502
4253	5262806
4254	5264110
4255	5265414
4256	-1
4257	5266718
4258	5268022
4259	5269326
4260	-1
4261	5270630
4262	5271934
4263	5273238
4264	-1
4265	5274542
4266	5275846
4267	5277150
4268	-1
4269	5278454
4270	5279758
4271	5281062
4272	5282366
4273	-1
4274	5283670
4275	5284974
4276	5286278
4277	-1
4278	5287582
4279	5288886
4280	5290190
4281	-1
4282	5291494
4283	5292798
4284	5294102
4285	5295406
4286	-1
4287	5296710
4288	5298014
4289	5299318
4290	-1
4291	5300622
4292	5301926
4293	5303230
4294	-1
4295	5304534
4296	5305838
4297	5307142
4298	-1
4299	5308446
4300	5309750
4301	5311054
4302	5312358
4303	-1
4304	5313662
4305	5314966
4306	5316270
4307	-1
4308	5317574
4309	5318878
4310	5320182
4311	-1
4312	5321486
4313	5322790
4314	5324094
4315	5325398
4316	-1
4317	5326702
4318	5328006
4319	5329310
4320	-1
4321	5330614
4322	5331918
4323	5333222
4324	-1
4325	5334526
4326	5335830
4327	5337134
4328	-1
4329	5338438
4330	5339742
4331	5341046
4332	5342350
4333	-1
4334	5343654
4335	5344958
4336	5346262
4337	-1
4338	5347566
4339	5348870
4340	5350174
4341	-1
4342	5351478
4343	5352782
4344	5354086
4345	5355390
4346	-1
4347	5356694
4348	5357998
4349	5359302
4350	-1
4351	5360606
4352	5361910
4353	5363214
4354	-1
4355	5364518
4356	5365822
4357	5367126
4358	-1
4359	5368430
4360	5369734
4361	5371038
4362	5372342
4363	-1
4364	5373646
4365	5374950
4366	5376254
4367	-1
4368	5377558
4369	5378862
4370	5380166
4371	-1
4372	5381470
4373	5382774
4374	5384078
4375	5385382
4376	-1
4377	5386686
4378	5387990
4379	5389294
4380	-1
4381	5390598
4382	5391902
4383	5393206
4384	-1
4385	5394510
4386	5395814
4387	5397118
4388	-1
4389	5398422
4390	5399726
4391	5401030
4392	5402334
4393	-1
4394	5403638
4395	5404942
4396	5406246
4397	-1
4398	5407550
4399	5408854
4400	5410158
4401	-1
4402	5411462
4403	5412766
4404	5414070
4405	5415374
4406	-1
4407	5416678
4408	5417982
4409	5419286
4410	-1
4411	5420590
4412	5421894
4413	5423198
4414	-1
4415	5424502
4416	5425806
4417	5427110
4418	5428414
4419	-1
4420	5429718
4421	5431022
4422	5432326
4423	-1
4424	5433630
4425	5434934
4426	5436238
4427	-1
4428	5437542
4429	5438846
4430	5440150
4431	-1
4432	5441454
4433	5442758
4434	5444062
4435	5445366
4436	-1
4437	5446670
4438	5447974
4439	5449278
4440	-1
4441	5450582
4442	5451886
4443	5453190
4444	-1
4445	5454494
4446	5455798
4447	5457102
4448	5458406
4449	-1
4450	5459710
4451	5461014
4452	5462318
4453	-1
4454	5463622
4455	5464926
4456	5466230
4457	-1
4458	5467534
4459	5468838
4460	5470142
4461	-1
4462	5471446
4463	5472750
4464	5474054
4465	5475358
4466	-1
4467	5476662
4468	5477966
4469	5479270
4470	-1
4471	5480574
4472	5481878
4473	5483182
4474	-1
4475	5484486
4476	5485790
4477	5487094
4478	5488398
4479	-1
4480	5489702
4481	5491006
4482	5492310
4483	-1
4484	5493614
4485	5494918
4486	5496222
4487	-1
4488	5497526
4489	5498830
4490	5500134
4491	-1
4492	5501438
4493	5502742
4494	5504046
4495	5505350
4496	-1
4497	5506654
4498	5507958
4499	5509262
4500	-1
4501	5510566
4502	5511870
4503	5513174
4504	-1
4505	5514478
4506	5515782
4507	5517086
4508	5518390
4509	-1
4510	5519694
4511	5520998
4512	5522302
4513	-1
4514	5523606
4515	5524910
4516	5526214
4517	-1
4518	5527518
4519	5528822
4520	5530126
4521	-1
4522	5531430
4523	5532734
4524	5534038
4525	5535342
4526	-1
4527	5536646
4528	5537950
4529	5539254
4530	-1
4531	5540558
4532	5541862
4533	5543166
4534	-1
4535	5544470
4536	5545774
4537	5547078
4538	5548382
4539	-1
4540	5549686
4541	5550990
4542	5552294
4543	-1
4544	5553598
4545	5554902
4546	5556206
4547	-1
4548	5557510
4549	5558814
4550	5560118
4551	-1
4552	5561422
4553	5562726
4554	5564030
4555	5565334
4556	-1
4557	5566638
4558	5567942
4559	5569246
4560	-1
4561	5570550
4562	5571854
4563	5573158
4564	-1
4565	5574462
4566	5575766
4567	5577070
4568	5578374
4569	-1
4570	5579678
4571	5580982
4572	5582286
4573	-1
4574	5583590
4575	5584894
4576	5586198
4577	-1
4578	5587502
4579	5588806
4580	5590110
4581	5591414
4582	-1
4583	5592718
4584	5594022
4585	5595326
4586	-1
4587	5596630
4588	5597934
4589	5599238
4590	-1
4591	5600542
4592	5601846
4593	5603150
4594	-1
4595	5604454
4596	5605758
4597	5607062
4598	5608366
4599	-1
4600	5609670
4601	5610974
4602	5612278
4603	-1
4604	5613582
4605	5614886
4606	5616190
4607	-1
4608	5617494
4609	5618798
4610	5620102
4611	5621406
4612	-1
4613	5622710
4614	5624014
4615	5625318
4616	-1
4617	5626622
4618	5627926
4619	5629230
4620	-1
4621	5630534
4622	5631838
4623	5633142
4624	-1
4625	5634446
4626	5635750
4627	5637054
4628	5638358
4629	-1
4630	5639662
4631	5640966
4632	5642270
4633	-1
4634	5643574
4635	5644878
4636	5646182
4637	-1
4638	5647486
4639	5648790
4640	5650094
4641	5651398
4642	-1
4643	5652702
4644	5654006
4645	5655310
4646	-1
4647	5656614
4648	5657918
4649	5659222
4650	-1
4651	5660526
4652	5661830
4653	5663134
4654	-1
4655	5664438
4656	5665742
4657	5667046
4658	5668350
4659	-1
4660	5669654
4661	5670958
4662	5672262
4663	-1
4664	5673566
4665	5674870
4666	5676174
4667	-1
4668	5677478
4669	5678782
4670	5680086
4671	5681390
4672	-1
4673	5682694
4674	5683998
4675	5685302
4676	-1
4677	5686606
4678	5687910
4679	5689214
4680	-1
4681	5690518
4682	5691822
4683	5693126
4684	-1
4685	5694430
4686	5695734
4687	5697038
4688	5698342
4689	-1
4690	5699646
4691	5700950
4692	5702254
4693	-1
4694	5703558
4695	5704862
4696	5706166
4697	-1
4698	5707470
4699	5708774
4700	5710078
4701	5711382
4702	-1
4703	5712686
4704	5713990
4705	5715294
4706	-1
4707	5716598
4708	5717902
4709	5719206
4710	-1
4711	5720510
4712	5721814
4713	5723118
4714	-1
4715	5724422
4716	5725726
4717	5727030
4718	5728334
4719	-1
4720	5729638
4721	5730942
4722	5732246
4723	-1
4724	5733550
4725	5734854
4726	5736158
4727	-1
4728	5737462
4729	5738766
4730	5740070
4731	5741374
4732	-1
4733	5742678
4734	5743982
4735	5745286
4736	-1
4737	5746590
4738	5747894
4739	5749198
4740	-1
4741	5750502
4742	5751806
4743	5753110
4744	5754414
4745	-1
4746	5755718
4747	5757022
4748	5758326
4749	-1
4750	5759630
4751	5760934
4752	5762238
4753	-1
4754	5763542
4755	5764846
4756	5766150
4757	-1
4758	5767454
4759	5768758
4760	5770062
4761	5771366
4762	-1
4763	5772670
4764	5773974
4765	5775278
4766	-1
4767	5776582
4768	5777886
4769	5779190
4770	-1
4771	5780494
4772	5781798
4773	5783102
4774	5784406
4775	-1
4776	5785710
4777	5787014
4778	5788318
4779	-1
4780	5789622
4781	5790926
4782	5792230
4783	-1
4784	5793534
4785	5794838
4786	5796142
4787	-1
4788	5797446
4789	5798750
4790	5800054
4791	5801358
4792	-1
4793	5802662
4794	5803966
4795	5805270
4796	-1
4797	5806574
4798	5807878
4799	5809182
4800	-1
4801	5810486
4802	5811790
4803	5813094
4804	5814398
4805	-1
4806	5815702
4807	5817006
4808	5818310
4809	-1
4810	5819614
4811	5820918
4812	5822222
4813	-1
4814	5823526
4815	5824830
4816	5826134
4817	-1
4818	5827438
4819	5828742
4820	5830046
4821	5831350
4822	-1
4823	5832654
4824	5833958
4825	5835262
4826	-1
4827	5836566
4828	5837870
4829	5839174
4830	-1
4831	5840478
4832	5841782
4833	5843086
4834	5844390
4835	-1
4836	5845694
4837	5846998
4838	5848302
4839	-1
4840	5849606
4841	5850910
4842	5852214
4843	-1
4844	5853518
4845	5854822
4846	5856126
4847	-1
4848	5857430
4849	5858734
4850	5860038
4851	5861342
4852	-1
4853	5862646
4854	5863950
4855	5865254
4856	-1
4857	5866558
4858	5867862
4859	5869166
4860	-1
4861	5870470
4862	5871774
4863	5873078
4864	5874382
4865	-1
4866	5875686
4867	5876990
4868	5878294
4869	-1
4870	5879598
4871	5880902
4872	5882206
4873	-1
4874	5883510
4875	5884814
4876	5886118
4877	-1
4878	5887422
4879	5888726
4880	5890030
4881	5891334
4882	-1
4883	5892638
4884	5893942
4885	5895246
4886	-1
4887	5896550
4888	5897854
4889	5899158
4890	-1
4891	5900462
4892	5901766
4893	5903070
4894	5904374
4895	-1
4896	5905678
4897	5906982
4898	5908286
4899	-1
4900	5909590
4901	5910894
4902	5912198
4903	-1
4904	5913502
4905	5914806
4906	5916110
4907	5917414
4908	-1
4909	5918718
4910	5920022
4911	5921326
4912	-1
4913	5922630
4914	5923934
4915	5925238
4916	-1
4917	5926542
4918	5927846
4919	5929150
4920	-1
4921	5930454
4922	5931758
4923	5933062
4924	5934366
4925	-1
4926	5935670
4927	5936974
4928	5938278
4929	-1
4930	5939582
4931	5940886
4932	5942190
4933	-1
4934	5943494
4935	5944798
4936	5946102
4937	5947406
4938	-1
4939	5948710
4940	5950014
4941	5951318
4942	-1
4943	5952622
4944	5953926
4945	5955230
4946	-1
4947	5956534
4948	5957838
4949	5959142
4950	-1
4951	5960446
4952	5961750
4953	5963054
4954	5964358
4955	-1
4956	5965662
4957	5966966
4958	5968270
4959	-1
4960	5969574
4961	5970878
4962	5972182
4963	-1
4964	5973486
4965	5974790
4966	5976094
4967	5977398
4968	-1
4969	5978702
4970	5980006
4971	5981310
4972	-1
4973	5982614
4974	5983918
4975	5985222
4976	-1
4977	5986526
4978	5987830
4979	5989134
4980	-1
4981	5990438
4982	5991742
4983	5993046
4984	5994350
4985	-1
4986	5995654
4987	5996958
4988	5998262
4989	-1
4990	5999566
4991	6000870
4992	6002174
4993	-1
4994	6003478
4995	6004782
4996	6006086
4997	6007390
4998	-1
4999	6008694
5000	6009998
5001	6011302
5002	-1
5003	6012606
5004	6013910
5005	6015214
5006	-1
5007	6016518
5008	6017822
5009	6019126
5010	-1
5011	6020430
5012	6021734
5013	6023038
5014	6024342
5015	-1
5016	6025646
5017	6026950
5018	6028254
5019	-1
5020	6029558
5021	6030862
5022	6032166
5023	-1
5024	6033470
5025	6034774
5026	6036078
5027	6037382
5028	-1
5029	6038686
5030	6039990
5031	6041294
5032	-1
5033	6042598
5034	6043902
5035	6045206
5036	-1
5037	6046510
5038	6047814
5039	6049118
5040	-1
5041	6050422
5042	6051726
5043	6053030
5044	6054334
5045	-1
5046	6055638
5047	6056942
5048	6058246
5049	-1
5050	6059550
5051	6060854
5052	6062158
5053	-1
5054	6063462
5055	6064766
5056	6066070
5057	6067374
5058	-1
5059	6068678
5060	6069982
5061	6071286
5062	-1
5063	6072590
5064	6073894
5065	6075198
5066	-1
5067	6076502
5068	6077806
5069	6079110
5070	6080414
5071	-1
5072	6081718
5073	6083022
5074	6084326
5075	-1
5076	6085630
5077	6086934
5078	6088238
5079	-1
5080	6089542
5081	6090846
5082	6092150
5083	-1
5084	6093454
5085	6094758
5086	6096062
5087	6097366
5088	-1
5089	6098670
5090	6099974
5091	6101278
5092	-1
5093	6102582
5094	6103886
5095	6105190
5096	-1
5097	6106494
5098	6107798
5099	6109102
5100	6110406
5101	-1
5102	6111710
5103	6113014
5104	6114318
5105	-1
5106	6115622
5107	6116926
5108	6118230
5109	-1
5110	6119534
5111	6120838
5112	6122142
5113	-1
5114	6123446
5115	6124750
5116	6126054
5117	6127358
5118	-1
5119	6128662
5120	6129966
5121	6131270
5122	-1
5123	6132574
5124	6133878
5125	6135182
5126	-1
5127	6136486
5128	6137790
5129	6139094
5130	6140398
5131	-1
5132	6141702
5133	6143006
5134	6144310
5135	-1
5136	6145614
5137	6146918
5138	6148222
5139	-1
5140	6149526
5141	6150830
5142	6152134
5143	-1
5144	6153438
5145	6154742
5146	6156046
5147	6157350
5148	-1
5149	6158654
5150	6159958
5151	6161262
5152	-1
5153	6162566
5154	6163870
5155	6165174
5156	-1
5157	6166478
5158	6167782
5159	6169086
5160	6170390
5161	-1
5162	6171694
5163	6172998
5164	6174302
5165	-1
5166	6175606
5167	6176910
5168	6178214
5169	-1
5170	6179518
5171	6180822
5172	6182126
5173	-1
5174	6183430
5175	6184734
5176	6186038
5177	6187342
5178	-1
5179	6188646
5180	6189950
5181	6191254
5182	-1
5183	6192558
5184	6193862
5185	6195166
5186	-1
5187	6196470
5188	6197774
5189	6199078
5190	6200382
5191	-1
5192	6201686
5193	6202990
5194	6204294
5195	-1
5196	6205598
5197	6206902
5198	6208206
5199	-1
5200	6209510
5201	6210814
5202	6212118
5203	-1
5204	6213422
5205	6214726
5206	6216030
5207	6217334
5208	-1
5209	6218638
5210	6219942
5211	6221246
5212	-1
5213	6222550
5214	6223854
5215	6225158
5216	-1
5217	6226462
5218	6227766
5219	6229070
5220	6230374
5221	-1
5222	6231678
5223	6232982
5224	6234286
5225	-1
5226	6235590
5227	6236894
5228	6238198
5229	-1
5230	6239502
5231	6240806
5232	6242110
5233	6243414
5234	-1
5235	6244718
5236	6246022
5237	6247326
5238	-1
5239	6248630
5240	6249934
5241	6251238
5242	-1
5243	6252542
5244	6253846
5245	6255150
5246	-1
5247	6256454
5248	6257758
5249	6259062
5250	6260366
5251	-1
5252	6261670
5253	6262974
5254	6264278
5255	-1
5256	6265582
5257	6266886
5258	6268190
5259	-1
5260	6269494
5261	6270798
5262	6272102
5263	6273406
5264	-1
5265	6274710
5266	6276014
5267	6277318
5268	-1
5269	6278622
5270	6279926
5271	6281230
5272	-1
5273	6282534
5274	6283838
5275	6285142
5276	-1
5277	6286446
5278	6287750
5279	6289054
5280	6290358
5281	-1
5282	6291662
5283	6292966
5284	6294270
5285	-1
5286	6295574
5287	6296878
5288	6298182
5289	-1
5290	6299486
5291	6300790
5292	6302094
5293	6303398
5294	-1
5295	6304702
5296	6306006
5297	6307310
5298	-1
5299	6308614
5300	6309918
5301	6311222
5302	-1
5303	6312526
5304	6313830
5305	6315134
5306	-1
5307	6316438
5308	6317742
5309	6319046
5310	6320350
5311	-1
5312	6321654
5313	6322958
5314	6324262
5315	-1
5316	6325566
5317	6326870
5318	6328174
5319	-1
5320	6329478
5321	6330782
5322	6332086
5323	6333390
5324	-1
5325	6334694
5326	6335998
5327	6337302
5328	-1
5329	6338606
5330	6339910
5331	6341214
5332	-1
5333	6342518
5334	6343822
5335	6345126
5336	-1
5337	6346430
5338	6347734
5339	6349038
5340	6350342
5341	-1
5342	6351646
5343	6352950
5344	6354254
5345	-1
5346	6355558
5347	6356862
5348	6358166
5349	-1
5350	6359470
5351	6360774
5352	6362078
5353	6363382
5354	-1
5355	6364686
5356	6365990
5357	6367294
5358	-1
5359	6368598
5360	6369902
5361	6371206
5362	-1
5363	6372510
5364	6373814
5365	6375118
5366	-1
5367	6376422
5368	6377726
5369	6379030
5370	6380334
5371	-1
5372	6381638
5373	6382942
5374	6384246
5375	-1
5376	6385550
5377	6386854
5378	6388158
5379	-1
5380	6389462
5381	6390766
5382	6392070
5383	6393374
5384	-1
5385	6394678
5386	6395982
5387	6397286
5388	-1
5389	6398590
5390	6399894
5391	6401198
5392	-1
5393	6402502
5394	6403806
5395	6405110
5396	6406414
5397	-1
5398	6407718
5399	6409022
5400	6410326
5401	-1
5402	6411630
5403	6412934
5404	6414238
5405	-1
5406	6415542
5407	6416846
5408	6418150
5409	-1
5410	6419454
5411	6420758
5412	6422062
5413	6423366
5414	-1
5415	6424670
5416	6425974
5417	6427278
5418	-1
5419	6428582
5420	6429886
5421	6431190
5422	-1
5423	6432494
5424	6433798
5425	6435102
5426	6436406
5427	-1
5428	6437710
5429	6439014
5430	6440318
5431	-1
5432	6441622
5433	6442926
5434	6444230
5435	-1
5436	6445534
5437	6446838
5438	6448142
5439	-1
5440	6449446
5441	6450750
5442	6452054
5443	6453358
5444	-1
5445	6454662
5446	6455966
5447	6457270
5448	-1
5449	6458574
5450	6459878
5451	6461182
5452	-1
5453	6462486
5454	6463790
5455	6465094
5456	6466398
5457	-1
5458	6467702
5459	6469006
5460	6470310
5461	-1
5462	6471614
5463	6472918
5464	6474222
5465	-1
5466	6475526
5467	6476830
5468	6478134
5469	-1
5470	6479438
5471	6480742
5472	6482046
5473	6483350
5474	-1
5475	6484654
5476	6485958
5477	6487262
5478	-1
5479	6488566
5480	6489870
5481	6491174
5482	-1
5483	6492478
5484	6493782
5485	6495086
5486	6496390
5487	-1
5488	6497694
5489	6498998
5490	6500302
5491	-1
5492	6501606
5493	6502910
5494	6504214
5495	-1
5496	6505518
5497	6506822
5498	6508126
5499	-1
5500	6509430
5501	6510734
5502	6512038
5503	6513342
5504	-1
5505	6514646
5506	6515950
5507	6517254
5508	-1
5509	6518558
5510	6519862
5511	6521166
5512	-1
5513	6522470
5514	6523774
5515	6525078
5516	6526382
5517	-1
5518	6527686
5519	6528990
5520	6530294
5521	-1
5522	6531598
5523	6532902
5524	6534206
5525	-1
5526	6535510
5527	6536814
5528	6538118
5529	-1
5530	6539422
5531	6540726
5532	6542030
5533	6543334
5534	-1
5535	6544638
5536	6545942
5537	6547246
5538	-1
5539	6548550
5540	6549854
5541	6551158
5542	-1
5543	6552462
5544	6553766
5545	6555070
5546	6556374
5547	-1
5548	6557678
5549	6558982
5550	6560286
5551	-1
5552	6561590
5553	6562894
5554	6564198
5555	-1
5556	6565502
5557	6566806
5558	6568110
5559	6569414
5560	-1
5561	6570718
5562	6572022
5563	6573326
5564	-1
5565	6574630
5566	6575934
5567	6577238
5568	-1
5569	6578542
5570	6579846
5571	6581150
5572	-1
5573	6582454
5574	6583758
5575	6585062
5576	6586366
5577	-1
5578	6587670
5579	6588974
5580	6590278
5581	-1
5582	6591582
5583	6592886
5584	6594190
5585	-1
5586	6595494
5587	6596798
5588	6598102
5589	6599406
5590	-1
5591	6600710
5592	6602014
5593	6603318
5594	-1
5595	6604622
5596	6605926
5597	6607230
5598	-1
5599	6608534
5600	6609838
5601	6611142
5602	-1
5603	6612446
5604	6613750
5605	6615054
5606	6616358
5607	-1
5608	6617662
5609	6618966
5610	6620270
5611	-1
5612	6621574
5613	6622878
5614	6624182
5615	-1
5616	6625486
5617	6626790
5618	6628094
5619	6629398
5620	-1
5621	6630702
5622	6632006
5623	6633310
5624	-1
5625	6634614
5626	6635918
5627	6637222
5628	-1
5629	6638526
5630	6639830
5631	6641134
5632	-1
5633	6642438
5634	6643742
5635	6645046
5636	6646350
5637	-1
5638	6647654
5639	6648958
5640	6650262
5641	-1
5642	6651566
5643	6652870
5644	6654174
5645	-1
5646	6655478
5647	6656782
5648	6658086
5649	6659390
5650	-1
5651	6660694
5652	6661998
5653	6663302
5654	-1
5655	6664606
5656	6665910
5657	6667214
5658	-1
5659	6668518
5660	6669822
5661	6671126
5662	-1
5663	6672430
5664	6673734
5665	6675038
5666	6676342
5667	-1
5668	6677646
5669	6678950
5670	6680254
5671	-1
5672	6681558
5673	6682862
5674	6684166
5675	-1
5676	6685470
5677	6686774
5678	6688078
5679	6689382
5680	-1
5681	6690686
5682	6691990
5683	6693294
5684	-1
5685	6694598
5686	6695902
5687	6697206
5688	-1
5689	6698510
5690	6699814
5691	6701118
5692	-1
5693	6702422
5694	6703726
5695	6705030
5696	6706334
5697	-1
5698	6707638
5699	6708942
5700	6710246
5701	-1
5702	6711550
5703	6712854
5704	6714158
5705	-1
5706	6715462
5707	6716766
5708	6718070
5709	6719374
5710	-1
5711	6720678
5712	6721982
5713	6723286
5714	-1
5715	6724590
5716	6725894
5717	6727198
5718	-1
5719	6728502
5720	6729806
5721	6731110
5722	6732414
5723	-1
5724	6733718
5725	6735022
5726	6736326
5727	-1
5728	6737630
5729	6738934
5730	6740238
5731	-1
5732	6741542
5733	6742846
5734	6744150
5735	-1
5736	6745454
5737	6746758
5738	6748062
5739	6749366
5740	-1
5741	6750670
5742	6751974
5743	6753278
5744	-1
5745	6754582
5746	6755886
5747	6757190
5748	-1
5749	6758494
5750	6759798
5751	6761102
5752	6762406
5753	-1
5754	6763710
5755	6765014
5756	6766318
5757	-1
5758	6767622
5759	6768926
5760	6770230
5761	-1
5762	6771534
5763	6772838
5764	6774142
5765	-1
5766	6775446
5767	6776750
5768	6778054
5769	6779358
5770	-1
5771	6780662
5772	6781966
5773	6783270
5774	-1
5775	6784574
5776	6785878
5777	6787182
5778	-1
5779	6788486
5780	6789790
5781	6791094
5782	6792398
5783	-1
5784	6793702
5785	6795006
5786	6796310
5787	-1
5788	6797614
5789	6798918
5790	6800222
5791	-1
5792	6801526
5793	6802830
5794	6804134
5795	-1
5796	6805438
5797	6806742
5798	6808046
5799	6809350
5800	-1
5801	6810654
5802	6811958
5803	6813262
5804	-1
5805	6814566
5806	6815870
5807	6817174
5808	-1
5809	6818478
5810	6819782
5811	6821086
5812	6822390
5813	-1
5814	6823694
5815	6824998
5816	6826302
5817	-1
5818	6827606
5819	6828910
5820	6830214
5821	-1
5822	6831518
5823	6832822
5824	6834126
5825	-1
5826	6835430
5827	6836734
5828	6838038
5829	6839342
5830	-1
5831	6840646
5832	6841950
5833	6843254
5834	-1
5835	6844558
5836	6845862
5837	6847166
5838	-1
5839	6848470
5840	6849774
5841	6851078
5842	6852382
5843	-1
5844	6853686
5845	6854990
5846	6856294
5847	-1
5848	6857598
5849	6858902
5850	6860206
5851	-1
5852	6861510
5853	6862814
5854	6864118
5855	-1
5856	6865422
5857	6866726
5858	6868030
5859	6869334
5860	-1
5861	6870638
5862	6871942
5863	6873246
5864	-1
5865	6874550
5866	6875854
5867	6877158
5868	-1
5869	6878462
5870	6879766
5871	6881070
5872	6882374
5873	-1
5874	6883678
5875	6884982
5876	6886286
5877	-1
5878	6887590
5879	6888894
5880	6890198
5881	-1
5882	6891502
5883	6892806
5884	6894110
5885	6895414
5886	-1
5887	6896718
5888	6898022
5889	6899326
5890	-1
5891	6900630
5892	6901934
5893	6903238
5894	-1
5895	6904542
5896	6905846
5897	6907150
5898	-1
5899	6908454
5900	6909758
5901	6911062
5902	6912366
5903	-1
5904	6913670
5905	6914974
5906	6916278
5907	-1
5908	6917582
5909	6918886
5910	6920190
5911	-1
5912	6921494
5913	6922798
5914	6924102
5915	6925406
5916	-1
5917	6926710
5918	6928014
5919	6929318
5920	-1
5921	6930622
5922	6931926
5923	6933230
5924	-1
5925	6934534
5926	6935838
5927	6937142
5928	-1
5929	6938446
5930	6939750
5931	6941054
5932	6942358
5933	-1
5934	6943662
5935	6944966
5936	6946270
5937	-1
5938	6947574
5939	6948878
5940	6950182
5941	-1
5942	6951486
5943	6952790
5944	6954094
5945	6955398
5946	-1
5947	6956702
5948	6958006
5949	6959310
5950	-1
5951	6960614
5952	6961918
5953	6963222
5954	-1
5955	6964526
5956	6965830
5957	6967134
5958	-1
5959	6968438
5960	6969742
5961	6971046
5962	6972350
5963	-1
5964	6973654
5965	6974958
5966	6976262
5967	-1
5968	6977566
5969	6978870
5970	6980174
5971	-1
5972	6981478
5973	6982782
5974	6984086
5975	6985390
5976	-1
5977	6986694
5978	6987998
5979	6989302
5980	-1
5981	6990606
5982	6991910
5983	6993214
5984	-1
5985	6994518
5986	6995822
5987	6997126
5988	-1
5989	6998430
5990	6999734
5991	7001038
5992	7002342
5993	-1
5994	7003646
5995	7004950
5996	7006254
5997	-1
5998	7007558
5999	7008862
6000	7010166
6001	-1
6002	7011470
6003	7012774
6004	7014078
6005	7015382
6006	-1
6007	7016686
6008	7017990
6009	7019294
6010	-1
6011	7020598
6012	7021902
6013	7023206
6014	-1
6015	7024510
6016	7025814
6017	7027118
6018	-1
6019	7028422
6020	7029726
6021	7031030
6022	7032334
6023	-1
6024	7033638
6025	7034942
6026	7036246
6027	-1
6028	7037550
6029	7038854
6030	7040158
6031	-1
6032	7041462
6033	7042766
6034	7044070
6035	7045374
6036	-1
6037	7046678
6038	7047982
6039	7049286
6040	-1
6041	7050590
6042	7051894
6043	7053198
6044	-1
6045	7054502
6046	7055806
6047	7057110
6048	7058414
6049	-1
6050	7059718
6051	7061022
6052	7062326
6053	-1
6054	7063630
6055	7064934
6056	7066238
6057	-1
6058	7067542
6059	7068846
6060	7070150
6061	-1
6062	7071454
6063	7072758
6064	7074062
6065	7075366
6066	-1
6067	7076670
6068	7077974
6069	7079278
6070	-1
6071	7080582
6072	7081886
6073	7083190
6074	-1
6075	7084494
6076	7085798
6077	7087102
6078	7088406
6079	-1
6080	7089710
6081	7091014
6082	7092318
6083	-1
6084	7093622
6085	7094926
6086	7096230
6087	-1
6088	7097534
6089	7098838
6090	7100142
6091	-1
6092	7101446
6093	7102750
6094	7104054
6095	7105358
6096	-1
6097	7106662
6098	7107966
6099	7109270
6100	-1
6101	7110574
6102	7111878
6103	7113182
6104	-1
6105	7114486
6106	7115790
6107	7117094
6108	7118398
6109	-1
6110	7119702
6111	7121006
6112	7122310
6113	-1
6114	7123614
6115	7124918
6116	7126222
6117	-1
6118	7127526
6119	7128830
6120	7130134
6121	-1
6122	7131438
6123	7132742
6124	7134046
6125	7135350
6126	-1
6127	7136654
6128	7137958
6129	7139262
6130	-1
6131	7140566
6132	7141870
6133	7143174
6134	-1
6135	7144478
6136	7145782
6137	7147086
6138	7148390
6139	-1
6140	7149694
6141	7150998
6142	7152302
6143	-1
6144	7153606
6145	7154910
6146	7156214
6147	-1
6148	7157518
6149	7158822
6150	7160126
6151	-1
6152	7161430
6153	7162734
6154	7164038
6155	7165342
6156	-1
6157	7166646
6158	7167950
6159	7169254
6160	-1
6161	7170558
6162	7171862
6163	7173166
6164	-1
6165	7174470
6166	7175774
6167	7177078
6168	7178382
6169	-1
6170	7179686
6171	7180990
6172	7182294
6173	-1
6174	7183598
6175	7184902
6176	7186206
6177	-1
6178	7187510
6179	7188814
6180	7190118
6181	-1
6182	7191422
6183	7192726
6184	7194030
6185	7195334
6186	-1
6187	7196638
6188	7197942
6189	7199246
6190	-1
6191	7200550
6192	7201854
6193	7203158
6194	-1
6195	7204462
6196	7205766
6197	7207070
6198	7208374
6199	-1
6200	7209678
6201	7210982
6202	7212286
6203	-1
6204	7213590
6205	7214894
6206	7216198
6207	-1
6208	7217502
6209	7218806
6210	7220110
6211	7221414
6212	-1
6213	7222718
6214	7224022
6215	7225326
6216	-1
6217	7226630
6218	7227934
6219	7229238
6220	-1
6221	7230542
6222	7231846
6223	7233150
6224	-1
6225	7234454
6226	7235758
6227	7237062
6228	7238366
6229	-1
6230	7239670
6231	7240974
6232	7242278
6233	-1
6234	7243582
6235	7244886
6236	7246190
6237	-1
6238	7247494
6239	7248798
6240	7250102
6241	7251406
6242	-1
6243	7252710
6244	7254014
6245	7255318
6246	-1
6247	7256622
6248	7257926
6249	7259230
6250	-1
6251	7260534
6252	7261838
6253	7263142
6254	-1
6255	7264446
6256	7265750
6257	7267054
6258	7268358
6259	-1
6260	7269662
6261	7270966
6262	7272270
6263	-1
6264	7273574
6265	7274878
6266	7276182
6267	-1
6268	7277486
6269	7278790
6270	7280094
6271	7281398
6272	-1
6273	7282702
6274	7284006
6275	7285310
6276	-1
6277	7286614
6278	7287918
6279	7289222
6280	-1
6281	7290526
6282	7291830
6283	7293134
6284	-1
6285	7294438
6286	7295742
6287	7297046
6288	7298350
6289	-1
6290	7299654
6291	7300958
6292	7302262
6293	-1
6294	7303566
6295	7304870
6296	7306174
6297	-1
6298	7307478
6299	7308782
6300	7310086
6301	7311390
6302	-1
6303	7312694
6304	7313998
6305	7315302
6306	-1
6307	7316606
6308	7317910
6309	7319214
6310	-1
6311	7320518
6312	7321822
6313	7323126
6314	-1
6315	7324430
6316	7325734
6317	7327038
6318	7328342
6319	-1
6320	7329646
6321	7330950
6322	7332254
6323	-1
6324	7333558
6325	7334862
6326	7336166
6327	-1
6328	7337470
6329	7338774
6330	7340078
6331	7341382
6332	-1
6333	7342686
6334	7343990
6335	7345294
6336	-1
6337	7346598
6338	7347902
6339	7349206
6340	-1
6341	7350510
6342	7351814
6343	7353118
6344	-1
6345	7354422
6346	7355726
6347	7357030
6348	7358334
6349	-1
6350	7359638
6351	7360942
6352	7362246
6353	-1
6354	7363550
6355	7364854
6356	7366158
6357	-1
6358	7367462
6359	7368766
6360	7370070
6361	7371374
6362	-1
6363	7372678
6364	7373982
6365	7375286
6366	-1
6367	7376590
6368	7377894
6369	7379198
6370	-1
6371	7380502
6372	7381806
6373	7383110
6374	7384414
6375	-1
6376	7385718
6377	7387022
6378	7388326
6379	-1
6380	7389630
6381	7390934
6382	7392238
6383	-1
6384	7393542
6385	7394846
6386	7396150
6387	-1
6388	7397454
6389	7398758
6390	7400062
6391	7401366
6392	-1
6393	7402670
6394	7403974
6395	7405278
6396	-1
6397	7406582
6398	7407886
6399	7409190
6400	-1
6401	7410494
6402	7411798
6403	7413102
6404	7414406
6405	-1
6406	7415710
6407	7417014
6408	7418318
6409	-1
6410	7419622
6411	7420926
6412	7422230
6413	-1
6414	7423534
6415	7424838
6416	7426142
6417	-1
6418	7427446
6419	7428750
6420	7430054
6421	7431358
6422	-1
6423	7432662
6424	7433966
6425	7435270
6426	-1
6427	7436574
6428	7437878
6429	7439182
6430	-1
6431	7440486
6432	7441790
6433	7443094
6434	7444398
6435	-1
6436	7445702
6437	7447006
6438	7448310
6439	-1
6440	7449614
6441	7450918
6442	7452222
6443	-1
6444	7453526
6445	7454830
6446	7456134
6447	-1
6448	7457438
6449	7458742
6450	7460046
6451	7461350
6452	-1
6453	7462654
6454	7463958
6455	7465262
6456	-1
6457	7466566
6458	7467870
6459	7469174
6460	-1
6461	7470478
6462	7471782
6463	7473086
6464	7474390
6465	-1
6466	7475694
6467	7476998
6468	7478302
6469	-1
6470	7479606
6471	7480910
6472	7482214
6473	-1
6474	7483518
6475	7484822
6476	7486126
6477	-1
6478	7487430
6479	7488734
6480	7490038
6481	7491342
6482	-1
6483	7492646
6484	7493950
6485	7495254
6486	-1
6487	7496558
6488	7497862
6489	7499166
6490	-1
6491	7500470
6492	7501774
6493	7503078
6494	7504382
6495	-1
6496	7505686
6497	7506990
6498	7508294
6499	-1
6500	7509598
6501	7510902
6502	7512206
6503	-1
6504	7513510
6505	7514814
6506	7516118
6507	-1
6508	7517422
6509	7518726
6510	7520030
6511	7521334
6512	-1
6513	7522638
6514	7523942
6515	7525246
6516	-1
6517	7526550
6518	7527854
6519	7529158
6520	-1
6521	7530462
6522	7531766
6523	7533070
6524	7534374
6525	-1
6526	7535678
6527	7536982
6528	7538286
6529	-1
6530	7539590
6531	7540894
6532	7542198
6533	-1
6534	7543502
6535	7544806
6536	7546110
6537	7547414
6538	-1
6539	7548718
6540	7550022
6541	7551326
6542	-1
6543	7552630
6544	7553934
6545	7555238
6546	-1
6547	7556542
6548	7557846
6549	7559150
6550	-1
6551	7560454
6552	7561758
6553	7563062
6554	7564366
6555	-1
6556	7565670
6557	7566974
6558	7568278
6559	-1
6560	7569582
6561	7570886
6562	7572190
6563	-1
6564	7573494
6565	7574798
6566	7576102
6567	7577406
6568	-1
6569	7578710
6570	7580014
6571	7581318
6572	-1
6573	7582622
6574	7583926
6575	7585230
6576	-1
6577	7586534
6578	7587838
6579	7589142
6580	-1
6581	7590446
6582	7591750
6583	7593054
6584	7594358
6585	-1
6586	7595662
6587	7596966
6588	7598270
6589	-1
6590	7599574
6591	7600878
6592	7602182
6593	-1
6594	7603486
6595	7604790
6596	7606094
6597	7607398
6598	-1
6599	7608702
6600	7610006
6601	7611310
6602	-1
6603	7612614
6604	7613918
6605	7615222
6606	-1
6607	7616526
6608	7617830
6609	7619134
6610	-1
6611	7620438
6612	7621742
6613	7623046
6614	7624350
6615	-1
6616	7625654
6617	7626958
6618	7628262
6619	-1
6620	7629566
6621	7630870
6622	7632174
6623	-1
6624	7633478
6625	7634782
6626	7636086
6627	7637390
6628	-1
6629	7638694
6630	7639998
6631	7641302
6632	-1
6633	7642606
6634	7643910
6635	7645214
6636	-1
6637	7646518
6638	7647822
6639	7649126
6640	-1
6641	7650430
6642	7651734
6643	7653038
6644	7654342
6645	-1
6646	7655646
6647	7656950
6648	7658254
6649	-1
6650	7659558
6651	7660862
6652	7662166
6653	-1
6654	7663470
6655	7664774
6656	7666078
6657	7667382
6658	-1
6659	7668686
6660	7669990
6661	7671294
6662	-1
6663	7672598
6664	7673902
6665	7675206
6666	-1
6667	7676510
6668	7677814
6669	7679118
6670	-1
6671	7680422
6672	7681726
6673	7683030
6674	7684334
6675	-1
6676	7685638
6677	7686942
6678	7688246
6679	-1
6680	7689550
6681	7690854
6682	7692158
6683	-1
6684	7693462
6685	7694766
6686	7696070
6687	7697374
6688	-1
6689	7698678
6690	7699982
6691	7701286
6692	-1
6693	7702590
6694	7703894
6695	7705198
6696	-1
6697	7706502
6698	7707806
6699	7709110
6700	7710414
6701	-1
6702	7711718
6703	7713022
6704	7714326
6705	-1
6706	7715630
6707	7716934
6708	7718238
6709	-1
6710	7719542
6711	7720846
6712	7722150
6713	-1
6714	7723454
6715	7724758
6716	7726062
6717	7727366
6718	-1
6719	7728670
6720	7729974
6721	7731278
6722	-1
6723	7732582
6724	7733886
6725	7735190
6726	-1
6727	7736494
6728	7737798
6729	7739102
6730	7740406
6731	-1
6732	7741710
6733	7743014
6734	7744318
6735	-1
6736	7745622
6737	7746926
6738	7748230
6739	-1
6740	7749534
6741	7750838
6742	7752142
6743	-1
6744	7753446
6745	7754750
6746	7756054
6747	7757358
6748	-1
6749	7758662
6750	7759966
6751	7761270
6752	-1
6753	7762574
6754	7763878
6755	7765182
6756	-1
6757	7766486
6758	7767790
6759	7769094
6760	7770398
6761	-1
6762	7771702
6763	7773006
6764	7774310
6765	-1
6766	7775614
6767	7776918
6768	7778222
6769	-1
6770	7779526
6771	7780830
6772	7782134
6773	-1
6774	7783438
6775	7784742
6776	7786046
6777	7787350
6778	-1
6779	7788654
6780	7789958
6781	7791262
6782	-1
6783	7792566
6784	7793870
6785	7795174
6786	-1
6787	7796478
6788	7797782
6789	7799086
6790	7800390
6791	-1
6792	7801694
6793	7802998
6794	7804302
6795	-1
6796	7805606
6797	7806910
6798	7808214
6799	-1
6800	7809518
6801	7810822
6802	7812126
6803	-1
6804	7813430
6805	7814734
6806	7816038
6807	7817342
6808	-1
6809	7818646
6810	7819950
6811	7821254
6812	-1
6813	7822558
6814	7823862
6815	7825166
6816	-1
6817	7826470
6818	7827774
6819	7829078
6820	7830382
6821	-1
6822	7831686
6823	7832990
6824	7834294
6825	-1
6826	7835598
6827	7836902
6828	7838206
6829	-1
6830	7839510
6831	7840814
6832	7842118
6833	-1
6834	7843422
6835	7844726
6836	7846030
6837	7847334
6838	-1
6839	7848638
6840	7849942
6841	7851246
6842	-1
6843	7852550
6844	7853854
6845	7855158
6846	-1
6847	7856462
6848	7857766
6849	7859070
6850	7860374
6851	-1
6852	7861678
6853	7862982
6854	7864286
6855	-1
6856	7865590
6857	7866894
6858	7868198
6859	-1
6860	7869502
6861	7870806
6862	7872110
6863	7873414
6864	-1
6865	7874718
6866	7876022
6867	7877326
6868	-1
6869	7878630
6870	7879934
6871	7881238
6872	-1
6873	7882542
6874	7883846
6875	7885150
6876	-1
6877	7886454
6878	7887758
6879	7889062
6880	7890366
6881	-1
6882	7891670
6883	7892974
6884	7894278
6885	-1
6886	7895582
6887	7896886
6888	7898190
6889	-1
6890	7899494
6891	7900798
6892	7902102
6893	7903406
6894	-1
6895	7904710
6896	7906014
6897	7907318
6898	-1
6899	7908622
6900	7909926
6901	7911230
6902	-1
6903	7912534
6904	7913838
6905	7915142
6906	-1
6907	7916446
6908	7917750
6909	7919054
6910	7920358
6911	-1
6912	7921662
6913	7922966
6914	7924270
6915	-1
6916	7925574
6917	7926878
6918	7928182
6919	-1
6920	7929486
6921	7930790
6922	7932094
6923	7933398
6924	-1
6925	7934702
6926	7936006
6927	7937310
6928	-1
6929	7938614
6930	7939918
6931	7941222
6932	-1
6933	7942526
6934	7943830
6935	7945134
6936	-1
6937	7946438
6938	7947742
6939	7949046
6940	7950350
6941	-1
6942	7951654
6943	7952958
6944	7954262
6945	-1
6946	7955566
6947	7956870
6948	7958174
6949	-1
6950	7959478
6951	7960782
6952	7962086
6953	7963390
6954	-1
6955	7964694
6956	7965998
6957	7967302
6958	-1
6959	7968606
6960	7969910
6961	7971214
6962	-1
6963	7972518
6964	7973822
6965	7975126
6966	-1
6967	7976430
6968	7977734
6969	7979038
6970	7980342
6971	-1
6972	7981646
6973	7982950
6974	7984254
6975	-1
6976	7985558
6977	7986862
6978	7988166
6979	-1
6980	7989470
6981	7990774
6982	7992078
6983	7993382
6984	-1
6985	7994686
6986	7995990
6987	7997294
6988	-1
6989	7998598
6990	7999902
6991	8001206
6992	-1
6993	8002510
6994	8003814
6995	8005118
6996	-1
6997	8006422
6998	8007726
6999	8009030
7000	8010334
7001	-1
7002	8011638
7003	8012942
7004	8014246
7005	-1
7006	8015550
7007	8016854
7008	8018158
7009	-1
7010	8019462
7011	8020766
7012	8022070
7013	8023374
7014	-1
7015	8024678
7016	8025982
7017	8027286
7018	-1
7019	8028590
7020	8029894
7021	8031198
7022	-1
7023	8032502
7024	8033806
7025	8035110
7026	8036414
7027	-1
7028	8037718
7029	8039022
7030	8040326
7031	-1
7032	8041630
7033	8042934
7034	8044238
7035	-1
7036	8045542
7037	8046846
7038	8048150
7039	-1
7040	8049454
7041	8050758
7042	8052062
7043	8053366
7044	-1
7045	8054670
7046	8055974
7047	8057278
7048	-1
7049	8058582
7050	8059886
7051	8061190
7052	-1
7053	8062494
7054	8063798
7055	8065102
7056	8066406
7057	-1
7058	8067710
7059	8069014
7060	8070318
7061	-1
7062	8071622
7063	8072926
7064	8074230
7065	-1
7066	8075534
7067	8076838
7068	8078142
7069	-1
7070	8079446
7071	8080750
7072	8082054
7073	8083358
7074	-1
7075	8084662
7076	8085966
7077	8087270
7078	-1
7079	8088574
7080	8089878
7081	8091182
7082	-1
7083	8092486
7084	8093790
7085	8095094
7086	8096398
7087	-1
7088	8097702
7089	8099006
7090	8100310
7091	-1
7092	8101614
7093	8102918
7094	8104222
7095	-1
7096	8105526
7097	8106830
7098	8108134
7099	-1
7100	8109438
7101	8110742
7102	8112046
7103	8113350
7104	-1
7105	8114654
7106	8115958
7107	8117262
7108	-1
7109	8118566
7110	8119870
7111	8121174
7112	-1
7113	8122478
7114	8123782
7115	8125086
7116	8126390
7117	-1
7118	8127694
7119	8128998
7120	8130302
7121	-1
7122	8131606
7123	8132910
7124	8134214
7125	-1
7126	8135518
7127	8136822
7128	8138126
7129	-1
7130	8139430
7131	8140734
7132	8142038
7133	8143342
7134	-1
7135	8144646
7136	8145950
7137	8147254
7138	-1
7139	8148558
7140	8149862
7141	8151166
7142	-1
7143	8152470
7144	8153774
7145	8155078
7146	8156382
7147	-1
7148	8157686
7149	8158990
7150	8160294
7151	-1
7152	8161598
7153	8162902
7154	8164206
7155	-1
7156	8165510
7157	8166814
7158	8168118
7159	-1
7160	8169422
7161	8170726
7162	8172030
7163	8173334
7164	-1
7165	8174638
7166	8175942
7167	8177246
7168	-1
7169	8178550
7170	8179854
7171	8181158
7172	-1
7173	8182462
7174	8183766
7175	8185070
7176	8186374
7177	-1
7178	8187678
7179	8188982
7180	8190286
7181	-1
7182	8191590
7183	8192894
7184	8194198
7185	-1
7186	8195502
7187	8196806
7188	8198110
7189	8199414
7190	-1
7191	8200718
7192	8202022
7193	8203326
7194	-1
7195	8204630
7196	8205934
7197	8207238
7198	-1
7199	8208542
7200	8209846
7201	8211150
7202	-1
7203	8212454
7204	8213758
7205	8215062
7206	8216366
7207	-1
7208	8217670
7209	8218974
7210	8220278
7211	-1
7212	8221582
7213	8222886
7214	8224190
7215	-1
7216	8225494
7217	8226798
7218	8228102
7219	8229406
7220	-1
7221	8230710
7222	8232014
7223	8233318
7224	-1
7225	8234622
7226	8235926
7227	8237230
7228	-1
7229	8238534
7230	8239838
7231	8241142
7232	-1
7233	8242446
7234	8243750
7235	8245054
7236	8246358
7237	-1
7238	8247662
7239	8248966
7240	8250270
7241	-1
7242	8251574
7243	8252878
7244	8254182
7245	-1
7246	8255486
7247	8256790
7248	8258094
7249	8259398
7250	-1
7251	8260702
7252	8262006
7253	8263310
7254	-1
7255	8264614
7256	8265918
7257	8267222
7258	-1
7259	8268526
7260	8269830
7261	8271134
7262	-1
7263	8272438
7264	8273742
7265	8275046
7266	8276350
7267	-1
7268	8277654
7269	8278958
7270	8280262
7271	-1
7272	8281566
7273	8282870
7274	8284174
7275	-1
7276	8285478
7277	8286782
7278	8288086
7279	8289390
7280	-1
7281	8290694
7282	8291998
7283	8293302
7284	-1
7285	8294606
7286	8295910
7287	8297214
7288	-1
7289	8298518
7290	8299822
7291	8301126
7292	-1
7293	8302430
7294	8303734
7295	8305038
7296	8306342
7297	-1
7298	8307646
7299	8308950
7300	8310254
7301	-1
7302	8311558
7303	8312862
7304	8314166
7305	-1
7306	8315470
7307	8316774
7308	8318078
7309	8319382
7310	-1
7311	8320686
7312	8321990
7313	8323294
7314	-1
7315	8324598
7316	8325902
7317	8327206
7318	-1
7319	8328510
7320	8329814
7321	8331118
7322	-1
7323	8332422
7324	8333726
7325	8335030
7326	8336334
7327	-1
7328	8337638
7329	8338942
7330	8340246
7331	-1
7332	8341550
7333	8342854
7334	8344158
7335	-1
7336	8345462
7337	8346766
7338	8348070
7339	8349374
7340	-1
7341	8350678
7342	8351982
7343	8353286
7344	-1
7345	8354590
7346	8355894
7347	8357198
7348	-1
7349	8358502
7350	8359806
7351	8361110
7352	8362414
7353	-1
7354	8363718
7355	8365022
7356	8366326
7357	-1
7358	8367630
7359	8368934
7360	8370238
7361	-1
7362	8371542
7363	8372846
7364	8374150
7365	-1
7366	8375454
7367	8376758
7368	8378062
7369	8379366
7370	-1
7371	8380670
7372	8381974
7373	8383278
7374	-1
7375	8384582
7376	8385886
7377	8387190
7378	-1
7379	8388494
7380	8389798
7381	8391102
7382	8392406
7383	-1
7384	8393710
7385	8395014
7386	8396318
7387	-1
7388	8397622
7389	8398926
7390	8400230
7391	-1
7392	8401534
7393	8402838
7394	8404142
7395	-1
7396	8405446
7397	8406750
7398	8408054
7399	8409358
7400	-1
7401	8410662
7402	8411966
7403	8413270
7404	-1
7405	8414574
7406	8415878
7407	8417182
7408	-1
7409	8418486
7410	8419790
7411	8421094
7412	8422398
7413	-1
7414	8423702
7415	8425006
7416	8426310
7417	-1
7418	8427614
7419	8428918
7420	8430222
7421	-1
7422	8431526
7423	8432830
7424	8434134
7425	-1
7426	8435438
7427	8436742
7428	8438046
7429	8439350
7430	-1
7431	8440654
7432	8441958
7433	8443262
7434	-1
7435	8444566
7436	8445870
7437	8447174
7438	-1
7439	8448478
7440	8449782
7441	8451086
7442	8452390
7443	-1
7444	8453694
7445	8454998
7446	8456302
7447	-1
7448	8457606
7449	8458910
7450	8460214
7451	-1
7452	8461518
7453	8462822
7454	8464126
7455	-1
7456	8465430
7457	8466734
7458	8468038
7459	8469342
7460	-1
7461	8470646
7462	8471950
7463	8473254
7464	-1
7465	8474558
7466	8475862
7467	8477166
7468	-1
7469	8478470
7470	8479774
7471	8481078
7472	8482382
7473	-1
7474	8483686
7475	8484990
7476	8486294
7477	-1
7478	8487598
7479	8488902
7480	8490206
7481	-1
7482	8491510
7483	8492814
7484	8494118
7485	-1
7486	8495422
7487	8496726
7488	8498030
7489	8499334
7490	-1
7491	8500638
7492	8501942
7493	8503246
7494	-1
7495	8504550
7496	8505854
7497	8507158
7498	-1
7499	8508462
7500	8509766
7501	8511070
7502	8512374
7503	-1
7504	8513678
7505	8514982
7506	8516286
7507	-1
7508	8517590
7509	8518894
7510	8520198
7511	-1
7512	8521502
7513	8522806
7514	8524110
7515	8525414
7516	-1
7517	8526718
7518	8528022
7519	8529326
7520	-1
7521	8530630
7522	8531934
7523	8533238
7524	-1
7525	8534542
7526	8535846
7527	8537150
7528	-1
7529	8538454
7530	8539758
7531	8541062
7532	8542366
7533	-1
7534	8543670
7535	8544974
7536	8546278
7537	-1
7538	8547582
7539	8548886
7540	8550190
7541	-1
7542	8551494
7543	8552798
7544	8554102
7545	8555406
7546	-1
7547	8556710
7548	8558014
7549	8559318
7550	-1
7551	8560622
7552	8561926
7553	8563230
7554	-1
7555	8564534
7556	8565838
7557	8567142
7558	-1
7559	8568446
7560	8569750
7561	8571054
7562	8572358
7563	-1
7564	8573662
7565	8574966
7566	8576270
7567	-1
7568	8577574
7569	8578878
7570	8580182
7571	-1
7572	8581486
7573	8582790
7574	8584094
7575	8585398
7576	-1
7577	8586702
7578	8588006
7579	8589310
7580	-1
7581	8590614
7582	8591918
7583	8593222
7584	-1
7585	8594526
7586	8595830
7587	8597134
7588	-1
7589	8598438
7590	8599742
7591	8601046
7592	8602350
7593	-1
7594	8603654
7595	8604958
7596	8606262
7597	-1
7598	8607566
7599	8608870
7600	8610174
7601	-1
7602	8611478
7603	8612782
7604	8614086
7605	8615390
7606	-1
7607	8616694
7608	8617998
7609	8619302
7610	-1
7611	8620606
7612	8621910
7613	8623214
7614	-1
7615	8624518
7616	8625822
7617	8627126
7618	-1
7619	8628430
7620	8629734
7621	8631038
7622	8632342
7623	-1
7624	8633646
7625	8634950
7626	8636254
7627	-1
7628	8637558
7629	8638862
7630	8640166
7631	-1
7632	8641470
7633	8642774
7634	8644078
7635	8645382
7636	-1
7637	8646686
7638	8647990
7639	8649294
7640	-1
7641	8650598
7642	8651902
7643	8653206
7644	-1
7645	8654510
7646	8655814
7647	8657118
7648	-1
7649	8658422
7650	8659726
7651	8661030
7652	8662334
7653	-1
7654	8663638
7655	8664942
7656	8666246
7657	-1
7658	8667550
7659	8668854
7660	8670158
7661	-1
7662	8671462
7663	8672766
7664	8674070
7665	8675374
7666	-1
7667	8676678
7668	8677982
7669	8679286
7670	-1
7671	8680590
7672	8681894
7673	8683198
7674	-1
7675	8684502
7676	8685806
7677	8687110
7678	8688414
7679	-1
7680	8689718
7681	8691022
7682	8692326
7683	-1
7684	8693630
7685	8694934
7686	8696238
7687	-1
7688	8697542
7689	8698846
7690	8700150
7691	-1
7692	8701454
7693	8702758
7694	8704062
7695	8705366
7696	-1
7697	8706670
7698	8707974
7699	8709278
7700	-1
7701	8710582
7702	8711886
7703	8713190
7704	-1
7705	8714494
7706	8715798
7707	8717102
7708	8718406
7709	-1
7710	8719710
7711	8721014
7712	8722318
7713	-1
7714	8723622
7715	8724926
7716	8726230
7717	-1
7718	8727534
7719	8728838
7720	8730142
7721	-1
7722	8731446
7723	8732750
7724	8734054
7725	8735358
7726	-1
7727	8736662
7728	8737966
7729	8739270
7730	-1
7731	8740574
7732	8741878
7733	8743182
7734	-1
7735	8744486
7736	8745790
7737	8747094
7738	8748398
7739	-1
7740	8749702
7741	8751006
7742	8752310
7743	-1
7744	8753614
7745	8754918
7746	8756222
7747	-1
7748	8757526
7749	8758830
7750	8760134
7751	-1
7752	8761438
7753	8762742
7754	8764046
7755	8765350
7756	-1
7757	8766654
7758	8767958
7759	8769262
7760	-1
7761	8770566
7762	8771870
7763	8773174
7764	-1
7765	8774478
7766	8775782
7767	8777086
7768	8778390
7769	-1
7770	8779694
7771	8780998
7772	8782302
7773	-1
7774	8783606
7775	8784910
7776	8786214
7777	-1
7778	8787518
7779	8788822
7780	8790126
7781	-1
7782	8791430
7783	8792734
7784	8794038
7785	8795342
7786	-1
7787	8796646
7788	8797950
7789	8799254
7790	-1
7791	8800558
7792	8801862
7793	8803166
7794	-1
7795	8804470
7796	8805774
7797	8807078
7798	8808382
7799	-1
7800	8809686
7801	8810990
7802	8812294
7803	-1
7804	8813598
7805	8814902
7806	8816206
7807	-1
7808	8817510
7809	8818814
7810	8820118
7811	-1
7812	8821422
7813	8822726
7814	8824030
7815	8825334
7816	-1
7817	8826638
7818	8827942
7819	8829246
7820	-1
7821	8830550
7822	8831854
7823	8833158
7824	-1
7825	8834462
7826	8835766
7827	8837070
7828	8838374
7829	-1
7830	8839678
7831	8840982
7832	8842286
7833	-1
7834	8843590
7835	8844894
7836	8846198
7837	-1
7838	8847502
7839	8848806
7840	8850110
7841	8851414
7842	-1
7843	8852718
7844	8854022
7845	8855326
7846	-1
7847	8856630
7848	8857934
7849	8859238
7850	-1
7851	8860542
7852	8861846
7853	8863150
7854	-1
7855	8864454
7856	8865758
7857	8867062
7858	8868366
7859	-1
7860	8869670
7861	8870974
7862	8872278
7863	-1
7864	8873582
7865	8874886
7866	8876190
7867	-1
7868	8877494
7869	8878798
7870	8880102
7871	8881406
7872	-1
7873	8882710
7874	8884014
7875	8885318
7876	-1
7877	8886622
7878	8887926
7879	8889230
7880	-1
7881	8890534
7882	8891838
7883	8893142
7884	-1
7885	8894446
7886	8895750
7887	8897054
7888	8898358
7889	-1
7890	8899662
7891	8900966
7892	8902270
7893	-1
7894	8903574
7895	8904878
7896	8906182
7897	-1
7898	8907486
7899	8908790
7900	8910094
7901	8911398
7902	-1
7903	8912702
7904	8914006
7905	8915310
7906	-1
7907	8916614
7908	8917918
7909	8919222
7910	-1
7911	8920526
7912	8921830
7913	8923134
7914	-1
7915	8924438
7916	8925742
7917	8927046
7918	8928350
7919	-1
7920	8929654
7921	8930958
7922	8932262
7923	-1
7924	8933566
7925	8934870
7926	8936174
7927	-1
7928	8937478
7929	8938782
7930	8940086
7931	8941390
7932	-1
7933	8942694
7934	8943998
7935	8945302
7936	-1
7937	8946606
7938	8947910
7939	8949214
7940	-1
7941	8950518
7942	8951822
7943	8953126
7944	-1
7945	8954430
7946	8955734
7947	8957038
7948	8958342
7949	-1
7950	8959646
7951	8960950
7952	8962254
7953	-1
7954	8963558
7955	8964862
7956	8966166
7957	-1
7958	8967470
7959	8968774
7960	8970078
7961	8971382
7962	-1
7963	8972686
7964	8973990
7965	8975294
7966	-1
7967	8976598
7968	8977902
7969	8979206
7970	-1
7971	8980510
7972	8981814
7973	8983118
7974	-1
7975	8984422
7976	8985726
7977	8987030
7978	8988334
7979	-1
7980	8989638
7981	8990942
7982	8992246
7983	-1
7984	8993550
7985	8994854
7986	8996158
7987	-1
7988	8997462
7989	8998766
7990	9000070
7991	9001374
7992	-1
7993	9002678
7994	9003982
7995	9005286
7996	-1
7997	9006590
7998	9007894
7999	9009198
