0	1010897
1	1013939
2	1016982
3	1020025
4	1023067
5	1026110
6	1029153
7	1032195
8	1035238
9	1038281
10	1041323
11	1044366
12	1047409
13	1050451
14	1053494
15	1056537
16	1059579
17	1062622
18	1065665
19	1068707
20	1071750
21	1074793
22	1077835
23	1080878
24	1083921
25	1086963
26	1090006
27	1093049
28	1096091
29	1099134
30	1102177
31	1105219
32	1108262
33	1111305
34	1114347
35	1117390
36	1120433
37	1123475
38	1126518
39	1129561
40	1132603
41	1135646
42	1138689
43	1141731
44	1144774
45	1147817
46	1150859
47	1153902
48	1156945
49	1159987
50	1163030
51	1166073
52	1169115
53	1172158
54	1175201
55	1178243
56	1181286
57	1184329
58	1187371
59	1190414
60	1193457
61	1196499
62	1199542
63	1202585
64	1205627
65	1208670
66	1211713
67	1214755
68	1217798
69	1220841
70	1223883
71	1226926
72	1229969
73	1233011
74	1236054
75	1239097
76	1242139
77	1245182
78	1248225
79	1251267
80	1254310
81	1257353
82	1260395
83	1263438
84	1266481
85	1269523
86	1272566
87	1275609
88	1278651
89	1281694
90	-1
91	-1
92	1284737
93	-1
94	-1
95	1287779
96	-1
97	-1
98	1290822
99	-1
100	-1
101	1293865
102	-1
103	-1
104	1296907
105	-1
106	-1
107	1299950
108	-1
109	-1
110	1302993
111	-1
112	-1
113	1306035
114	-1
115	-1
116	1309078
117	-1
118	-1
119	1312121
120	-1
121	-1
122	1315163
123	-1
124	-1
125	1318206
126	-1
127	-1
128	1321249
129	-1
130	-1
131	1324291
132	-1
133	-1
134	1327334
135	-1
136	-1
137	1330377
138	-1
139	-1
140	-1
141	1333419
142	-1
143	-1
144	1336462
145	-1
146	-1
147	1339505
148	-1
149	-1
150	1342547
151	-1
152	-1
153	1345590
154	-1
155	-1
156	1348633
157	-1
158	-1
159	1351675
160	-1
161	-1
162	1354718
163	-1
164	-1
165	1357761
166	-1
167	-1
168	1360803
169	-1
170	-1
171	1363846
172	-1
173	-1
174	1366889
175	-1
176	-1
177	1369931
178	-1
179	-1
180	1372974
181	-1
182	-1
183	1376017
184	-1
185	-1
186	1379059
187	-1
188	-1
189	1382102
190	-1
191	-1
192	1385145
193	-1
194	-1
195	1388187
196	-1
197	-1
198	1391230
199	-1
200	-1
201	1394273
202	-1
203	-1
204	1397315
205	-1
206	-1
207	1400358
208	-1
209	-1
210	1403401
211	-1
212	-1
213	-1
214	1406443
215	-1
216	-1
217	1409486
218	-1
219	-1
220	1412529
221	-1
222	-1
223	1415571
224	-1
225	-1
226	1418614
227	-1
228	-1
229	1421657
230	-1
231	-1
232	1424699
233	-1
234	-1
235	1427742
236	-1
237	-1
238	1430785
239	-1
240	-1
241	1433827
242	-1
243	-1
244	1436870
245	-1
246	-1
247	1439913
248	-1
249	-1
250	1442955
251	-1
252	-1
253	1445998
254	-1
255	-1
256	1449041
257	-1
258	-1
259	1452083
260	-1
261	-1
262	1455126
263	-1
264	-1
265	1458169
266	-1
267	-1
268	1461211
269	-1
270	-1
271	1464254
272	-1
273	-1
274	1467297
275	-1
276	-1
277	1470339
278	-1
279	-1
280	1473382
281	-1
282	-1
283	-1
284	1476425
285	-1
286	-1
287	1479467
288	-1
289	-1
290	1482510
291	-1
292	-1
293	1485553
294	-1
295	-1
296	1488595
297	-1
298	-1
299	1491638
300	-1
301	-1
302	1494681
303	-1
304	-1
305	1497723
306	-1
307	-1
308	1500766
309	-1
310	-1
311	1503809
312	-1
313	-1
314	1506851
315	-1
316	-1
317	1509894
318	-1
319	-1
320	1512937
321	-1
322	-1
323	1515979
324	-1
325	-1
326	1519022
327	-1
328	-1
329	1522065
330	-1
331	-1
332	1525107
333	-1
334	-1
335	1528150
336	-1
337	-1
338	1531193
339	-1
340	-1
341	1534235
342	-1
343	-1
344	1537278
345	-1
346	-1
347	1540321
348	-1
349	-1
350	1543363
351	-1
352	-1
353	1546406
354	-1
355	-1
356	-1
357	1549449
358	-1
359	-1
360	1552491
361	-1
362	-1
363	1555534
364	-1
365	-1
366	1558577
367	-1
368	-1
369	1561619
370	-1
371	-1
372	1564662
373	-1
374	-1
375	1567705
376	-1
377	-1
378	1570747
379	-1
380	-1
381	1573790
382	-1
383	-1
384	1576833
385	-1
386	-1
387	1579875
388	-1
389	-1
390	1582918
391	-1
392	-1
393	1585961
394	-1
395	-1
396	1589003
397	-1
398	-1
399	1592046
400	-1
401	-1
402	1595089
403	-1
404	-1
405	1598131
406	-1
407	-1
408	1601174
409	-1
410	-1
411	1604217
412	-1
413	-1
414	1607259
415	-1
416	-1
417	1610302
418	-1
419	-1
420	1613345
421	-1
422	-1
423	1616387
424	-1
425	-1
426	-1
427	1619430
428	-1
429	-1
430	1622473
431	-1
432	-1
433	1625515
434	-1
435	-1
436	1628558
437	-1
438	-1
439	1631601
440	-1
441	-1
442	1634643
443	-1
444	-1
445	1637686
446	-1
447	-1
448	1640729
449	-1
450	-1
451	1643771
452	-1
453	-1
454	1646814
455	-1
456	-1
457	1649857
458	-1
459	-1
460	1652899
461	-1
462	-1
463	1655942
464	-1
465	-1
466	1658985
467	-1
468	-1
469	1662027
470	-1
471	-1
472	1665070
473	-1
474	-1
475	1668113
476	-1
477	-1
478	1671155
479	-1
480	-1
481	1674198
482	-1
483	-1
484	1677241
485	-1
486	-1
487	1680283
488	-1
489	-1
490	1683326
491	-1
492	-1
493	1686369
494	-1
495	-1
496	-1
497	1689411
498	-1
499	-1
500	1692454
501	-1
502	-1
503	1695497
504	-1
505	-1
506	1698539
507	-1
508	-1
509	1701582
510	-1
511	-1
512	1704625
513	-1
514	-1
515	1707667
516	-1
517	-1
518	1710710
519	-1
520	-1
521	1713753
522	-1
523	-1
524	1716795
525	-1
526	-1
527	1719838
528	-1
529	-1
530	1722881
531	-1
532	-1
533	1725923
534	-1
535	-1
536	1728966
537	-1
538	-1
539	1732009
540	-1
541	-1
542	1735051
543	-1
544	-1
545	1738094
546	-1
547	-1
548	1741137
549	-1
550	-1
551	1744179
552	-1
553	-1
554	1747222
555	-1
556	-1
557	1750265
558	-1
559	-1
560	1753307
561	-1
562	-1
563	1756350
564	-1
565	-1
566	1759393
567	-1
568	-1
569	-1
570	1762435
571	-1
572	-1
573	1765478
574	-1
575	-1
576	1768521
577	-1
578	-1
579	1771563
580	-1
581	-1
582	1774606
583	-1
584	-1
585	1777649
586	-1
587	-1
588	1780691
589	-1
590	-1
591	1783734
592	-1
593	-1
594	1786777
595	-1
596	-1
597	1789819
598	-1
599	-1
600	1792862
601	-1
602	-1
603	1795905
604	-1
605	-1
606	1798947
607	-1
608	-1
609	1801990
610	-1
611	-1
612	1805033
613	-1
614	-1
615	1808075
616	-1
617	-1
618	1811118
619	-1
620	-1
621	1814161
622	-1
623	-1
624	1817203
625	-1
626	-1
627	1820246
628	-1
629	-1
630	1823289
631	-1
632	-1
633	1826331
634	-1
635	-1
636	1829374
637	-1
638	-1
639	-1
640	1832417
641	-1
642	-1
643	1835459
644	-1
645	-1
646	1838502
647	-1
648	-1
649	1841545
650	-1
651	-1
652	1844587
653	-1
654	-1
655	1847630
656	-1
657	-1
658	1850673
659	-1
660	-1
661	1853715
662	-1
663	-1
664	1856758
665	-1
666	-1
667	1859801
668	-1
669	-1
670	1862843
671	-1
672	-1
673	1865886
674	-1
675	-1
676	1868929
677	-1
678	-1
679	1871971
680	-1
681	-1
682	1875014
683	-1
684	-1
685	1878057
686	-1
687	-1
688	1881099
689	-1
690	-1
691	1884142
692	-1
693	-1
694	1887185
695	-1
696	-1
697	1890227
698	-1
699	-1
700	1893270
701	-1
702	-1
703	1896313
704	-1
705	-1
706	1899355
707	-1
708	-1
709	1902398
710	-1
711	-1
712	-1
713	1905441
714	-1
715	-1
716	1908483
717	-1
718	-1
719	1911526
720	-1
721	-1
722	1914569
723	-1
724	-1
725	1917611
726	-1
727	-1
728	1920654
729	-1
730	-1
731	1923697
732	-1
733	-1
734	1926739
735	-1
736	-1
737	1929782
738	-1
739	-1
740	1932825
741	-1
742	-1
743	1935867
744	-1
745	-1
746	1938910
747	-1
748	-1
749	1941953
750	-1
751	-1
752	1944995
753	-1
754	-1
755	1948038
756	-1
757	-1
758	1951081
759	-1
760	-1
761	1954123
762	-1
763	-1
764	1957166
765	-1
766	-1
767	1960209
768	-1
769	-1
770	1963251
771	-1
772	-1
773	1966294
774	-1
775	-1
776	1969337
777	-1
778	-1
779	1972379
780	-1
781	-1
782	-1
783	1975422
784	-1
785	-1
786	1978465
787	-1
788	-1
789	1981507
790	-1
791	-1
792	1984550
793	-1
794	-1
795	1987593
796	-1
797	-1
798	1990635
799	-1
800	-1
801	1993678
802	-1
803	-1
804	1996721
805	-1
806	-1
807	1999763
808	-1
809	-1
810	2002806
811	-1
812	-1
813	2005849
814	-1
815	-1
816	2008891
817	-1
818	-1
819	2011934
820	-1
821	-1
822	2014977
823	-1
824	-1
825	2018019
826	-1
827	-1
828	2021062
829	-1
830	-1
831	2024105
832	-1
833	-1
834	2027147
835	-1
836	-1
837	2030190
838	-1
839	-1
840	2033233
841	-1
842	-1
843	2036275
844	-1
845	-1
846	2039318
847	-1
848	-1
849	2042361
850	-1
851	-1
852	2045403
853	-1
854	-1
855	-1
856	2048446
857	-1
858	-1
859	2051489
860	-1
861	-1
862	2054531
863	-1
864	-1
865	2057574
866	-1
867	-1
868	2060617
869	-1
870	-1
871	2063659
872	-1
873	-1
874	2066702
875	-1
876	-1
877	2069745
878	-1
879	-1
880	2072787
881	-1
882	-1
883	2075830
884	-1
885	-1
886	2078873
887	-1
888	-1
889	2081915
890	-1
891	-1
892	2084958
893	-1
894	-1
895	2088001
896	-1
897	-1
898	2091043
899	-1
900	-1
901	2094086
902	-1
903	-1
904	2097129
905	-1
906	-1
907	2100171
908	-1
909	-1
910	2103214
911	-1
912	-1
913	2106257
914	-1
915	-1
916	2109299
917	-1
918	-1
919	2112342
920	-1
921	-1
922	2115385
923	-1
924	-1
925	-1
926	2118427
927	-1
928	-1
929	2121470
930	-1
931	-1
932	2124513
933	-1
934	-1
935	2127555
936	-1
937	-1
938	2130598
939	-1
940	-1
941	2133641
942	-1
943	-1
944	2136683
945	-1
946	-1
947	2139726
948	-1
949	-1
950	2142769
951	-1
952	-1
953	2145811
954	-1
955	-1
956	2148854
957	-1
958	-1
959	2151897
960	-1
961	-1
962	2154939
963	-1
964	-1
965	2157982
966	-1
967	-1
968	2161025
969	-1
970	-1
971	2164067
972	-1
973	-1
974	2167110
975	-1
976	-1
977	2170153
978	-1
979	-1
980	2173195
981	-1
982	-1
983	2176238
984	-1
985	-1
986	2179281
987	-1
988	-1
989	2182323
990	-1
991	-1
992	2185366
993	-1
994	-1
995	2188409
996	-1
997	-1
998	-1
999	2191451
1000	-1
1001	-1
1002	2194494
1003	-1
1004	-1
1005	2197537
1006	-1
1007	-1
1008	2200579
1009	-1
1010	-1
1011	2203622
1012	-1
1013	-1
1014	2206665
1015	-1
1016	-1
1017	2209707
1018	-1
1019	-1
1020	2212750
1021	-1
1022	-1
1023	2215793
1024	-1
1025	-1
1026	2218835
1027	-1
1028	-1
1029	2221878
1030	-1
1031	-1
1032	2224921
1033	-1
1034	-1
1035	2227963
1036	-1
1037	-1
1038	2231006
1039	-1
1040	-1
1041	2234049
1042	-1
1043	-1
1044	2237091
1045	-1
1046	-1
1047	2240134
1048	-1
1049	-1
1050	2243177
1051	-1
1052	-1
1053	2246219
1054	-1
1055	-1
1056	2249262
1057	-1
1058	-1
1059	2252305
1060	-1
1061	-1
1062	2255347
1063	-1
1064	-1
1065	2258390
1066	-1
1067	-1
1068	-1
1069	2261433
1070	-1
1071	-1
1072	2264475
1073	-1
1074	-1
1075	2267518
1076	-1
1077	-1
1078	2270561
1079	-1
1080	-1
1081	2273603
1082	-1
1083	-1
1084	2276646
1085	-1
1086	-1
1087	2279689
1088	-1
1089	-1
1090	2282731
1091	-1
1092	-1
1093	2285774
1094	-1
1095	-1
1096	2288817
1097	-1
1098	-1
1099	2291859
1100	-1
1101	-1
1102	2294902
1103	-1
1104	-1
1105	2297945
1106	-1
1107	-1
1108	2300987
1109	-1
1110	-1
1111	2304030
1112	-1
1113	-1
1114	2307073
1115	-1
1116	-1
1117	2310115
1118	-1
1119	-1
1120	2313158
1121	-1
1122	-1
1123	2316201
1124	-1
1125	-1
1126	2319243
1127	-1
1128	-1
1129	2322286
1130	-1
1131	-1
1132	2325329
1133	-1
1134	-1
1135	2328371
1136	-1
1137	-1
1138	-1
1139	2331414
1140	-1
1141	-1
1142	2334457
1143	-1
1144	-1
1145	2337499
1146	-1
1147	-1
1148	2340542
1149	-1
1150	-1
1151	2343585
1152	-1
1153	-1
1154	2346627
1155	-1
1156	-1
1157	2349670
1158	-1
1159	-1
1160	2352713
1161	-1
1162	-1
1163	2355755
1164	-1
1165	-1
1166	2358798
1167	-1
1168	-1
1169	2361841
1170	-1
1171	-1
1172	2364883
1173	-1
1174	-1
1175	2367926
1176	-1
1177	-1
1178	2370969
1179	-1
1180	-1
1181	2374011
1182	-1
1183	-1
1184	2377054
1185	-1
1186	-1
1187	2380097
1188	-1
1189	-1
1190	2383139
1191	-1
1192	-1
1193	2386182
1194	-1
1195	-1
1196	2389225
1197	-1
1198	-1
1199	2392267
1200	-1
1201	-1
1202	2395310
1203	-1
1204	-1
1205	2398353
1206	-1
1207	-1
1208	2401395
1209	-1
1210	-1
1211	-1
1212	2404438
1213	-1
1214	-1
1215	2407481
1216	-1
1217	-1
1218	2410523
1219	-1
1220	-1
1221	2413566
1222	-1
1223	-1
1224	2416609
1225	-1
1226	-1
1227	2419651
1228	-1
1229	-1
1230	2422694
1231	-1
1232	-1
1233	2425737
1234	-1
1235	-1
1236	2428779
1237	-1
1238	-1
1239	2431822
1240	-1
1241	-1
1242	2434865
1243	-1
1244	-1
1245	2437907
1246	-1
1247	-1
1248	2440950
1249	-1
1250	-1
1251	2443993
1252	-1
1253	-1
1254	2447035
1255	-1
1256	-1
1257	2450078
1258	-1
1259	-1
1260	2453121
1261	-1
1262	-1
1263	2456163
1264	-1
1265	-1
1266	2459206
1267	-1
1268	-1
1269	2462249
1270	-1
1271	-1
1272	2465291
1273	-1
1274	-1
1275	2468334
1276	-1
1277	-1
1278	2471377
1279	-1
1280	-1
1281	-1
1282	2474419
1283	-1
1284	-1
1285	2477462
1286	-1
1287	-1
1288	2480505
1289	-1
1290	-1
1291	2483547
1292	-1
1293	-1
1294	2486590
1295	-1
1296	-1
1297	2489633
1298	-1
1299	-1
1300	2492675
1301	-1
1302	-1
1303	2495718
1304	-1
1305	-1
1306	2498761
1307	-1
1308	-1
1309	2501803
1310	-1
1311	-1
1312	2504846
1313	-1
1314	-1
1315	2507889
1316	-1
1317	-1
1318	2510931
1319	-1
1320	-1
1321	2513974
1322	-1
1323	-1
1324	2517017
1325	-1
1326	-1
1327	2520059
1328	-1
1329	-1
1330	2523102
1331	-1
1332	-1
1333	2526145
1334	-1
1335	-1
1336	2529187
1337	-1
1338	-1
1339	2532230
1340	-1
1341	-1
1342	2535273
1343	-1
1344	-1
1345	2538315
1346	-1
1347	-1
1348	2541358
1349	-1
1350	-1
1351	2544401
1352	-1
1353	-1
1354	-1
1355	2547443
1356	-1
1357	-1
1358	2550486
1359	-1
1360	-1
1361	2553529
1362	-1
1363	-1
1364	2556571
1365	-1
1366	-1
1367	2559614
1368	-1
1369	-1
1370	2562657
1371	-1
1372	-1
1373	2565699
1374	-1
1375	-1
1376	2568742
1377	-1
1378	-1
1379	2571785
1380	-1
1381	-1
1382	2574827
1383	-1
1384	-1
1385	2577870
1386	-1
1387	-1
1388	2580913
1389	-1
1390	-1
1391	2583955
1392	-1
1393	-1
1394	2586998
1395	-1
1396	-1
1397	2590041
1398	-1
1399	-1
1400	2593083
1401	-1
1402	-1
1403	2596126
1404	-1
1405	-1
1406	2599169
1407	-1
1408	-1
1409	2602211
1410	-1
1411	-1
1412	2605254
1413	-1
1414	-1
1415	2608297
1416	-1
1417	-1
1418	2611339
1419	-1
1420	-1
1421	2614382
1422	-1
1423	-1
1424	-1
1425	2617425
1426	-1
1427	-1
1428	2620467
1429	-1
1430	-1
1431	2623510
1432	-1
1433	-1
1434	2626553
1435	-1
1436	-1
1437	2629595
1438	-1
1439	-1
1440	2632638
1441	-1
1442	-1
1443	2635681
1444	-1
1445	-1
1446	2638723
1447	-1
1448	-1
1449	2641766
1450	-1
1451	-1
1452	2644809
1453	-1
1454	-1
1455	2647851
1456	-1
1457	-1
1458	2650894
1459	-1
1460	-1
1461	2653937
1462	-1
1463	-1
1464	2656979
1465	-1
1466	-1
1467	2660022
1468	-1
1469	-1
1470	2663065
1471	-1
1472	-1
1473	2666107
1474	-1
1475	-1
1476	2669150
1477	-1
1478	-1
1479	2672193
1480	-1
1481	-1
1482	2675235
1483	-1
1484	-1
1485	2678278
1486	-1
1487	-1
1488	2681321
1489	-1
1490	-1
1491	2684363
1492	-1
1493	-1
1494	2687406
1495	-1
1496	-1
1497	-1
1498	2690449
1499	-1
1500	-1
1501	2693491
1502	-1
1503	-1
1504	2696534
1505	-1
1506	-1
1507	2699577
1508	-1
1509	-1
1510	2702619
1511	-1
1512	-1
1513	2705662
1514	-1
1515	-1
1516	2708705
1517	-1
1518	-1
1519	2711747
1520	-1
1521	-1
1522	2714790
1523	-1
1524	-1
1525	2717833
1526	-1
1527	-1
1528	2720875
1529	-1
1530	-1
1531	2723918
1532	-1
1533	-1
1534	2726961
1535	-1
1536	-1
1537	2730003
1538	-1
1539	-1
1540	2733046
1541	-1
1542	-1
1543	2736089
1544	-1
1545	-1
1546	2739131
1547	-1
1548	-1
1549	2742174
1550	-1
1551	-1
1552	2745217
1553	-1
1554	-1
1555	2748259
1556	-1
1557	-1
1558	2751302
1559	-1
1560	-1
1561	2754345
1562	-1
1563	-1
1564	2757387
1565	-1
1566	-1
1567	-1
1568	2760430
1569	-1
1570	-1
1571	2763473
1572	-1
1573	-1
1574	2766515
1575	-1
1576	-1
1577	2769558
1578	-1
1579	-1
1580	2772601
1581	-1
1582	-1
1583	2775643
1584	-1
1585	-1
1586	2778686
1587	-1
1588	-1
1589	2781729
1590	-1
1591	-1
1592	2784771
1593	-1
1594	-1
1595	2787814
1596	-1
1597	-1
1598	2790857
1599	-1
1600	-1
1601	2793899
1602	-1
1603	-1
1604	2796942
1605	-1
1606	-1
1607	2799985
1608	-1
1609	-1
1610	2803027
1611	-1
1612	-1
1613	2806070
1614	-1
1615	-1
1616	2809113
1617	-1
1618	-1
1619	2812155
1620	-1
1621	-1
1622	2815198
1623	-1
1624	-1
1625	2818241
1626	-1
1627	-1
1628	2821283
1629	-1
1630	-1
1631	2824326
1632	-1
1633	-1
1634	2827369
1635	-1
1636	-1
1637	-1
1638	2830411
1639	-1
1640	-1
1641	2833454
1642	-1
1643	-1
1644	2836497
1645	-1
1646	-1
1647	2839539
1648	-1
1649	-1
1650	2842582
1651	-1
1652	-1
1653	2845625
1654	-1
1655	-1
1656	2848667
1657	-1
1658	-1
1659	2851710
1660	-1
1661	-1
1662	2854753
1663	-1
1664	-1
1665	2857795
1666	-1
1667	-1
1668	2860838
1669	-1
1670	-1
1671	2863881
1672	-1
1673	-1
1674	2866923
1675	-1
1676	-1
1677	2869966
1678	-1
1679	-1
1680	2873009
1681	-1
1682	-1
1683	2876051
1684	-1
1685	-1
1686	2879094
1687	-1
1688	-1
1689	2882137
1690	-1
1691	-1
1692	2885179
1693	-1
1694	-1
1695	2888222
1696	-1
1697	-1
1698	2891265
1699	-1
1700	-1
1701	2894307
1702	-1
1703	-1
1704	2897350
1705	-1
1706	-1
1707	2900393
1708	-1
1709	-1
1710	-1
1711	2903435
1712	-1
1713	-1
1714	2906478
1715	-1
1716	-1
1717	2909521
1718	-1
1719	-1
1720	2912563
1721	-1
1722	-1
1723	2915606
1724	-1
1725	-1
1726	2918649
1727	-1
1728	-1
1729	2921691
1730	-1
1731	-1
1732	2924734
1733	-1
1734	-1
1735	2927777
1736	-1
1737	-1
1738	2930819
1739	-1
1740	-1
1741	2933862
1742	-1
1743	-1
1744	2936905
1745	-1
1746	-1
1747	2939947
1748	-1
1749	-1
1750	2942990
1751	-1
1752	-1
1753	2946033
1754	-1
1755	-1
1756	2949075
1757	-1
1758	-1
1759	2952118
1760	-1
1761	-1
1762	2955161
1763	-1
1764	-1
1765	2958203
1766	-1
1767	-1
1768	2961246
1769	-1
1770	-1
1771	2964289
1772	-1
1773	-1
1774	2967331
1775	-1
1776	-1
1777	2970374
1778	-1
1779	-1
1780	-1
1781	2973417
1782	-1
1783	-1
1784	2976459
1785	-1
1786	-1
1787	2979502
1788	-1
1789	-1
1790	2982545
1791	-1
1792	-1
1793	2985587
1794	-1
1795	-1
1796	2988630
1797	-1
1798	-1
1799	2991673
1800	-1
1801	-1
1802	2994715
1803	-1
1804	-1
1805	2997758
1806	-1
1807	-1
1808	3000801
1809	-1
1810	-1
1811	3003843
1812	-1
1813	-1
1814	3006886
1815	-1
1816	-1
1817	3009929
1818	-1
1819	-1
1820	3012971
1821	-1
1822	-1
1823	3016014
1824	-1
1825	-1
1826	3019057
1827	-1
1828	-1
1829	3022099
1830	-1
1831	-1
1832	3025142
1833	-1
1834	-1
1835	3028185
1836	-1
1837	-1
1838	3031227
1839	-1
1840	-1
1841	3034270
1842	-1
1843	-1
1844	3037313
1845	-1
1846	-1
1847	3040355
1848	-1
1849	-1
1850	3043398
1851	-1
1852	-1
1853	-1
1854	3046441
1855	-1
1856	-1
1857	3049483
1858	-1
1859	-1
1860	3052526
1861	-1
1862	-1
1863	3055569
1864	-1
1865	-1
1866	3058611
1867	-1
1868	-1
1869	3061654
1870	-1
1871	-1
1872	3064697
1873	-1
1874	-1
1875	3067739
1876	-1
1877	-1
1878	3070782
1879	-1
1880	-1
1881	3073825
1882	-1
1883	-1
1884	3076867
1885	-1
1886	-1
1887	3079910
1888	-1
1889	-1
1890	3082953
1891	-1
1892	-1
1893	3085995
1894	-1
1895	-1
1896	3089038
1897	-1
1898	-1
1899	3092081
1900	-1
1901	-1
1902	3095123
1903	-1
1904	-1
1905	3098166
1906	-1
1907	-1
1908	3101209
1909	-1
1910	-1
1911	3104251
1912	-1
1913	-1
1914	3107294
1915	-1
1916	-1
1917	3110337
1918	-1
1919	-1
1920	3113379
1921	-1
1922	-1
1923	-1
1924	3116422
1925	-1
1926	-1
1927	3119465
1928	-1
1929	-1
1930	3122507
1931	-1
1932	-1
1933	3125550
1934	-1
1935	-1
1936	3128593
1937	-1
1938	-1
1939	3131635
1940	-1
1941	-1
1942	3134678
1943	-1
1944	-1
1945	3137721
1946	-1
1947	-1
1948	3140763
1949	-1
1950	-1
1951	3143806
1952	-1
1953	-1
1954	3146849
1955	-1
1956	-1
1957	3149891
1958	-1
1959	-1
1960	3152934
1961	-1
1962	-1
1963	3155977
1964	-1
1965	-1
1966	3159019
1967	-1
1968	-1
1969	3162062
1970	-1
1971	-1
1972	3165105
1973	-1
1974	-1
1975	3168147
1976	-1
1977	-1
1978	3171190
1979	-1
1980	-1
1981	3174233
1982	-1
1983	-1
1984	3177275
1985	-1
1986	-1
1987	3180318
1988	-1
1989	-1
1990	3183361
1991	-1
1992	-1
1993	3186403
1994	-1
1995	-1
1996	-1
1997	3189446
1998	-1
1999	-1
2000	3192489
2001	-1
2002	-1
2003	3195531
2004	-1
2005	-1
2006	3198574
2007	-1
2008	-1
2009	3201617
2010	-1
2011	-1
2012	3204659
2013	-1
2014	-1
2015	3207702
2016	-1
2017	-1
2018	3210745
2019	-1
2020	-1
2021	3213787
2022	-1
2023	-1
2024	3216830
2025	-1
2026	-1
2027	3219873
2028	-1
2029	-1
2030	3222915
2031	-1
2032	-1
2033	3225958
2034	-1
2035	-1
2036	3229001
2037	-1
2038	-1
2039	3232043
2040	-1
2041	-1
2042	3235086
2043	-1
2044	-1
2045	3238129
2046	-1
2047	-1
2048	3241171
2049	-1
2050	-1
2051	3244214
2052	-1
2053	-1
2054	3247257
2055	-1
2056	-1
2057	3250299
2058	-1
2059	-1
2060	3253342
2061	-1
2062	-1
2063	3256385
2064	-1
2065	-1
2066	-1
2067	3259427
2068	-1
2069	-1
2070	3262470
2071	-1
2072	-1
2073	3265513
2074	-1
2075	-1
2076	3268555
2077	-1
2078	-1
2079	3271598
2080	-1
2081	-1
2082	3274641
2083	-1
2084	-1
2085	3277683
2086	-1
2087	-1
2088	3280726
2089	-1
2090	-1
2091	3283769
2092	-1
2093	-1
2094	3286811
2095	-1
2096	-1
2097	3289854
2098	-1
2099	-1
2100	3292897
2101	-1
2102	-1
2103	3295939
2104	-1
2105	-1
2106	3298982
2107	-1
2108	-1
2109	3302025
2110	-1
2111	-1
2112	3305067
2113	-1
2114	-1
2115	3308110
2116	-1
2117	-1
2118	3311153
2119	-1
2120	-1
2121	3314195
2122	-1
2123	-1
2124	3317238
2125	-1
2126	-1
2127	3320281
2128	-1
2129	-1
2130	3323323
2131	-1
2132	-1
2133	3326366
2134	-1
2135	-1
2136	3329409
2137	-1
2138	-1
2139	-1
2140	3332451
2141	-1
2142	-1
2143	3335494
2144	-1
2145	-1
2146	3338537
2147	-1
2148	-1
2149	3341579
2150	-1
2151	-1
2152	3344622
2153	-1
2154	-1
2155	3347665
2156	-1
2157	-1
2158	3350707
2159	-1
2160	-1
2161	3353750
2162	-1
2163	-1
2164	3356793
2165	-1
2166	-1
2167	3359835
2168	-1
2169	-1
2170	3362878
2171	-1
2172	-1
2173	3365921
2174	-1
2175	-1
2176	3368963
2177	-1
2178	-1
2179	3372006
2180	-1
2181	-1
2182	3375049
2183	-1
2184	-1
2185	3378091
2186	-1
2187	-1
2188	3381134
2189	-1
2190	-1
2191	3384177
2192	-1
2193	-1
2194	3387219
2195	-1
2196	-1
2197	3390262
2198	-1
2199	-1
2200	3393305
2201	-1
2202	-1
2203	3396347
2204	-1
2205	-1
2206	3399390
2207	-1
2208	-1
2209	-1
2210	3402433
2211	-1
2212	-1
2213	3405475
2214	-1
2215	-1
2216	3408518
2217	-1
2218	-1
2219	3411561
2220	-1
2221	-1
2222	3414603
2223	-1
2224	-1
2225	3417646
2226	-1
2227	-1
2228	3420689
2229	-1
2230	-1
2231	3423731
2232	-1
2233	-1
2234	3426774
2235	-1
2236	-1
2237	3429817
2238	-1
2239	-1
2240	3432859
2241	-1
2242	-1
2243	3435902
2244	-1
2245	-1
2246	3438945
2247	-1
2248	-1
2249	3441988
2250	-1
2251	-1
2252	3445030
2253	-1
2254	-1
2255	3448073
2256	-1
2257	-1
2258	3451116
2259	-1
2260	-1
2261	3454158
2262	-1
2263	-1
2264	3457201
2265	-1
2266	-1
2267	3460244
2268	-1
2269	-1
2270	3463286
2271	-1
2272	-1
2273	3466329
2274	-1
2275	-1
2276	3469372
2277	-1
2278	-1
2279	-1
2280	3472414
2281	-1
2282	-1
2283	3475457
2284	-1
2285	-1
2286	3478500
2287	-1
2288	-1
2289	3481542
2290	-1
2291	-1
2292	3484585
2293	-1
2294	-1
2295	3487628
2296	-1
2297	-1
2298	3490670
2299	-1
2300	-1
2301	3493713
2302	-1
2303	-1
2304	3496756
2305	-1
2306	-1
2307	3499798
2308	-1
2309	-1
2310	3502841
2311	-1
2312	-1
2313	3505884
2314	-1
2315	-1
2316	3508926
2317	-1
2318	-1
2319	3511969
2320	-1
2321	-1
2322	3515012
2323	-1
2324	-1
2325	3518054
2326	-1
2327	-1
2328	3521097
2329	-1
2330	-1
2331	3524140
2332	-1
2333	-1
2334	3527182
2335	-1
2336	-1
2337	3530225
2338	-1
2339	-1
2340	3533268
2341	-1
2342	-1
2343	3536310
2344	-1
2345	-1
2346	3539353
2347	-1
2348	-1
2349	3542396
2350	-1
2351	-1
2352	-1
2353	3545438
2354	-1
2355	-1
2356	3548481
2357	-1
2358	-1
2359	3551524
2360	-1
2361	-1
2362	3554566
2363	-1
2364	-1
2365	3557609
2366	-1
2367	-1
2368	3560652
2369	-1
2370	-1
2371	3563694
2372	-1
2373	-1
2374	3566737
2375	-1
2376	-1
2377	3569780
2378	-1
2379	-1
2380	3572822
2381	-1
2382	-1
2383	3575865
2384	-1
2385	-1
2386	3578908
2387	-1
2388	-1
2389	3581950
2390	-1
2391	-1
2392	3584993
2393	-1
2394	-1
2395	3588036
2396	-1
2397	-1
2398	3591078
2399	-1
2400	-1
2401	3594121
2402	-1
2403	-1
2404	3597164
2405	-1
2406	-1
2407	3600206
2408	-1
2409	-1
2410	3603249
2411	-1
2412	-1
2413	3606292
2414	-1
2415	-1
2416	3609334
2417	-1
2418	-1
2419	3612377
2420	-1
2421	-1
2422	-1
2423	3615420
2424	-1
2425	-1
2426	3618462
2427	-1
2428	-1
2429	3621505
2430	-1
2431	-1
2432	3624548
2433	-1
2434	-1
2435	3627590
2436	-1
2437	-1
2438	3630633
2439	-1
2440	-1
2441	3633676
2442	-1
2443	-1
2444	3636718
2445	-1
2446	-1
2447	3639761
2448	-1
2449	-1
2450	3642804
2451	-1
2452	-1
2453	3645846
2454	-1
2455	-1
2456	3648889
2457	-1
2458	-1
2459	3651932
2460	-1
2461	-1
2462	3654974
2463	-1
2464	-1
2465	3658017
2466	-1
2467	-1
2468	3661060
2469	-1
2470	-1
2471	3664102
2472	-1
2473	-1
2474	3667145
2475	-1
2476	-1
2477	3670188
2478	-1
2479	-1
2480	3673230
2481	-1
2482	-1
2483	3676273
2484	-1
2485	-1
2486	3679316
2487	-1
2488	-1
2489	3682358
2490	-1
2491	-1
2492	3685401
2493	-1
2494	-1
2495	-1
2496	3688444
2497	-1
2498	-1
2499	3691486
2500	-1
2501	-1
2502	3694529
2503	-1
2504	-1
2505	3697572
2506	-1
2507	-1
2508	3700614
2509	-1
2510	-1
2511	3703657
2512	-1
2513	-1
2514	3706700
2515	-1
2516	-1
2517	3709742
2518	-1
2519	-1
2520	3712785
2521	-1
2522	-1
2523	3715828
2524	-1
2525	-1
2526	3718870
2527	-1
2528	-1
2529	3721913
2530	-1
2531	-1
2532	3724956
2533	-1
2534	-1
2535	3727998
2536	-1
2537	-1
2538	3731041
2539	-1
2540	-1
2541	3734084
2542	-1
2543	-1
2544	3737126
2545	-1
2546	-1
2547	3740169
2548	-1
2549	-1
2550	3743212
2551	-1
2552	-1
2553	3746254
2554	-1
2555	-1
2556	3749297
2557	-1
2558	-1
2559	3752340
2560	-1
2561	-1
2562	3755382
2563	-1
2564	-1
2565	-1
2566	3758425
2567	-1
2568	-1
2569	3761468
2570	-1
2571	-1
2572	3764510
2573	-1
2574	-1
2575	3767553
2576	-1
2577	-1
2578	3770596
2579	-1
2580	-1
2581	3773638
2582	-1
2583	-1
2584	3776681
2585	-1
2586	-1
2587	3779724
2588	-1
2589	-1
2590	3782766
2591	-1
2592	-1
2593	3785809
2594	-1
2595	-1
2596	3788852
2597	-1
2598	-1
2599	3791894
2600	-1
2601	-1
2602	3794937
2603	-1
2604	-1
2605	3797980
2606	-1
2607	-1
2608	3801022
2609	-1
2610	-1
2611	3804065
2612	-1
2613	-1
2614	3807108
2615	-1
2616	-1
2617	3810150
2618	-1
2619	-1
2620	3813193
2621	-1
2622	-1
2623	3816236
2624	-1
2625	-1
2626	3819278
2627	-1
2628	-1
2629	3822321
2630	-1
2631	-1
2632	3825364
2633	-1
2634	-1
2635	3828406
2636	-1
2637	-1
2638	-1
2639	3831449
2640	-1
2641	-1
2642	3834492
2643	-1
2644	-1
2645	3837534
2646	-1
2647	-1
2648	3840577
2649	-1
2650	-1
2651	3843620
2652	-1
2653	-1
2654	3846662
2655	-1
2656	-1
2657	3849705
2658	-1
2659	-1
2660	3852748
2661	-1
2662	-1
2663	3855790
2664	-1
2665	-1
2666	3858833
2667	-1
2668	-1
2669	3861876
2670	-1
2671	-1
2672	3864918
2673	-1
2674	-1
2675	3867961
2676	-1
2677	-1
2678	3871004
2679	-1
2680	-1
2681	3874046
2682	-1
2683	-1
2684	3877089
2685	-1
2686	-1
2687	3880132
2688	-1
2689	-1
2690	3883174
2691	-1
2692	-1
2693	3886217
2694	-1
2695	-1
2696	3889260
2697	-1
2698	-1
2699	3892302
2700	-1
2701	-1
2702	3895345
2703	-1
2704	-1
2705	3898388
2706	-1
2707	-1
2708	-1
2709	3901430
2710	-1
2711	-1
2712	3904473
2713	-1
2714	-1
2715	3907516
2716	-1
2717	-1
2718	3910558
2719	-1
2720	-1
2721	3913601
2722	-1
2723	-1
2724	3916644
2725	-1
2726	-1
2727	3919686
2728	-1
2729	-1
2730	3922729
2731	-1
2732	-1
2733	3925772
2734	-1
2735	-1
2736	3928814
2737	-1
2738	-1
2739	3931857
2740	-1
2741	-1
2742	3934900
2743	-1
2744	-1
2745	3937942
2746	-1
2747	-1
2748	3940985
2749	-1
2750	-1
2751	3944028
2752	-1
2753	-1
2754	3947070
2755	-1
2756	-1
2757	3950113
2758	-1
2759	-1
2760	3953156
2761	-1
2762	-1
2763	3956198
2764	-1
2765	-1
2766	3959241
2767	-1
2768	-1
2769	3962284
2770	-1
2771	-1
2772	3965326
2773	-1
2774	-1
2775	3968369
2776	-1
2777	-1
2778	-1
2779	3971412
2780	-1
2781	-1
2782	3974454
2783	-1
2784	-1
2785	3977497
2786	-1
2787	-1
2788	3980540
2789	-1
2790	-1
2791	3983582
2792	-1
2793	-1
2794	3986625
2795	-1
2796	-1
2797	3989668
2798	-1
2799	-1
2800	3992710
2801	-1
2802	-1
2803	3995753
2804	-1
2805	-1
2806	3998796
2807	-1
2808	-1
2809	4001838
2810	-1
2811	-1
2812	4004881
2813	-1
2814	-1
2815	4007924
2816	-1
2817	-1
2818	4010966
2819	-1
2820	-1
2821	4014009
2822	-1
2823	-1
2824	4017052
2825	-1
2826	-1
2827	4020094
2828	-1
2829	-1
2830	4023137
2831	-1
2832	-1
2833	4026180
2834	-1
2835	-1
2836	4029222
2837	-1
2838	-1
2839	4032265
2840	-1
2841	-1
2842	4035308
2843	-1
2844	-1
2845	4038350
2846	-1
2847	-1
2848	4041393
2849	-1
2850	-1
2851	-1
2852	4044436
2853	-1
2854	-1
2855	4047478
2856	-1
2857	-1
2858	4050521
2859	-1
2860	-1
2861	4053564
2862	-1
2863	-1
2864	4056606
2865	-1
2866	-1
2867	4059649
2868	-1
2869	-1
2870	4062692
2871	-1
2872	-1
2873	4065734
2874	-1
2875	-1
2876	4068777
2877	-1
2878	-1
2879	4071820
2880	-1
2881	-1
2882	4074862
2883	-1
2884	-1
2885	4077905
2886	-1
2887	-1
2888	4080948
2889	-1
2890	-1
2891	4083990
2892	-1
2893	-1
2894	4087033
2895	-1
2896	-1
2897	4090076
2898	-1
2899	-1
2900	4093118
2901	-1
2902	-1
2903	4096161
2904	-1
2905	-1
2906	4099204
2907	-1
2908	-1
2909	4102246
2910	-1
2911	-1
2912	4105289
2913	-1
2914	-1
2915	4108332
2916	-1
2917	-1
2918	4111374
2919	-1
2920	-1
2921	-1
2922	4114417
2923	-1
2924	-1
2925	4117460
2926	-1
2927	-1
2928	4120502
2929	-1
2930	-1
2931	4123545
2932	-1
2933	-1
2934	4126588
2935	-1
2936	-1
2937	4129630
2938	-1
2939	-1
2940	4132673
2941	-1
2942	-1
2943	4135716
2944	-1
2945	-1
2946	4138758
2947	-1
2948	-1
2949	4141801
2950	-1
2951	-1
2952	4144844
2953	-1
2954	-1
2955	4147886
2956	-1
2957	-1
2958	4150929
2959	-1
2960	-1
2961	4153972
2962	-1
2963	-1
2964	4157014
2965	-1
2966	-1
2967	4160057
2968	-1
2969	-1
2970	4163100
2971	-1
2972	-1
2973	4166142
2974	-1
2975	-1
2976	4169185
2977	-1
2978	-1
2979	4172228
2980	-1
2981	-1
2982	4175270
2983	-1
2984	-1
2985	4178313
2986	-1
2987	-1
2988	4181356
2989	-1
2990	-1
2991	4184398
2992	-1
2993	-1
2994	-1
2995	4187441
2996	-1
2997	-1
2998	4190484
2999	-1
3000	-1
3001	4193526
3002	-1
3003	-1
3004	4196569
3005	-1
3006	-1
3007	4199612
3008	-1
3009	-1
3010	4202654
3011	-1
3012	-1
3013	4205697
3014	-1
3015	-1
3016	4208740
3017	-1
3018	-1
3019	4211782
3020	-1
3021	-1
3022	4214825
3023	-1
3024	-1
3025	4217868
3026	-1
3027	-1
3028	4220910
3029	-1
3030	-1
3031	4223953
3032	-1
3033	-1
3034	4226996
3035	-1
3036	-1
3037	4230038
3038	-1
3039	-1
3040	4233081
3041	-1
3042	-1
3043	4236124
3044	-1
3045	-1
3046	4239166
3047	-1
3048	-1
3049	4242209
3050	-1
3051	-1
3052	4245252
3053	-1
3054	-1
3055	4248294
3056	-1
3057	-1
3058	4251337
3059	-1
3060	-1
3061	4254380
3062	-1
3063	-1
3064	-1
3065	4257422
3066	-1
3067	-1
3068	4260465
3069	-1
3070	-1
3071	4263508
3072	-1
3073	-1
3074	4266550
3075	-1
3076	-1
3077	4269593
3078	-1
3079	-1
3080	4272636
3081	-1
3082	-1
3083	4275678
3084	-1
3085	-1
3086	4278721
3087	-1
3088	-1
3089	4281764
3090	-1
3091	-1
3092	4284806
3093	-1
3094	-1
3095	4287849
3096	-1
3097	-1
3098	4290892
3099	-1
3100	-1
3101	4293934
3102	-1
3103	-1
3104	4296977
3105	-1
3106	-1
3107	4300020
3108	-1
3109	-1
3110	4303062
3111	-1
3112	-1
3113	4306105
3114	-1
3115	-1
3116	4309148
3117	-1
3118	-1
3119	4312190
3120	-1
3121	-1
3122	4315233
3123	-1
3124	-1
3125	4318276
3126	-1
3127	-1
3128	4321318
3129	-1
3130	-1
3131	4324361
3132	-1
3133	-1
3134	4327404
3135	-1
3136	-1
3137	-1
3138	4330446
3139	-1
3140	-1
3141	4333489
3142	-1
3143	-1
3144	4336532
3145	-1
3146	-1
3147	4339574
3148	-1
3149	-1
3150	4342617
3151	-1
3152	-1
3153	4345660
3154	-1
3155	-1
3156	4348702
3157	-1
3158	-1
3159	4351745
3160	-1
3161	-1
3162	4354788
3163	-1
3164	-1
3165	4357830
3166	-1
3167	-1
3168	4360873
3169	-1
3170	-1
3171	4363916
3172	-1
3173	-1
3174	4366958
3175	-1
3176	-1
3177	4370001
3178	-1
3179	-1
3180	4373044
3181	-1
3182	-1
3183	4376086
3184	-1
3185	-1
3186	4379129
3187	-1
3188	-1
3189	4382172
3190	-1
3191	-1
3192	4385214
3193	-1
3194	-1
3195	4388257
3196	-1
3197	-1
3198	4391300
3199	-1
3200	-1
3201	4394342
3202	-1
3203	-1
3204	4397385
3205	-1
3206	-1
3207	-1
3208	4400428
3209	-1
3210	-1
3211	4403470
3212	-1
3213	-1
3214	4406513
3215	-1
3216	-1
3217	4409556
3218	-1
3219	-1
3220	4412598
3221	-1
3222	-1
3223	4415641
3224	-1
3225	-1
3226	4418684
3227	-1
3228	-1
3229	4421726
3230	-1
3231	-1
3232	4424769
3233	-1
3234	-1
3235	4427812
3236	-1
3237	-1
3238	4430854
3239	-1
3240	-1
3241	4433897
3242	-1
3243	-1
3244	4436940
3245	-1
3246	-1
3247	4439982
3248	-1
3249	-1
3250	4443025
3251	-1
3252	-1
3253	4446068
3254	-1
3255	-1
3256	4449110
3257	-1
3258	-1
3259	4452153
3260	-1
3261	-1
3262	4455196
3263	-1
3264	-1
3265	4458238
3266	-1
3267	-1
3268	4461281
3269	-1
3270	-1
3271	4464324
3272	-1
3273	-1
3274	4467366
3275	-1
3276	-1
3277	4470409
3278	-1
3279	-1
3280	-1
3281	4473452
3282	-1
3283	-1
3284	4476494
3285	-1
3286	-1
3287	4479537
3288	-1
3289	-1
3290	4482580
3291	-1
3292	-1
3293	4485622
3294	-1
3295	-1
3296	4488665
3297	-1
3298	-1
3299	4491708
3300	-1
3301	-1
3302	4494750
3303	-1
3304	-1
3305	4497793
3306	-1
3307	-1
3308	4500836
3309	-1
3310	-1
3311	4503878
3312	-1
3313	-1
3314	4506921
3315	-1
3316	-1
3317	4509964
3318	-1
3319	-1
3320	4513006
3321	-1
3322	-1
3323	4516049
3324	-1
3325	-1
3326	4519092
3327	-1
3328	-1
3329	4522134
3330	-1
3331	-1
3332	4525177
3333	-1
3334	-1
3335	4528220
3336	-1
3337	-1
3338	4531262
3339	-1
3340	-1
3341	4534305
3342	-1
3343	-1
3344	4537348
3345	-1
3346	-1
3347	4540390
3348	-1
3349	-1
3350	-1
3351	4543433
3352	-1
3353	-1
3354	4546476
3355	-1
3356	-1
3357	4549518
3358	-1
3359	-1
3360	4552561
3361	-1
3362	-1
3363	4555604
3364	-1
3365	-1
3366	4558646
3367	-1
3368	-1
3369	4561689
3370	-1
3371	-1
3372	4564732
3373	-1
3374	-1
3375	4567774
3376	-1
3377	-1
3378	4570817
3379	-1
3380	-1
3381	4573860
3382	-1
3383	-1
3384	4576902
3385	-1
3386	-1
3387	4579945
3388	-1
3389	-1
3390	4582988
3391	-1
3392	-1
3393	4586030
3394	-1
3395	-1
3396	4589073
3397	-1
3398	-1
3399	4592116
3400	-1
3401	-1
3402	4595158
3403	-1
3404	-1
3405	4598201
3406	-1
3407	-1
3408	4601244
3409	-1
3410	-1
3411	4604286
3412	-1
3413	-1
3414	4607329
3415	-1
3416	-1
3417	4610372
3418	-1
3419	-1
3420	-1
3421	4613414
3422	-1
3423	-1
3424	4616457
3425	-1
3426	-1
3427	4619500
3428	-1
3429	-1
3430	4622542
3431	-1
3432	-1
3433	4625585
3434	-1
3435	-1
3436	4628628
3437	-1
3438	-1
3439	4631670
3440	-1
3441	-1
3442	4634713
3443	-1
3444	-1
3445	4637756
3446	-1
3447	-1
3448	4640798
3449	-1
3450	-1
3451	4643841
3452	-1
3453	-1
3454	4646884
3455	-1
3456	-1
3457	4649926
3458	-1
3459	-1
3460	4652969
3461	-1
3462	-1
3463	4656012
3464	-1
3465	-1
3466	4659054
3467	-1
3468	-1
3469	4662097
3470	-1
3471	-1
3472	4665140
3473	-1
3474	-1
3475	4668182
3476	-1
3477	-1
3478	4671225
3479	-1
3480	-1
3481	4674268
3482	-1
3483	-1
3484	4677310
3485	-1
3486	-1
3487	4680353
3488	-1
3489	-1
3490	4683396
3491	-1
3492	-1
3493	-1
3494	4686438
3495	-1
3496	-1
3497	4689481
3498	-1
3499	-1
3500	4692524
3501	-1
3502	-1
3503	4695566
3504	-1
3505	-1
3506	4698609
3507	-1
3508	-1
3509	4701652
3510	-1
3511	-1
3512	4704694
3513	-1
3514	-1
3515	4707737
3516	-1
3517	-1
3518	4710780
3519	-1
3520	-1
3521	4713822
3522	-1
3523	-1
3524	4716865
3525	-1
3526	-1
3527	4719908
3528	-1
3529	-1
3530	4722950
3531	-1
3532	-1
3533	4725993
3534	-1
3535	-1
3536	4729036
3537	-1
3538	-1
3539	4732078
3540	-1
3541	-1
3542	4735121
3543	-1
3544	-1
3545	4738164
3546	-1
3547	-1
3548	4741206
3549	-1
3550	-1
3551	4744249
3552	-1
3553	-1
3554	4747292
3555	-1
3556	-1
3557	4750334
3558	-1
3559	-1
3560	4753377
3561	-1
3562	-1
3563	-1
3564	4756420
3565	-1
3566	-1
3567	4759462
3568	-1
3569	-1
3570	4762505
3571	-1
3572	-1
3573	4765548
3574	-1
3575	-1
3576	4768590
3577	-1
3578	-1
3579	4771633
3580	-1
3581	-1
3582	4774676
3583	-1
3584	-1
3585	4777718
3586	-1
3587	-1
3588	4780761
3589	-1
3590	-1
3591	4783804
3592	-1
3593	-1
3594	4786846
3595	-1
3596	-1
3597	4789889
3598	-1
3599	-1
3600	4792932
3601	-1
3602	-1
3603	4795974
3604	-1
3605	-1
3606	4799017
3607	-1
3608	-1
3609	4802060
3610	-1
3611	-1
3612	4805102
3613	-1
3614	-1
3615	4808145
3616	-1
3617	-1
3618	4811188
3619	-1
3620	-1
3621	4814230
3622	-1
3623	-1
3624	4817273
3625	-1
3626	-1
3627	4820316
3628	-1
3629	-1
3630	4823358
3631	-1
3632	-1
3633	4826401
3634	-1
3635	-1
3636	-1
3637	4829444
3638	-1
3639	-1
3640	4832486
3641	-1
3642	-1
3643	4835529
3644	-1
3645	-1
3646	4838572
3647	-1
3648	-1
3649	4841614
3650	-1
3651	-1
3652	4844657
3653	-1
3654	-1
3655	4847700
3656	-1
3657	-1
3658	4850742
3659	-1
3660	-1
3661	4853785
3662	-1
3663	-1
3664	4856828
3665	-1
3666	-1
3667	4859870
3668	-1
3669	-1
3670	4862913
3671	-1
3672	-1
3673	4865956
3674	-1
3675	-1
3676	4868998
3677	-1
3678	-1
3679	4872041
3680	-1
3681	-1
3682	4875084
3683	-1
3684	-1
3685	4878126
3686	-1
3687	-1
3688	4881169
3689	-1
3690	-1
3691	4884212
3692	-1
3693	-1
3694	4887254
3695	-1
3696	-1
3697	4890297
3698	-1
3699	-1
3700	4893340
3701	-1
3702	-1
3703	4896382
3704	-1
3705	-1
3706	-1
3707	4899425
3708	-1
3709	-1
3710	4902468
3711	-1
3712	-1
3713	4905510
3714	-1
3715	-1
3716	4908553
3717	-1
3718	-1
3719	4911596
3720	-1
3721	-1
3722	4914638
3723	-1
3724	-1
3725	4917681
3726	-1
3727	-1
3728	4920724
3729	-1
3730	-1
3731	4923766
3732	-1
3733	-1
3734	4926809
3735	-1
3736	-1
3737	4929852
3738	-1
3739	-1
3740	4932894
3741	-1
3742	-1
3743	4935937
3744	-1
3745	-1
3746	4938980
3747	-1
3748	-1
3749	4942022
3750	-1
3751	-1
3752	4945065
3753	-1
3754	-1
3755	4948108
3756	-1
3757	-1
3758	4951150
3759	-1
3760	-1
3761	4954193
3762	-1
3763	-1
3764	4957236
3765	-1
3766	-1
3767	4960278
3768	-1
3769	-1
3770	4963321
3771	-1
3772	-1
3773	4966364
3774	-1
3775	-1
3776	4969406
3777	-1
3778	-1
3779	-1
3780	4972449
3781	-1
3782	-1
3783	4975492
3784	-1
3785	-1
3786	4978534
3787	-1
3788	-1
3789	4981577
3790	-1
3791	-1
3792	4984620
3793	-1
3794	-1
3795	4987662
3796	-1
3797	-1
3798	4990705
3799	-1
3800	-1
3801	4993748
3802	-1
3803	-1
3804	4996790
3805	-1
3806	-1
3807	4999833
3808	-1
3809	-1
3810	5002876
3811	-1
3812	-1
3813	5005918
3814	-1
3815	-1
3816	5008961
3817	-1
3818	-1
3819	5012004
3820	-1
3821	-1
3822	5015046
3823	-1
3824	-1
3825	5018089
3826	-1
3827	-1
3828	5021132
3829	-1
3830	-1
3831	5024174
3832	-1
3833	-1
3834	5027217
3835	-1
3836	-1
3837	5030260
3838	-1
3839	-1
3840	5033302
3841	-1
3842	-1
3843	5036345
3844	-1
3845	-1
3846	5039388
3847	-1
3848	-1
3849	-1
3850	5042430
3851	-1
3852	-1
3853	5045473
3854	-1
3855	-1
3856	5048516
3857	-1
3858	-1
3859	5051558
3860	-1
3861	-1
3862	5054601
3863	-1
3864	-1
3865	5057644
3866	-1
3867	-1
3868	5060686
3869	-1
3870	-1
3871	5063729
3872	-1
3873	-1
3874	5066772
3875	-1
3876	-1
3877	5069814
3878	-1
3879	-1
3880	5072857
3881	-1
3882	-1
3883	5075900
3884	-1
3885	-1
3886	5078942
3887	-1
3888	-1
3889	5081985
3890	-1
3891	-1
3892	5085028
3893	-1
3894	-1
3895	5088070
3896	-1
3897	-1
3898	5091113
3899	-1
3900	-1
3901	5094156
3902	-1
3903	-1
3904	5097198
3905	-1
3906	-1
3907	5100241
3908	-1
3909	-1
3910	5103284
3911	-1
3912	-1
3913	5106326
3914	-1
3915	-1
3916	5109369
3917	-1
3918	-1
3919	-1
3920	5112412
3921	-1
3922	-1
3923	5115454
3924	-1
3925	-1
3926	5118497
3927	-1
3928	-1
3929	5121540
3930	-1
3931	-1
3932	5124582
3933	-1
3934	-1
3935	5127625
3936	-1
3937	-1
3938	5130668
3939	-1
3940	-1
3941	5133710
3942	-1
3943	-1
3944	5136753
3945	-1
3946	-1
3947	5139796
3948	-1
3949	-1
3950	5142838
3951	-1
3952	-1
3953	5145881
3954	-1
3955	-1
3956	5148924
3957	-1
3958	-1
3959	5151966
3960	-1
3961	-1
3962	5155009
3963	-1
3964	-1
3965	5158052
3966	-1
3967	-1
3968	5161094
3969	-1
3970	-1
3971	5164137
3972	-1
3973	-1
3974	5167180
3975	-1
3976	-1
3977	5170222
3978	-1
3979	-1
3980	5173265
3981	-1
3982	-1
3983	5176308
3984	-1
3985	-1
3986	5179350
3987	-1
3988	-1
3989	5182393
3990	-1
3991	-1
3992	-1
3993	5185436
3994	-1
3995	-1
3996	5188478
3997	-1
3998	-1
3999	5191521
4000	-1
4001	-1
4002	5194564
4003	-1
4004	-1
4005	5197606
4006	-1
4007	-1
4008	5200649
4009	-1
4010	-1
4011	5203692
4012	-1
4013	-1
4014	5206734
4015	-1
4016	-1
4017	5209777
4018	-1
4019	-1
4020	5212820
4021	-1
4022	-1
4023	5215862
4024	-1
4025	-1
4026	5218905
4027	-1
4028	-1
4029	5221948
4030	-1
4031	-1
4032	5224990
4033	-1
4034	-1
4035	5228033
4036	-1
4037	-1
4038	5231076
4039	-1
4040	-1
4041	5234118
4042	-1
4043	-1
4044	5237161
4045	-1
4046	-1
4047	5240204
4048	-1
4049	-1
4050	5243246
4051	-1
4052	-1
4053	5246289
4054	-1
4055	-1
4056	5249332
4057	-1
4058	-1
4059	5252374
4060	-1
4061	-1
4062	-1
4063	5255417
4064	-1
4065	-1
4066	5258460
4067	-1
4068	-1
4069	5261502
4070	-1
4071	-1
4072	5264545
4073	-1
4074	-1
4075	5267588
4076	-1
4077	-1
4078	5270630
4079	-1
4080	-1
4081	5273673
4082	-1
4083	-1
4084	5276716
4085	-1
4086	-1
4087	5279758
4088	-1
4089	-1
4090	5282801
4091	-1
4092	-1
4093	5285844
4094	-1
4095	-1
4096	5288886
4097	-1
4098	-1
4099	5291929
4100	-1
4101	-1
4102	5294972
4103	-1
4104	-1
4105	5298014
4106	-1
4107	-1
4108	5301057
4109	-1
4110	-1
4111	5304100
4112	-1
4113	-1
4114	5307142
4115	-1
4116	-1
4117	5310185
4118	-1
4119	-1
4120	5313228
4121	-1
4122	-1
4123	5316270
4124	-1
4125	-1
4126	5319313
4127	-1
4128	-1
4129	5322356
4130	-1
4131	-1
4132	5325398
4133	-1
4134	-1
4135	-1
4136	5328441
4137	-1
4138	-1
4139	5331484
4140	-1
4141	-1
4142	5334526
4143	-1
4144	-1
4145	5337569
4146	-1
4147	-1
4148	5340612
4149	-1
4150	-1
4151	5343654
4152	-1
4153	-1
4154	5346697
4155	-1
4156	-1
4157	5349740
4158	-1
4159	-1
4160	5352782
4161	-1
4162	-1
4163	5355825
4164	-1
4165	-1
4166	5358868
4167	-1
4168	-1
4169	5361910
4170	-1
4171	-1
4172	5364953
4173	-1
4174	-1
4175	5367996
4176	-1
4177	-1
4178	5371038
4179	-1
4180	-1
4181	5374081
4182	-1
4183	-1
4184	5377124
4185	-1
4186	-1
4187	5380166
4188	-1
4189	-1
4190	5383209
4191	-1
4192	-1
4193	5386252
4194	-1
4195	-1
4196	5389294
4197	-1
4198	-1
4199	5392337
4200	-1
4201	-1
4202	5395380
4203	-1
4204	-1
4205	-1
4206	5398422
4207	-1
4208	-1
4209	5401465
4210	-1
4211	-1
4212	5404508
4213	-1
4214	-1
4215	5407550
4216	-1
4217	-1
4218	5410593
4219	-1
4220	-1
4221	5413636
4222	-1
4223	-1
4224	5416678
4225	-1
4226	-1
4227	5419721
4228	-1
4229	-1
4230	5422764
4231	-1
4232	-1
4233	5425806
4234	-1
4235	-1
4236	5428849
4237	-1
4238	-1
4239	5431892
4240	-1
4241	-1
4242	5434934
4243	-1
4244	-1
4245	5437977
4246	-1
4247	-1
4248	5441020
4249	-1
4250	-1
4251	5444062
4252	-1
4253	-1
4254	5447105
4255	-1
4256	-1
4257	5450148
4258	-1
4259	-1
4260	5453190
4261	-1
4262	-1
4263	5456233
4264	-1
4265	-1
4266	5459276
4267	-1
4268	-1
4269	5462318
4270	-1
4271	-1
4272	5465361
4273	-1
4274	-1
4275	5468404
4276	-1
4277	-1
4278	-1
4279	5471446
4280	-1
4281	-1
4282	5474489
4283	-1
4284	-1
4285	5477532
4286	-1
4287	-1
4288	5480574
4289	-1
4290	-1
4291	5483617
4292	-1
4293	-1
4294	5486660
4295	-1
4296	-1
4297	5489702
4298	-1
4299	-1
4300	5492745
4301	-1
4302	-1
4303	5495788
4304	-1
4305	-1
4306	5498830
4307	-1
4308	-1
4309	5501873
4310	-1
4311	-1
4312	5504916
4313	-1
4314	-1
4315	5507958
4316	-1
4317	-1
4318	5511001
4319	-1
4320	-1
4321	5514044
4322	-1
4323	-1
4324	5517086
4325	-1
4326	-1
4327	5520129
4328	-1
4329	-1
4330	5523172
4331	-1
4332	-1
4333	5526214
4334	-1
4335	-1
4336	5529257
4337	-1
4338	-1
4339	5532300
4340	-1
4341	-1
4342	5535342
4343	-1
4344	-1
4345	5538385
4346	-1
4347	-1
4348	-1
4349	5541428
4350	-1
4351	-1
4352	5544470
4353	-1
4354	-1
4355	5547513
4356	-1
4357	-1
4358	5550556
4359	-1
4360	-1
4361	5553598
4362	-1
4363	-1
4364	5556641
4365	-1
4366	-1
4367	5559684
4368	-1
4369	-1
4370	5562726
4371	-1
4372	-1
4373	5565769
4374	-1
4375	-1
4376	5568812
4377	-1
4378	-1
4379	5571854
4380	-1
4381	-1
4382	5574897
4383	-1
4384	-1
4385	5577940
4386	-1
4387	-1
4388	5580982
4389	-1
4390	-1
4391	5584025
4392	-1
4393	-1
4394	5587068
4395	-1
4396	-1
4397	5590110
4398	-1
4399	-1
4400	5593153
4401	-1
4402	-1
4403	5596196
4404	-1
4405	-1
4406	5599238
4407	-1
4408	-1
4409	5602281
4410	-1
4411	-1
4412	5605324
4413	-1
4414	-1
4415	5608366
4416	-1
4417	-1
4418	5611409
4419	-1
4420	-1
4421	-1
4422	5614452
4423	-1
4424	-1
4425	5617494
4426	-1
4427	-1
4428	5620537
4429	-1
4430	-1
4431	5623580
4432	-1
4433	-1
4434	5626622
4435	-1
4436	-1
4437	5629665
4438	-1
4439	-1
4440	5632708
4441	-1
4442	-1
4443	5635750
4444	-1
4445	-1
4446	5638793
4447	-1
4448	-1
4449	5641836
4450	-1
4451	-1
4452	5644878
4453	-1
4454	-1
4455	5647921
4456	-1
4457	-1
4458	5650964
4459	-1
4460	-1
4461	5654006
4462	-1
4463	-1
4464	5657049
4465	-1
4466	-1
4467	5660092
4468	-1
4469	-1
4470	5663134
4471	-1
4472	-1
4473	5666177
4474	-1
4475	-1
4476	5669220
4477	-1
4478	-1
4479	5672262
4480	-1
4481	-1
4482	5675305
4483	-1
4484	-1
4485	5678348
4486	-1
4487	-1
4488	5681390
4489	-1
4490	-1
4491	-1
4492	5684433
4493	-1
4494	-1
4495	5687476
4496	-1
4497	-1
4498	5690518
4499	-1
4500	-1
4501	5693561
4502	-1
4503	-1
4504	5696604
4505	-1
4506	-1
4507	5699646
4508	-1
4509	-1
4510	5702689
4511	-1
4512	-1
4513	5705732
4514	-1
4515	-1
4516	5708774
4517	-1
4518	-1
4519	5711817
4520	-1
4521	-1
4522	5714860
4523	-1
4524	-1
4525	5717902
4526	-1
4527	-1
4528	5720945
4529	-1
4530	-1
4531	5723988
4532	-1
4533	-1
4534	5727030
4535	-1
4536	-1
4537	5730073
4538	-1
4539	-1
4540	5733116
4541	-1
4542	-1
4543	5736158
4544	-1
4545	-1
4546	5739201
4547	-1
4548	-1
4549	5742244
4550	-1
4551	-1
4552	5745286
4553	-1
4554	-1
4555	5748329
4556	-1
4557	-1
4558	5751372
4559	-1
4560	-1
4561	-1
4562	5754414
4563	-1
4564	-1
4565	5757457
4566	-1
4567	-1
4568	5760500
4569	-1
4570	-1
4571	5763542
4572	-1
4573	-1
4574	5766585
4575	-1
4576	-1
4577	5769628
4578	-1
4579	-1
4580	5772670
4581	-1
4582	-1
4583	5775713
4584	-1
4585	-1
4586	5778756
4587	-1
4588	-1
4589	5781798
4590	-1
4591	-1
4592	5784841
4593	-1
4594	-1
4595	5787884
4596	-1
4597	-1
4598	5790926
4599	-1
4600	-1
4601	5793969
4602	-1
4603	-1
4604	5797012
4605	-1
4606	-1
4607	5800054
4608	-1
4609	-1
4610	5803097
4611	-1
4612	-1
4613	5806140
4614	-1
4615	-1
4616	5809182
4617	-1
4618	-1
4619	5812225
4620	-1
4621	-1
4622	5815268
4623	-1
4624	-1
4625	5818310
4626	-1
4627	-1
4628	5821353
4629	-1
4630	-1
4631	5824396
4632	-1
4633	-1
4634	-1
4635	5827438
4636	-1
4637	-1
4638	5830481
4639	-1
4640	-1
4641	5833524
4642	-1
4643	-1
4644	5836566
4645	-1
4646	-1
4647	5839609
4648	-1
4649	-1
4650	5842652
4651	-1
4652	-1
4653	5845694
4654	-1
4655	-1
4656	5848737
4657	-1
4658	-1
4659	5851780
4660	-1
4661	-1
4662	5854822
4663	-1
4664	-1
4665	5857865
4666	-1
4667	-1
4668	5860908
4669	-1
4670	-1
4671	5863950
4672	-1
4673	-1
4674	5866993
4675	-1
4676	-1
4677	5870036
4678	-1
4679	-1
4680	5873078
4681	-1
4682	-1
4683	5876121
4684	-1
4685	-1
4686	5879164
4687	-1
4688	-1
4689	5882206
4690	-1
4691	-1
4692	5885249
4693	-1
4694	-1
4695	5888292
4696	-1
4697	-1
4698	5891334
4699	-1
4700	-1
4701	5894377
4702	-1
4703	-1
4704	-1
4705	5897420
4706	-1
4707	-1
4708	5900462
4709	-1
4710	-1
4711	5903505
4712	-1
4713	-1
4714	5906548
4715	-1
4716	-1
4717	5909590
4718	-1
4719	-1
4720	5912633
4721	-1
4722	-1
4723	5915676
4724	-1
4725	-1
4726	5918718
4727	-1
4728	-1
4729	5921761
4730	-1
4731	-1
4732	5924804
4733	-1
4734	-1
4735	5927846
4736	-1
4737	-1
4738	5930889
4739	-1
4740	-1
4741	5933932
4742	-1
4743	-1
4744	5936974
4745	-1
4746	-1
4747	5940017
4748	-1
4749	-1
4750	5943060
4751	-1
4752	-1
4753	5946102
4754	-1
4755	-1
4756	5949145
4757	-1
4758	-1
4759	5952188
4760	-1
4761	-1
4762	5955230
4763	-1
4764	-1
4765	5958273
4766	-1
4767	-1
4768	5961316
4769	-1
4770	-1
4771	5964358
4772	-1
4773	-1
4774	5967401
4775	-1
4776	-1
4777	-1
4778	5970444
4779	-1
4780	-1
4781	5973486
4782	-1
4783	-1
4784	5976529
4785	-1
4786	-1
4787	5979572
4788	-1
4789	-1
4790	5982614
4791	-1
4792	-1
4793	5985657
4794	-1
4795	-1
4796	5988700
4797	-1
4798	-1
4799	5991742
4800	-1
4801	-1
4802	5994785
4803	-1
4804	-1
4805	5997828
4806	-1
4807	-1
4808	6000870
4809	-1
4810	-1
4811	6003913
4812	-1
4813	-1
4814	6006956
4815	-1
4816	-1
4817	6009998
4818	-1
4819	-1
4820	6013041
4821	-1
4822	-1
4823	6016084
4824	-1
4825	-1
4826	6019126
4827	-1
4828	-1
4829	6022169
4830	-1
4831	-1
4832	6025212
4833	-1
4834	-1
4835	6028254
4836	-1
4837	-1
4838	6031297
4839	-1
4840	-1
4841	6034340
4842	-1
4843	-1
4844	6037382
4845	-1
4846	-1
4847	-1
4848	6040425
4849	-1
4850	-1
4851	6043468
4852	-1
4853	-1
4854	6046510
4855	-1
4856	-1
4857	6049553
4858	-1
4859	-1
4860	6052596
4861	-1
4862	-1
4863	6055638
4864	-1
4865	-1
4866	6058681
4867	-1
4868	-1
4869	6061724
4870	-1
4871	-1
4872	6064766
4873	-1
4874	-1
4875	6067809
4876	-1
4877	-1
4878	6070852
4879	-1
4880	-1
4881	6073894
4882	-1
4883	-1
4884	6076937
4885	-1
4886	-1
4887	6079980
4888	-1
4889	-1
4890	6083022
4891	-1
4892	-1
4893	6086065
4894	-1
4895	-1
4896	6089108
4897	-1
4898	-1
4899	6092150
4900	-1
4901	-1
4902	6095193
4903	-1
4904	-1
4905	6098236
4906	-1
4907	-1
4908	6101278
4909	-1
4910	-1
4911	6104321
4912	-1
4913	-1
4914	6107364
4915	-1
4916	-1
4917	6110406
4918	-1
4919	-1
4920	-1
4921	6113449
4922	-1
4923	-1
4924	6116492
4925	-1
4926	-1
4927	6119534
4928	-1
4929	-1
4930	6122577
4931	-1
4932	-1
4933	6125620
4934	-1
4935	-1
4936	6128662
4937	-1
4938	-1
4939	6131705
4940	-1
4941	-1
4942	6134748
4943	-1
4944	-1
4945	6137790
4946	-1
4947	-1
4948	6140833
4949	-1
4950	-1
4951	6143876
4952	-1
4953	-1
4954	6146918
4955	-1
4956	-1
4957	6149961
4958	-1
4959	-1
4960	6153004
4961	-1
4962	-1
4963	6156046
4964	-1
4965	-1
4966	6159089
4967	-1
4968	-1
4969	6162132
4970	-1
4971	-1
4972	6165174
4973	-1
4974	-1
4975	6168217
4976	-1
4977	-1
4978	6171260
4979	-1
4980	-1
4981	6174302
4982	-1
4983	-1
4984	6177345
4985	-1
4986	-1
4987	6180388
4988	-1
4989	-1
4990	-1
4991	6183430
4992	-1
4993	-1
4994	6186473
4995	-1
4996	-1
4997	6189516
4998	-1
4999	-1
5000	6192558
5001	-1
5002	-1
5003	6195601
5004	-1
5005	-1
5006	6198644
5007	-1
5008	-1
5009	6201686
5010	-1
5011	-1
5012	6204729
5013	-1
5014	-1
5015	6207772
5016	-1
5017	-1
5018	6210814
5019	-1
5020	-1
5021	6213857
5022	-1
5023	-1
5024	6216900
5025	-1
5026	-1
5027	6219942
5028	-1
5029	-1
5030	6222985
5031	-1
5032	-1
5033	6226028
5034	-1
5035	-1
5036	6229070
5037	-1
5038	-1
5039	6232113
5040	-1
5041	-1
5042	6235156
5043	-1
5044	-1
5045	6238198
5046	-1
5047	-1
5048	6241241
5049	-1
5050	-1
5051	6244284
5052	-1
5053	-1
5054	6247326
5055	-1
5056	-1
5057	6250369
5058	-1
5059	-1
5060	-1
5061	6253412
5062	-1
5063	-1
5064	6256454
5065	-1
5066	-1
5067	6259497
5068	-1
5069	-1
5070	6262540
5071	-1
5072	-1
5073	6265582
5074	-1
5075	-1
5076	6268625
5077	-1
5078	-1
5079	6271668
5080	-1
5081	-1
5082	6274710
5083	-1
5084	-1
5085	6277753
5086	-1
5087	-1
5088	6280796
5089	-1
5090	-1
5091	6283838
5092	-1
5093	-1
5094	6286881
5095	-1
5096	-1
5097	6289924
5098	-1
5099	-1
5100	6292966
5101	-1
5102	-1
5103	6296009
5104	-1
5105	-1
5106	6299052
5107	-1
5108	-1
5109	6302094
5110	-1
5111	-1
5112	6305137
5113	-1
5114	-1
5115	6308180
5116	-1
5117	-1
5118	6311222
5119	-1
5120	-1
5121	6314265
5122	-1
5123	-1
5124	6317308
5125	-1
5126	-1
5127	6320350
5128	-1
5129	-1
5130	6323393
5131	-1
5132	-1
5133	-1
5134	6326436
5135	-1
5136	-1
5137	6329478
5138	-1
5139	-1
5140	6332521
5141	-1
5142	-1
5143	6335564
5144	-1
5145	-1
5146	6338606
5147	-1
5148	-1
5149	6341649
5150	-1
5151	-1
5152	6344692
5153	-1
5154	-1
5155	6347734
5156	-1
5157	-1
5158	6350777
5159	-1
5160	-1
5161	6353820
5162	-1
5163	-1
5164	6356862
5165	-1
5166	-1
5167	6359905
5168	-1
5169	-1
5170	6362948
5171	-1
5172	-1
5173	6365990
5174	-1
5175	-1
5176	6369033
5177	-1
5178	-1
5179	6372076
5180	-1
5181	-1
5182	6375118
5183	-1
5184	-1
5185	6378161
5186	-1
5187	-1
5188	6381204
5189	-1
5190	-1
5191	6384246
5192	-1
5193	-1
5194	6387289
5195	-1
5196	-1
5197	6390332
5198	-1
5199	-1
5200	6393374
5201	-1
5202	-1
5203	-1
5204	6396417
5205	-1
5206	-1
5207	6399460
5208	-1
5209	-1
5210	6402502
5211	-1
5212	-1
5213	6405545
5214	-1
5215	-1
5216	6408588
5217	-1
5218	-1
5219	6411630
5220	-1
5221	-1
5222	6414673
5223	-1
5224	-1
5225	6417716
5226	-1
5227	-1
5228	6420758
5229	-1
5230	-1
5231	6423801
5232	-1
5233	-1
5234	6426844
5235	-1
5236	-1
5237	6429886
5238	-1
5239	-1
5240	6432929
5241	-1
5242	-1
5243	6435972
5244	-1
5245	-1
5246	6439014
5247	-1
5248	-1
5249	6442057
5250	-1
5251	-1
5252	6445100
5253	-1
5254	-1
5255	6448142
5256	-1
5257	-1
5258	6451185
5259	-1
5260	-1
5261	6454228
5262	-1
5263	-1
5264	6457270
5265	-1
5266	-1
5267	6460313
5268	-1
5269	-1
5270	6463356
5271	-1
5272	-1
5273	6466398
5274	-1
5275	-1
5276	-1
5277	6469441
5278	-1
5279	-1
5280	6472484
5281	-1
5282	-1
5283	6475526
5284	-1
5285	-1
5286	6478569
5287	-1
5288	-1
5289	6481612
5290	-1
5291	-1
5292	6484655
5293	-1
5294	-1
5295	6487697
5296	-1
5297	-1
5298	6490740
5299	-1
5300	-1
5301	6493783
5302	-1
5303	-1
5304	6496825
5305	-1
5306	-1
5307	6499868
5308	-1
5309	-1
5310	6502911
5311	-1
5312	-1
5313	6505953
5314	-1
5315	-1
5316	6508996
5317	-1
5318	-1
5319	6512039
5320	-1
5321	-1
5322	6515081
5323	-1
5324	-1
5325	6518124
5326	-1
5327	-1
5328	6521167
5329	-1
5330	-1
5331	6524209
5332	-1
5333	-1
5334	6527252
5335	-1
5336	-1
5337	6530295
5338	-1
5339	-1
5340	6533337
5341	-1
5342	-1
5343	6536380
5344	-1
5345	-1
5346	-1
5347	6539423
5348	-1
5349	-1
5350	6542465
5351	-1
5352	-1
5353	6545508
5354	-1
5355	-1
5356	6548551
5357	-1
5358	-1
5359	6551593
5360	-1
5361	-1
5362	6554636
5363	-1
5364	-1
5365	6557679
5366	-1
5367	-1
5368	6560721
5369	-1
5370	-1
5371	6563764
5372	-1
5373	-1
5374	6566807
5375	-1
5376	-1
5377	6569849
5378	-1
5379	-1
5380	6572892
5381	-1
5382	-1
5383	6575935
5384	-1
5385	-1
5386	6578977
5387	-1
5388	-1
5389	6582020
5390	-1
5391	-1
5392	6585063
5393	-1
5394	-1
5395	6588105
5396	-1
5397	-1
5398	6591148
5399	-1
5400	-1
5401	6594191
5402	-1
5403	-1
5404	6597233
5405	-1
5406	-1
5407	6600276
5408	-1
5409	-1
5410	6603319
5411	-1
5412	-1
5413	6606361
5414	-1
5415	-1
5416	6609404
5417	-1
5418	-1
5419	-1
5420	6612447
5421	-1
5422	-1
5423	6615489
5424	-1
5425	-1
5426	6618532
5427	-1
5428	-1
5429	6621575
5430	-1
5431	-1
5432	6624617
5433	-1
5434	-1
5435	6627660
5436	-1
5437	-1
5438	6630703
5439	-1
5440	-1
5441	6633745
5442	-1
5443	-1
5444	6636788
5445	-1
5446	-1
5447	6639831
5448	-1
5449	-1
5450	6642873
5451	-1
5452	-1
5453	6645916
5454	-1
5455	-1
5456	6648959
5457	-1
5458	-1
5459	6652001
5460	-1
5461	-1
5462	6655044
5463	-1
5464	-1
5465	6658087
5466	-1
5467	-1
5468	6661129
5469	-1
5470	-1
5471	6664172
5472	-1
5473	-1
5474	6667215
5475	-1
5476	-1
5477	6670257
5478	-1
5479	-1
5480	6673300
5481	-1
5482	-1
5483	6676343
5484	-1
5485	-1
5486	6679385
5487	-1
5488	-1
5489	-1
5490	6682428
5491	-1
5492	-1
5493	6685471
5494	-1
5495	-1
5496	6688513
5497	-1
5498	-1
5499	6691556
5500	-1
5501	-1
5502	6694599
5503	-1
5504	-1
5505	6697641
5506	-1
5507	-1
5508	6700684
5509	-1
5510	-1
5511	6703727
5512	-1
5513	-1
5514	6706769
5515	-1
5516	-1
5517	6709812
5518	-1
5519	-1
5520	6712855
5521	-1
5522	-1
5523	6715897
5524	-1
5525	-1
5526	6718940
5527	-1
5528	-1
5529	6721983
5530	-1
5531	-1
5532	6725025
5533	-1
5534	-1
5535	6728068
5536	-1
5537	-1
5538	6731111
5539	-1
5540	-1
5541	6734153
5542	-1
5543	-1
5544	6737196
5545	-1
5546	-1
5547	6740239
5548	-1
5549	-1
5550	6743281
5551	-1
5552	-1
5553	6746324
5554	-1
5555	-1
5556	6749367
5557	-1
5558	-1
5559	6752409
5560	-1
5561	-1
5562	-1
5563	6755452
5564	-1
5565	-1
5566	6758495
5567	-1
5568	-1
5569	6761537
5570	-1
5571	-1
5572	6764580
5573	-1
5574	-1
5575	6767623
5576	-1
5577	-1
5578	6770665
5579	-1
5580	-1
5581	6773708
5582	-1
5583	-1
5584	6776751
5585	-1
5586	-1
5587	6779793
5588	-1
5589	-1
5590	6782836
5591	-1
5592	-1
5593	6785879
5594	-1
5595	-1
5596	6788921
5597	-1
5598	-1
5599	6791964
5600	-1
5601	-1
5602	6795007
5603	-1
5604	-1
5605	6798049
5606	-1
5607	-1
5608	6801092
5609	-1
5610	-1
5611	6804135
5612	-1
5613	-1
5614	6807177
5615	-1
5616	-1
5617	6810220
5618	-1
5619	-1
5620	6813263
5621	-1
5622	-1
5623	6816305
5624	-1
5625	-1
5626	6819348
5627	-1
5628	-1
5629	6822391
5630	-1
5631	-1
5632	-1
5633	6825433
5634	-1
5635	-1
5636	6828476
5637	-1
5638	-1
5639	6831519
5640	-1
5641	-1
5642	6834561
5643	-1
5644	-1
5645	6837604
5646	-1
5647	-1
5648	6840647
5649	-1
5650	-1
5651	6843689
5652	-1
5653	-1
5654	6846732
5655	-1
5656	-1
5657	6849775
5658	-1
5659	-1
5660	6852817
5661	-1
5662	-1
5663	6855860
5664	-1
5665	-1
5666	6858903
5667	-1
5668	-1
5669	6861945
5670	-1
5671	-1
5672	6864988
5673	-1
5674	-1
5675	6868031
5676	-1
5677	-1
5678	6871073
5679	-1
5680	-1
5681	6874116
5682	-1
5683	-1
5684	6877159
5685	-1
5686	-1
5687	6880201
5688	-1
5689	-1
5690	6883244
5691	-1
5692	-1
5693	6886287
5694	-1
5695	-1
5696	6889329
5697	-1
5698	-1
5699	6892372
5700	-1
5701	-1
5702	-1
5703	6895415
5704	-1
5705	-1
5706	6898457
5707	-1
5708	-1
5709	6901500
5710	-1
5711	-1
5712	6904543
5713	-1
5714	-1
5715	6907585
5716	-1
5717	-1
5718	6910628
5719	-1
5720	-1
5721	6913671
5722	-1
5723	-1
5724	6916713
5725	-1
5726	-1
5727	6919756
5728	-1
5729	-1
5730	6922799
5731	-1
5732	-1
5733	6925841
5734	-1
5735	-1
5736	6928884
5737	-1
5738	-1
5739	6931927
5740	-1
5741	-1
5742	6934969
5743	-1
5744	-1
5745	6938012
5746	-1
5747	-1
5748	6941055
5749	-1
5750	-1
5751	6944097
5752	-1
5753	-1
5754	6947140
5755	-1
5756	-1
5757	6950183
5758	-1
5759	-1
5760	6953225
5761	-1
5762	-1
5763	6956268
5764	-1
5765	-1
5766	6959311
5767	-1
5768	-1
5769	6962353
5770	-1
5771	-1
5772	6965396
5773	-1
5774	-1
5775	-1
5776	6968439
5777	-1
5778	-1
5779	6971481
5780	-1
5781	-1
5782	6974524
5783	-1
5784	-1
5785	6977567
5786	-1
5787	-1
5788	6980609
5789	-1
5790	-1
5791	6983652
5792	-1
5793	-1
5794	6986695
5795	-1
5796	-1
5797	6989737
5798	-1
5799	-1
5800	6992780
5801	-1
5802	-1
5803	6995823
5804	-1
5805	-1
5806	6998865
5807	-1
5808	-1
5809	7001908
5810	-1
5811	-1
5812	7004951
5813	-1
5814	-1
5815	7007993
5816	-1
5817	-1
5818	7011036
5819	-1
5820	-1
5821	7014079
5822	-1
5823	-1
5824	7017121
5825	-1
5826	-1
5827	7020164
5828	-1
5829	-1
5830	7023207
5831	-1
5832	-1
5833	7026249
5834	-1
5835	-1
5836	7029292
5837	-1
5838	-1
5839	7032335
5840	-1
5841	-1
5842	7035377
5843	-1
5844	-1
5845	-1
5846	7038420
5847	-1
5848	-1
5849	7041463
5850	-1
5851	-1
5852	7044505
5853	-1
5854	-1
5855	7047548
5856	-1
5857	-1
5858	7050591
5859	-1
5860	-1
5861	7053633
5862	-1
5863	-1
5864	7056676
5865	-1
5866	-1
5867	7059719
5868	-1
5869	-1
5870	7062761
5871	-1
5872	-1
5873	7065804
5874	-1
5875	-1
5876	7068847
5877	-1
5878	-1
5879	7071889
5880	-1
5881	-1
5882	7074932
5883	-1
5884	-1
5885	7077975
5886	-1
5887	-1
5888	7081017
5889	-1
5890	-1
5891	7084060
5892	-1
5893	-1
5894	7087103
5895	-1
5896	-1
5897	7090145
5898	-1
5899	-1
5900	7093188
5901	-1
5902	-1
5903	7096231
5904	-1
5905	-1
5906	7099273
5907	-1
5908	-1
5909	7102316
5910	-1
5911	-1
5912	7105359
5913	-1
5914	-1
5915	7108401
5916	-1
5917	-1
5918	-1
5919	7111444
5920	-1
5921	-1
5922	7114487
5923	-1
5924	-1
5925	7117529
5926	-1
5927	-1
5928	7120572
5929	-1
5930	-1
5931	7123615
5932	-1
5933	-1
5934	7126657
5935	-1
5936	-1
5937	7129700
5938	-1
5939	-1
5940	7132743
5941	-1
5942	-1
5943	7135785
5944	-1
5945	-1
5946	7138828
5947	-1
5948	-1
5949	7141871
5950	-1
5951	-1
5952	7144913
5953	-1
5954	-1
5955	7147956
5956	-1
5957	-1
5958	7150999
5959	-1
5960	-1
5961	7154041
5962	-1
5963	-1
5964	7157084
5965	-1
5966	-1
5967	7160127
5968	-1
5969	-1
5970	7163169
5971	-1
5972	-1
5973	7166212
5974	-1
5975	-1
5976	7169255
5977	-1
5978	-1
5979	7172297
5980	-1
5981	-1
5982	7175340
5983	-1
5984	-1
5985	7178383
5986	-1
5987	-1
5988	-1
5989	7181425
5990	-1
5991	-1
5992	7184468
5993	-1
5994	-1
5995	7187511
5996	-1
5997	-1
5998	7190553
5999	-1
6000	-1
6001	7193596
6002	-1
6003	-1
6004	7196639
6005	-1
6006	-1
6007	7199681
6008	-1
6009	-1
6010	7202724
6011	-1
6012	-1
6013	7205767
6014	-1
6015	-1
6016	7208809
6017	-1
6018	-1
6019	7211852
6020	-1
6021	-1
6022	7214895
6023	-1
6024	-1
6025	7217937
6026	-1
6027	-1
6028	7220980
6029	-1
6030	-1
6031	7224023
6032	-1
6033	-1
6034	7227065
6035	-1
6036	-1
6037	7230108
6038	-1
6039	-1
6040	7233151
6041	-1
6042	-1
6043	7236193
6044	-1
6045	-1
6046	7239236
6047	-1
6048	-1
6049	7242279
6050	-1
6051	-1
6052	7245321
6053	-1
6054	-1
6055	7248364
6056	-1
6057	-1
6058	7251407
6059	-1
6060	-1
6061	-1
6062	7254449
6063	-1
6064	-1
6065	7257492
6066	-1
6067	-1
6068	7260535
6069	-1
6070	-1
6071	7263577
6072	-1
6073	-1
6074	7266620
6075	-1
6076	-1
6077	7269663
6078	-1
6079	-1
6080	7272705
6081	-1
6082	-1
6083	7275748
6084	-1
6085	-1
6086	7278791
6087	-1
6088	-1
6089	7281833
6090	-1
6091	-1
6092	7284876
6093	-1
6094	-1
6095	7287919
6096	-1
6097	-1
6098	7290961
6099	-1
6100	-1
6101	7294004
6102	-1
6103	-1
6104	7297047
6105	-1
6106	-1
6107	7300089
6108	-1
6109	-1
6110	7303132
6111	-1
6112	-1
6113	7306175
6114	-1
6115	-1
6116	7309217
6117	-1
6118	-1
6119	7312260
6120	-1
6121	-1
6122	7315303
6123	-1
6124	-1
6125	7318345
6126	-1
6127	-1
6128	7321388
6129	-1
6130	-1
6131	-1
6132	7324431
6133	-1
6134	-1
6135	7327473
6136	-1
6137	-1
6138	7330516
6139	-1
6140	-1
6141	7333559
6142	-1
6143	-1
6144	7336601
6145	-1
6146	-1
6147	7339644
6148	-1
6149	-1
6150	7342687
6151	-1
6152	-1
6153	7345729
6154	-1
6155	-1
6156	7348772
6157	-1
6158	-1
6159	7351815
6160	-1
6161	-1
6162	7354857
6163	-1
6164	-1
6165	7357900
6166	-1
6167	-1
6168	7360943
6169	-1
6170	-1
6171	7363985
6172	-1
6173	-1
6174	7367028
6175	-1
6176	-1
6177	7370071
6178	-1
6179	-1
6180	7373113
6181	-1
6182	-1
6183	7376156
6184	-1
6185	-1
6186	7379199
6187	-1
6188	-1
6189	7382241
6190	-1
6191	-1
6192	7385284
6193	-1
6194	-1
6195	7388327
6196	-1
6197	-1
6198	7391369
6199	-1
6200	-1
6201	-1
6202	7394412
6203	-1
6204	-1
6205	7397455
6206	-1
6207	-1
6208	7400497
6209	-1
6210	-1
6211	7403540
6212	-1
6213	-1
6214	7406583
6215	-1
6216	-1
6217	7409625
6218	-1
6219	-1
6220	7412668
6221	-1
6222	-1
6223	7415711
6224	-1
6225	-1
6226	7418753
6227	-1
6228	-1
6229	7421796
6230	-1
6231	-1
6232	7424839
6233	-1
6234	-1
6235	7427881
6236	-1
6237	-1
6238	7430924
6239	-1
6240	-1
6241	7433967
6242	-1
6243	-1
6244	7437009
6245	-1
6246	-1
6247	7440052
6248	-1
6249	-1
6250	7443095
6251	-1
6252	-1
6253	7446137
6254	-1
6255	-1
6256	7449180
6257	-1
6258	-1
6259	7452223
6260	-1
6261	-1
6262	7455265
6263	-1
6264	-1
6265	7458308
6266	-1
6267	-1
6268	7461351
6269	-1
6270	-1
6271	7464393
6272	-1
6273	-1
6274	-1
6275	7467436
6276	-1
6277	-1
6278	7470479
6279	-1
6280	-1
6281	7473521
6282	-1
6283	-1
6284	7476564
6285	-1
6286	-1
6287	7479607
6288	-1
6289	-1
6290	7482649
6291	-1
6292	-1
6293	7485692
6294	-1
6295	-1
6296	7488735
6297	-1
6298	-1
6299	7491777
6300	-1
6301	-1
6302	7494820
6303	-1
6304	-1
6305	7497863
6306	-1
6307	-1
6308	7500905
6309	-1
6310	-1
6311	7503948
6312	-1
6313	-1
6314	7506991
6315	-1
6316	-1
6317	7510033
6318	-1
6319	-1
6320	7513076
6321	-1
6322	-1
6323	7516119
6324	-1
6325	-1
6326	7519161
6327	-1
6328	-1
6329	7522204
6330	-1
6331	-1
6332	7525247
6333	-1
6334	-1
6335	7528289
6336	-1
6337	-1
6338	7531332
6339	-1
6340	-1
6341	7534375
6342	-1
6343	-1
6344	-1
6345	7537417
6346	-1
6347	-1
6348	7540460
6349	-1
6350	-1
6351	7543503
6352	-1
6353	-1
6354	7546545
6355	-1
6356	-1
6357	7549588
6358	-1
6359	-1
6360	7552631
6361	-1
6362	-1
6363	7555673
6364	-1
6365	-1
6366	7558716
6367	-1
6368	-1
6369	7561759
6370	-1
6371	-1
6372	7564801
6373	-1
6374	-1
6375	7567844
6376	-1
6377	-1
6378	7570887
6379	-1
6380	-1
6381	7573929
6382	-1
6383	-1
6384	7576972
6385	-1
6386	-1
6387	7580015
6388	-1
6389	-1
6390	7583057
6391	-1
6392	-1
6393	7586100
6394	-1
6395	-1
6396	7589143
6397	-1
6398	-1
6399	7592185
6400	-1
6401	-1
6402	7595228
6403	-1
6404	-1
6405	7598271
6406	-1
6407	-1
6408	7601313
6409	-1
6410	-1
6411	7604356
6412	-1
6413	-1
6414	7607399
6415	-1
6416	-1
6417	-1
6418	7610441
6419	-1
6420	-1
6421	7613484
6422	-1
6423	-1
6424	7616527
6425	-1
6426	-1
6427	7619569
6428	-1
6429	-1
6430	7622612
6431	-1
6432	-1
6433	7625655
6434	-1
6435	-1
6436	7628697
6437	-1
6438	-1
6439	7631740
6440	-1
6441	-1
6442	7634783
6443	-1
6444	-1
6445	7637825
6446	-1
6447	-1
6448	7640868
6449	-1
6450	-1
6451	7643911
6452	-1
6453	-1
6454	7646953
6455	-1
6456	-1
6457	7649996
6458	-1
6459	-1
6460	7653039
6461	-1
6462	-1
6463	7656081
6464	-1
6465	-1
6466	7659124
6467	-1
6468	-1
6469	7662167
6470	-1
6471	-1
6472	7665209
6473	-1
6474	-1
6475	7668252
6476	-1
6477	-1
6478	7671295
6479	-1
6480	-1
6481	7674337
6482	-1
6483	-1
6484	7677380
6485	-1
6486	-1
6487	-1
6488	7680423
6489	-1
6490	-1
6491	7683465
6492	-1
6493	-1
6494	7686508
6495	-1
6496	-1
6497	7689551
6498	-1
6499	-1
6500	7692593
6501	-1
6502	-1
6503	7695636
6504	-1
6505	-1
6506	7698679
6507	-1
6508	-1
6509	7701721
6510	-1
6511	-1
6512	7704764
6513	-1
6514	-1
6515	7707807
6516	-1
6517	-1
6518	7710849
6519	-1
6520	-1
6521	7713892
6522	-1
6523	-1
6524	7716935
6525	-1
6526	-1
6527	7719977
6528	-1
6529	-1
6530	7723020
6531	-1
6532	-1
6533	7726063
6534	-1
6535	-1
6536	7729105
6537	-1
6538	-1
6539	7732148
6540	-1
6541	-1
6542	7735191
6543	-1
6544	-1
6545	7738233
6546	-1
6547	-1
6548	7741276
6549	-1
6550	-1
6551	7744319
6552	-1
6553	-1
6554	7747361
6555	-1
6556	-1
6557	7750404
6558	-1
6559	-1
6560	-1
6561	7753447
6562	-1
6563	-1
6564	7756489
6565	-1
6566	-1
6567	7759532
6568	-1
6569	-1
6570	7762575
6571	-1
6572	-1
6573	7765617
6574	-1
6575	-1
6576	7768660
6577	-1
6578	-1
6579	7771703
6580	-1
6581	-1
6582	7774745
6583	-1
6584	-1
6585	7777788
6586	-1
6587	-1
6588	7780831
6589	-1
6590	-1
6591	7783873
6592	-1
6593	-1
6594	7786916
6595	-1
6596	-1
6597	7789959
6598	-1
6599	-1
6600	7793001
6601	-1
6602	-1
6603	7796044
6604	-1
6605	-1
6606	7799087
6607	-1
6608	-1
6609	7802129
6610	-1
6611	-1
6612	7805172
6613	-1
6614	-1
6615	7808215
6616	-1
6617	-1
6618	7811257
6619	-1
6620	-1
6621	7814300
6622	-1
6623	-1
6624	7817343
6625	-1
6626	-1
6627	7820385
6628	-1
6629	-1
6630	-1
6631	7823428
6632	-1
6633	-1
6634	7826471
6635	-1
6636	-1
6637	7829513
6638	-1
6639	-1
6640	7832556
6641	-1
6642	-1
6643	7835599
6644	-1
6645	-1
6646	7838641
6647	-1
6648	-1
6649	7841684
6650	-1
6651	-1
6652	7844727
6653	-1
6654	-1
6655	7847769
6656	-1
6657	-1
6658	7850812
6659	-1
6660	-1
6661	7853855
6662	-1
6663	-1
6664	7856897
6665	-1
6666	-1
6667	7859940
6668	-1
6669	-1
6670	7862983
6671	-1
6672	-1
6673	7866025
6674	-1
6675	-1
6676	7869068
6677	-1
6678	-1
6679	7872111
6680	-1
6681	-1
6682	7875153
6683	-1
6684	-1
6685	7878196
6686	-1
6687	-1
6688	7881239
6689	-1
6690	-1
6691	7884281
6692	-1
6693	-1
6694	7887324
6695	-1
6696	-1
6697	7890367
6698	-1
6699	-1
6700	7893409
6701	-1
6702	-1
6703	-1
6704	7896452
6705	-1
6706	-1
6707	7899495
6708	-1
6709	-1
6710	7902537
6711	-1
6712	-1
6713	7905580
6714	-1
6715	-1
6716	7908623
6717	-1
6718	-1
6719	7911665
6720	-1
6721	-1
6722	7914708
6723	-1
6724	-1
6725	7917751
6726	-1
6727	-1
6728	7920793
6729	-1
6730	-1
6731	7923836
6732	-1
6733	-1
6734	7926879
6735	-1
6736	-1
6737	7929921
6738	-1
6739	-1
6740	7932964
6741	-1
6742	-1
6743	7936007
6744	-1
6745	-1
6746	7939049
6747	-1
6748	-1
6749	7942092
6750	-1
6751	-1
6752	7945135
6753	-1
6754	-1
6755	7948177
6756	-1
6757	-1
6758	7951220
6759	-1
6760	-1
6761	7954263
6762	-1
6763	-1
6764	7957305
6765	-1
6766	-1
6767	7960348
6768	-1
6769	-1
6770	7963391
6771	-1
6772	-1
6773	-1
6774	7966433
6775	-1
6776	-1
6777	7969476
6778	-1
6779	-1
6780	7972519
6781	-1
6782	-1
6783	7975561
6784	-1
6785	-1
6786	7978604
6787	-1
6788	-1
6789	7981647
6790	-1
6791	-1
6792	7984689
6793	-1
6794	-1
6795	7987732
6796	-1
6797	-1
6798	7990775
6799	-1
6800	-1
6801	7993817
6802	-1
6803	-1
6804	7996860
6805	-1
6806	-1
6807	7999903
6808	-1
6809	-1
6810	8002945
6811	-1
6812	-1
6813	8005988
6814	-1
6815	-1
6816	8009031
6817	-1
6818	-1
6819	8012073
6820	-1
6821	-1
6822	8015116
6823	-1
6824	-1
6825	8018159
6826	-1
6827	-1
6828	8021201
6829	-1
6830	-1
6831	8024244
6832	-1
6833	-1
6834	8027287
6835	-1
6836	-1
6837	8030329
6838	-1
6839	-1
6840	8033372
6841	-1
6842	-1
6843	-1
6844	8036415
6845	-1
6846	-1
6847	8039457
6848	-1
6849	-1
6850	8042500
6851	-1
6852	-1
6853	8045543
6854	-1
6855	-1
6856	8048585
6857	-1
6858	-1
6859	8051628
6860	-1
6861	-1
6862	8054671
6863	-1
6864	-1
6865	8057713
6866	-1
6867	-1
6868	8060756
6869	-1
6870	-1
6871	8063799
6872	-1
6873	-1
6874	8066841
6875	-1
6876	-1
6877	8069884
6878	-1
6879	-1
6880	8072927
6881	-1
6882	-1
6883	8075969
6884	-1
6885	-1
6886	8079012
6887	-1
6888	-1
6889	8082055
6890	-1
6891	-1
6892	8085097
6893	-1
6894	-1
6895	8088140
6896	-1
6897	-1
6898	8091183
6899	-1
6900	-1
6901	8094225
6902	-1
6903	-1
6904	8097268
6905	-1
6906	-1
6907	8100311
6908	-1
6909	-1
6910	8103353
6911	-1
6912	-1
6913	8106396
6914	-1
6915	-1
6916	-1
6917	8109439
6918	-1
6919	-1
6920	8112481
6921	-1
6922	-1
6923	8115524
6924	-1
6925	-1
6926	8118567
6927	-1
6928	-1
6929	8121609
6930	-1
6931	-1
6932	8124652
6933	-1
6934	-1
6935	8127695
6936	-1
6937	-1
6938	8130737
6939	-1
6940	-1
6941	8133780
6942	-1
6943	-1
6944	8136823
6945	-1
6946	-1
6947	8139865
6948	-1
6949	-1
6950	8142908
6951	-1
6952	-1
6953	8145951
6954	-1
6955	-1
6956	8148993
6957	-1
6958	-1
6959	8152036
6960	-1
6961	-1
6962	8155079
6963	-1
6964	-1
6965	8158121
6966	-1
6967	-1
6968	8161164
6969	-1
6970	-1
6971	8164207
6972	-1
6973	-1
6974	8167249
6975	-1
6976	-1
6977	8170292
6978	-1
6979	-1
6980	8173335
6981	-1
6982	-1
6983	8176377
6984	-1
6985	-1
6986	-1
6987	8179420
6988	-1
6989	-1
6990	8182463
6991	-1
6992	-1
6993	8185505
6994	-1
6995	-1
6996	8188548
6997	-1
6998	-1
6999	8191591
7000	-1
7001	-1
7002	8194633
7003	-1
7004	-1
7005	8197676
7006	-1
7007	-1
7008	8200719
7009	-1
7010	-1
7011	8203761
7012	-1
7013	-1
7014	8206804
7015	-1
7016	-1
7017	8209847
7018	-1
7019	-1
7020	8212889
7021	-1
7022	-1
7023	8215932
7024	-1
7025	-1
7026	8218975
7027	-1
7028	-1
7029	8222017
7030	-1
7031	-1
7032	8225060
7033	-1
7034	-1
7035	8228103
7036	-1
7037	-1
7038	8231145
7039	-1
7040	-1
7041	8234188
7042	-1
7043	-1
7044	8237231
7045	-1
7046	-1
7047	8240273
7048	-1
7049	-1
7050	8243316
7051	-1
7052	-1
7053	8246359
7054	-1
7055	-1
7056	8249401
7057	-1
7058	-1
7059	-1
7060	8252444
7061	-1
7062	-1
7063	8255487
7064	-1
7065	-1
7066	8258529
7067	-1
7068	-1
7069	8261572
7070	-1
7071	-1
7072	8264615
7073	-1
7074	-1
7075	8267657
7076	-1
7077	-1
7078	8270700
7079	-1
7080	-1
7081	8273743
7082	-1
7083	-1
7084	8276785
7085	-1
7086	-1
7087	8279828
7088	-1
7089	-1
7090	8282871
7091	-1
7092	-1
7093	8285913
7094	-1
7095	-1
7096	8288956
7097	-1
7098	-1
7099	8291999
7100	-1
7101	-1
7102	8295041
7103	-1
7104	-1
7105	8298084
7106	-1
7107	-1
7108	8301127
7109	-1
7110	-1
7111	8304169
7112	-1
7113	-1
7114	8307212
7115	-1
7116	-1
7117	8310255
7118	-1
7119	-1
7120	8313297
7121	-1
7122	-1
7123	8316340
7124	-1
7125	-1
7126	8319383
7127	-1
7128	-1
7129	-1
7130	8322425
7131	-1
7132	-1
7133	8325468
7134	-1
7135	-1
7136	8328511
7137	-1
7138	-1
7139	8331553
7140	-1
7141	-1
7142	8334596
7143	-1
7144	-1
7145	8337639
7146	-1
7147	-1
7148	8340681
7149	-1
7150	-1
7151	8343724
7152	-1
7153	-1
7154	8346767
7155	-1
7156	-1
7157	8349809
7158	-1
7159	-1
7160	8352852
7161	-1
7162	-1
7163	8355895
7164	-1
7165	-1
7166	8358937
7167	-1
7168	-1
7169	8361980
7170	-1
7171	-1
7172	8365023
7173	-1
7174	-1
7175	8368065
7176	-1
7177	-1
7178	8371108
7179	-1
7180	-1
7181	8374151
7182	-1
7183	-1
7184	8377193
7185	-1
7186	-1
7187	8380236
7188	-1
7189	-1
7190	8383279
7191	-1
7192	-1
7193	8386321
7194	-1
7195	-1
7196	8389364
7197	-1
7198	-1
7199	8392407
7200	-1
7201	-1
7202	-1
7203	8395449
7204	-1
7205	-1
7206	8398492
7207	-1
7208	-1
7209	8401535
7210	-1
7211	-1
7212	8404577
7213	-1
7214	-1
7215	8407620
7216	-1
7217	-1
7218	8410663
7219	-1
7220	-1
7221	8413705
7222	-1
7223	-1
7224	8416748
7225	-1
7226	-1
7227	8419791
7228	-1
7229	-1
7230	8422833
7231	-1
7232	-1
7233	8425876
7234	-1
7235	-1
7236	8428919
7237	-1
7238	-1
7239	8431961
7240	-1
7241	-1
7242	8435004
7243	-1
7244	-1
7245	8438047
7246	-1
7247	-1
7248	8441089
7249	-1
7250	-1
7251	8444132
7252	-1
7253	-1
7254	8447175
7255	-1
7256	-1
7257	8450217
7258	-1
7259	-1
7260	8453260
7261	-1
7262	-1
7263	8456303
7264	-1
7265	-1
7266	8459345
7267	-1
7268	-1
7269	8462388
7270	-1
7271	-1
7272	-1
7273	8465431
7274	-1
7275	-1
7276	8468473
7277	-1
7278	-1
7279	8471516
7280	-1
7281	-1
7282	8474559
7283	-1
7284	-1
7285	8477601
7286	-1
7287	-1
7288	8480644
7289	-1
7290	-1
7291	8483687
7292	-1
7293	-1
7294	8486729
7295	-1
7296	-1
7297	8489772
7298	-1
7299	-1
7300	8492815
7301	-1
7302	-1
7303	8495857
7304	-1
7305	-1
7306	8498900
7307	-1
7308	-1
7309	8501943
7310	-1
7311	-1
7312	8504985
7313	-1
7314	-1
7315	8508028
7316	-1
7317	-1
7318	8511071
7319	-1
7320	-1
7321	8514113
7322	-1
7323	-1
7324	8517156
7325	-1
7326	-1
7327	8520199
7328	-1
7329	-1
7330	8523241
7331	-1
7332	-1
7333	8526284
7334	-1
7335	-1
7336	8529327
7337	-1
7338	-1
7339	8532369
7340	-1
7341	-1
7342	-1
7343	8535412
7344	-1
7345	-1
7346	8538455
7347	-1
7348	-1
7349	8541497
7350	-1
7351	-1
7352	8544540
7353	-1
7354	-1
7355	8547583
7356	-1
7357	-1
7358	8550625
7359	-1
7360	-1
7361	8553668
7362	-1
7363	-1
7364	8556711
7365	-1
7366	-1
7367	8559753
7368	-1
7369	-1
7370	8562796
7371	-1
7372	-1
7373	8565839
7374	-1
7375	-1
7376	8568881
7377	-1
7378	-1
7379	8571924
7380	-1
7381	-1
7382	8574967
7383	-1
7384	-1
7385	8578009
7386	-1
7387	-1
7388	8581052
7389	-1
7390	-1
7391	8584095
7392	-1
7393	-1
7394	8587137
7395	-1
7396	-1
7397	8590180
7398	-1
7399	-1
7400	8593223
7401	-1
7402	-1
7403	8596265
7404	-1
7405	-1
7406	8599308
7407	-1
7408	-1
7409	8602351
7410	-1
7411	-1
7412	8605393
7413	-1
7414	-1
7415	-1
7416	8608436
7417	-1
7418	-1
7419	8611479
7420	-1
7421	-1
7422	8614521
7423	-1
7424	-1
7425	8617564
7426	-1
7427	-1
7428	8620607
7429	-1
7430	-1
7431	8623649
7432	-1
7433	-1
7434	8626692
7435	-1
7436	-1
7437	8629735
7438	-1
7439	-1
7440	8632777
7441	-1
7442	-1
7443	8635820
7444	-1
7445	-1
7446	8638863
7447	-1
7448	-1
7449	8641905
7450	-1
7451	-1
7452	8644948
7453	-1
7454	-1
7455	8647991
7456	-1
7457	-1
7458	8651033
7459	-1
7460	-1
7461	8654076
7462	-1
7463	-1
7464	8657119
7465	-1
7466	-1
7467	8660161
7468	-1
7469	-1
7470	8663204
7471	-1
7472	-1
7473	8666247
7474	-1
7475	-1
7476	8669289
7477	-1
7478	-1
7479	8672332
7480	-1
7481	-1
7482	8675375
7483	-1
7484	-1
7485	-1
7486	8678417
7487	-1
7488	-1
7489	8681460
7490	-1
7491	-1
7492	8684503
7493	-1
7494	-1
7495	8687545
7496	-1
7497	-1
7498	8690588
7499	-1
7500	-1
7501	8693631
7502	-1
7503	-1
7504	8696673
7505	-1
7506	-1
7507	8699716
7508	-1
7509	-1
7510	8702759
7511	-1
7512	-1
7513	8705801
7514	-1
7515	-1
7516	8708844
7517	-1
7518	-1
7519	8711887
7520	-1
7521	-1
7522	8714929
7523	-1
7524	-1
7525	8717972
7526	-1
7527	-1
7528	8721015
7529	-1
7530	-1
7531	8724057
7532	-1
7533	-1
7534	8727100
7535	-1
7536	-1
7537	8730143
7538	-1
7539	-1
7540	8733185
7541	-1
7542	-1
7543	8736228
7544	-1
7545	-1
7546	8739271
7547	-1
7548	-1
7549	8742313
7550	-1
7551	-1
7552	8745356
7553	-1
7554	-1
7555	8748399
7556	-1
7557	-1
7558	-1
7559	8751441
7560	-1
7561	-1
7562	8754484
7563	-1
7564	-1
7565	8757527
7566	-1
7567	-1
7568	8760569
7569	-1
7570	-1
7571	8763612
7572	-1
7573	-1
7574	8766655
7575	-1
7576	-1
7577	8769697
7578	-1
7579	-1
7580	8772740
7581	-1
7582	-1
7583	8775783
7584	-1
7585	-1
7586	8778825
7587	-1
7588	-1
7589	8781868
7590	-1
7591	-1
7592	8784911
7593	-1
7594	-1
7595	8787953
7596	-1
7597	-1
7598	8790996
7599	-1
7600	-1
7601	8794039
7602	-1
7603	-1
7604	8797081
7605	-1
7606	-1
7607	8800124
7608	-1
7609	-1
7610	8803167
7611	-1
7612	-1
7613	8806209
7614	-1
7615	-1
7616	8809252
7617	-1
7618	-1
7619	8812295
7620	-1
7621	-1
7622	8815337
7623	-1
7624	-1
7625	8818380
7626	-1
7627	-1
7628	-1
7629	8821423
7630	-1
7631	-1
7632	8824465
7633	-1
7634	-1
7635	8827508
7636	-1
7637	-1
7638	8830551
7639	-1
7640	-1
7641	8833593
7642	-1
7643	-1
7644	8836636
7645	-1
7646	-1
7647	8839679
7648	-1
7649	-1
7650	8842721
7651	-1
7652	-1
7653	8845764
7654	-1
7655	-1
7656	8848807
7657	-1
7658	-1
7659	8851849
7660	-1
7661	-1
7662	8854892
7663	-1
7664	-1
7665	8857935
7666	-1
7667	-1
7668	8860977
7669	-1
7670	-1
7671	8864020
7672	-1
7673	-1
7674	8867063
7675	-1
7676	-1
7677	8870105
7678	-1
7679	-1
7680	8873148
7681	-1
7682	-1
7683	8876191
7684	-1
7685	-1
7686	8879233
7687	-1
7688	-1
7689	8882276
7690	-1
7691	-1
7692	8885319
7693	-1
7694	-1
7695	8888361
7696	-1
7697	-1
7698	8891404
7699	-1
7700	-1
7701	-1
7702	8894447
7703	-1
7704	-1
7705	8897489
7706	-1
7707	-1
7708	8900532
7709	-1
7710	-1
7711	8903575
7712	-1
7713	-1
7714	8906617
7715	-1
7716	-1
7717	8909660
7718	-1
7719	-1
7720	8912703
7721	-1
7722	-1
7723	8915745
7724	-1
7725	-1
7726	8918788
7727	-1
7728	-1
7729	8921831
7730	-1
7731	-1
7732	8924873
7733	-1
7734	-1
7735	8927916
7736	-1
7737	-1
7738	8930959
7739	-1
7740	-1
7741	8934001
7742	-1
7743	-1
7744	8937044
7745	-1
7746	-1
7747	8940087
7748	-1
7749	-1
7750	8943129
7751	-1
7752	-1
7753	8946172
7754	-1
7755	-1
7756	8949215
7757	-1
7758	-1
7759	8952257
7760	-1
7761	-1
7762	8955300
7763	-1
7764	-1
7765	8958343
7766	-1
7767	-1
7768	8961385
7769	-1
7770	-1
7771	-1
7772	8964428
7773	-1
7774	-1
7775	8967471
7776	-1
7777	-1
7778	8970513
7779	-1
7780	-1
7781	8973556
7782	-1
7783	-1
7784	8976599
7785	-1
7786	-1
7787	8979641
7788	-1
7789	-1
7790	8982684
7791	-1
7792	-1
7793	8985727
7794	-1
7795	-1
7796	8988769
7797	-1
7798	-1
7799	8991812
7800	-1
7801	-1
7802	8994855
7803	-1
7804	-1
7805	8997897
7806	-1
7807	-1
7808	9000940
7809	-1
7810	-1
7811	9003983
7812	-1
7813	-1
7814	9007025
7815	-1
7816	-1
7817	9010068
7818	-1
7819	-1
7820	9013111
7821	-1
7822	-1
7823	9016153
7824	-1
7825	-1
7826	9019196
7827	-1
7828	-1
7829	9022239
7830	-1
7831	-1
7832	9025281
7833	-1
7834	-1
7835	9028324
7836	-1
7837	-1
7838	9031367
7839	-1
7840	-1
7841	9034409
7842	-1
7843	-1
7844	-1
7845	9037452
7846	-1
7847	-1
7848	9040495
7849	-1
7850	-1
7851	9043537
7852	-1
7853	-1
7854	9046580
7855	-1
7856	-1
7857	9049623
7858	-1
7859	-1
7860	9052665
7861	-1
7862	-1
7863	9055708
7864	-1
7865	-1
7866	9058751
7867	-1
7868	-1
7869	9061793
7870	-1
7871	-1
7872	9064836
7873	-1
7874	-1
7875	9067879
7876	-1
7877	-1
7878	9070921
7879	-1
7880	-1
7881	9073964
7882	-1
7883	-1
7884	9077007
7885	-1
7886	-1
7887	9080049
7888	-1
7889	-1
7890	9083092
7891	-1
7892	-1
7893	9086135
7894	-1
7895	-1
7896	9089177
7897	-1
7898	-1
7899	9092220
7900	-1
7901	-1
7902	9095263
7903	-1
7904	-1
7905	9098305
7906	-1
7907	-1
7908	9101348
7909	-1
7910	-1
7911	9104391
7912	-1
7913	-1
7914	-1
7915	9107433
7916	-1
7917	-1
7918	9110476
7919	-1
7920	-1
7921	9113519
7922	-1
7923	-1
7924	9116561
7925	-1
7926	-1
7927	9119604
7928	-1
7929	-1
7930	9122647
7931	-1
7932	-1
7933	9125689
7934	-1
7935	-1
7936	9128732
7937	-1
7938	-1
7939	9131775
7940	-1
7941	-1
7942	9134817
7943	-1
7944	-1
7945	9137860
7946	-1
7947	-1
7948	9140903
7949	-1
7950	-1
7951	9143945
7952	-1
7953	-1
7954	9146988
7955	-1
7956	-1
7957	9150031
7958	-1
7959	-1
7960	9153073
7961	-1
7962	-1
7963	9156116
7964	-1
7965	-1
7966	9159159
7967	-1
7968	-1
7969	9162201
7970	-1
7971	-1
7972	9165244
7973	-1
7974	-1
7975	9168287
7976	-1
7977	-1
7978	9171329
7979	-1
7980	-1
7981	9174372
7982	-1
7983	-1
7984	-1
7985	9177415
7986	-1
7987	-1
7988	9180457
7989	-1
7990	-1
7991	9183500
7992	-1
7993	-1
7994	9186543
7995	-1
7996	-1
7997	9189585
7998	-1
7999	-1
