0	1008995
1	1010136
2	1011277
3	1012418
4	1013559
5	1014700
6	1015841
7	1016982
8	-1
9	1018123
10	1019264
11	1020405
12	1021546
13	1022687
14	1023828
15	1024969
16	-1
17	1026110
18	1027251
19	1028392
20	1029533
21	1030674
22	1031815
23	1032956
24	-1
25	1034097
26	1035238
27	1036379
28	1037520
29	1038661
30	1039802
31	1040943
32	1042084
33	-1
34	1043225
35	1044366
36	1045507
37	1046648
38	1047789
39	1048930
40	1050071
41	-1
42	1051212
43	1052353
44	1053494
45	1054635
46	1055776
47	1056917
48	1058058
49	-1
50	1059199
51	1060340
52	1061481
53	1062622
54	1063763
55	1064904
56	1066045
57	-1
58	1067186
59	1068327
60	1069468
61	1070609
62	1071750
63	1072891
64	1074032
65	-1
66	1075173
67	1076314
68	1077455
69	1078596
70	1079737
71	1080878
72	1082019
73	-1
74	1083160
75	1084301
76	1085442
77	1086583
78	1087724
79	1088865
80	1090006
81	-1
82	1091147
83	1092288
84	1093429
85	1094570
86	1095711
87	1096852
88	1097993
89	-1
90	1099134
91	1100275
92	1101416
93	1102557
94	1103698
95	1104839
96	1105980
97	-1
98	1107121
99	1108262
100	1109403
101	1110544
102	1111685
103	1112826
104	1113967
105	-1
106	1115108
107	1116249
108	1117390
109	1118531
110	1119672
111	1120813
112	1121954
113	-1
114	1123095
115	1124236
116	1125377
117	1126518
118	1127659
119	1128800
120	1129941
121	1131082
122	-1
123	1132223
124	1133364
125	1134505
126	1135646
127	1136787
128	1137928
129	1139069
130	-1
131	1140210
132	1141351
133	1142492
134	1143633
135	1144774
136	1145915
137	1147056
138	-1
139	1148197
140	1149338
141	1150479
142	1151620
143	1152761
144	1153902
145	1155043
146	-1
147	1156184
148	1157325
149	1158466
150	1159607
151	1160748
152	1161889
153	1163030
154	-1
155	1164171
156	1165312
157	1166453
158	1167594
159	1168735
160	1169876
161	1171017
162	-1
163	1172158
164	1173299
165	1174440
166	1175581
167	1176722
168	1177863
169	1179004
170	-1
171	1180145
172	1181286
173	1182427
174	1183568
175	1184709
176	1185850
177	1186991
178	-1
179	1188132
180	1189273
181	1190414
182	1191555
183	1192696
184	1193837
185	1194978
186	-1
187	1196119
188	1197260
189	1198401
190	1199542
191	1200683
192	1201824
193	1202965
194	-1
195	1204106
196	1205247
197	1206388
198	1207529
199	1208670
200	1209811
201	1210952
202	-1
203	1212093
204	1213234
205	1214375
206	1215516
207	1216657
208	1217798
209	1218939
210	1220080
211	-1
212	1221221
213	1222362
214	1223503
215	1224644
216	1225785
217	1226926
218	1228067
219	-1
220	1229208
221	1230349
222	1231490
223	1232631
224	1233772
225	1234913
226	1236054
227	-1
228	1237195
229	1238336
230	1239477
231	1240618
232	1241759
233	1242900
234	1244041
235	-1
236	1245182
237	1246323
238	1247464
239	1248605
240	1249746
241	1250887
242	1252028
243	-1
244	1253169
245	1254310
246	1255451
247	1256592
248	1257733
249	1258874
250	1260015
251	-1
252	1261156
253	1262297
254	1263438
255	1264579
256	1265720
257	1266861
258	1268002
259	-1
260	1269143
261	1270284
262	1271425
263	1272566
264	1273707
265	1274848
266	1275989
267	-1
268	1277130
269	1278271
270	1279412
271	1280553
272	1281694
273	1282835
274	1283976
275	-1
276	1285117
277	1286258
278	1287399
279	1288540
280	1289681
281	1290822
282	1291963
283	-1
284	1293104
285	1294245
286	1295386
287	1296527
288	1297668
289	1298809
290	1299950
291	-1
292	1301091
293	1302232
294	1303373
295	1304514
296	1305655
297	1306796
298	1307937
299	1309078
300	-1
301	1310219
302	1311360
303	1312501
304	1313642
305	1314783
306	1315924
307	1317065
308	-1
309	1318206
310	1319347
311	1320488
312	1321629
313	1322770
314	1323911
315	1325052
316	-1
317	1326193
318	1327334
319	1328475
320	1329616
321	1330757
322	1331898
323	1333039
324	-1
325	1334180
326	1335321
327	1336462
328	1337603
329	1338744
330	1339885
331	1341026
332	-1
333	1342167
334	1343308
335	1344449
336	1345590
337	1346731
338	1347872
339	1349013
340	-1
341	1350154
342	1351295
343	1352436
344	1353577
345	1354718
346	1355859
347	1357000
348	-1
349	1358141
350	1359282
351	1360423
352	1361564
353	1362705
354	1363846
355	1364987
356	-1
357	1366128
358	1367269
359	1368410
360	1369551
361	1370692
362	1371833
363	1372974
364	-1
365	1374115
366	1375256
367	1376397
368	1377538
369	1378679
370	1379820
371	1380961
372	-1
373	1382102
374	1383243
375	1384384
376	1385525
377	1386666
378	1387807
379	1388948
380	1390089
381	-1
382	1391230
383	1392371
384	1393512
385	1394653
386	1395794
387	1396935
388	1398076
389	-1
390	1399217
391	1400358
392	1401499
393	1402640
394	1403781
395	1404922
396	1406063
397	-1
398	1407204
399	1408345
400	1409486
401	1410627
402	1411768
403	1412909
404	1414050
405	-1
406	1415191
407	1416332
408	1417473
409	1418614
410	1419755
411	1420896
412	1422037
413	-1
414	1423178
415	1424319
416	1425460
417	1426601
418	1427742
419	1428883
420	1430024
421	-1
422	1431165
423	1432306
424	1433447
425	1434588
426	1435729
427	1436870
428	1438011
429	-1
430	1439152
431	1440293
432	1441434
433	1442575
434	1443716
435	1444857
436	1445998
437	-1
438	1447139
439	1448280
440	1449421
441	1450562
442	1451703
443	1452844
444	1453985
445	-1
446	1455126
447	1456267
448	1457408
449	1458549
450	1459690
451	1460831
452	1461972
453	-1
454	1463113
455	1464254
456	1465395
457	1466536
458	1467677
459	1468818
460	1469959
461	-1
462	1471100
463	1472241
464	1473382
465	1474523
466	1475664
467	1476805
468	1477946
469	1479087
470	-1
471	1480228
472	1481369
473	1482510
474	1483651
475	1484792
476	1485933
477	1487074
478	-1
479	1488215
480	1489356
481	1490497
482	1491638
483	1492779
484	1493920
485	1495061
486	-1
487	1496202
488	1497343
489	1498484
490	1499625
491	1500766
492	1501907
493	1503048
494	-1
495	1504189
496	1505330
497	1506471
498	1507612
499	1508753
500	1509894
501	1511035
502	-1
503	1512176
504	1513317
505	1514458
506	1515599
507	1516740
508	1517881
509	1519022
510	-1
511	1520163
512	1521304
513	1522445
514	1523586
515	1524727
516	1525868
517	1527009
518	-1
519	1528150
520	1529291
521	1530432
522	1531573
523	1532714
524	1533855
525	1534996
526	-1
527	1536137
528	1537278
529	1538419
530	1539560
531	1540701
532	1541842
533	1542983
534	-1
535	1544124
536	1545265
537	1546406
538	1547547
539	1548688
540	1549829
541	1550970
542	-1
543	1552111
544	1553252
545	1554393
546	1555534
547	1556675
548	1557816
549	1558957
550	-1
551	1560098
552	1561239
553	1562380
554	1563521
555	1564662
556	1565803
557	1566944
558	1568085
559	-1
560	1569226
561	1570367
562	1571508
563	1572649
564	1573790
565	1574931
566	1576072
567	-1
568	1577213
569	1578354
570	1579495
571	1580636
572	1581777
573	1582918
574	1584059
575	-1
576	1585200
577	1586341
578	1587482
579	1588623
580	1589764
581	1590905
582	1592046
583	-1
584	1593187
585	1594328
586	1595469
587	1596610
588	1597751
589	1598892
590	1600033
591	-1
592	1601174
593	1602315
594	1603456
595	1604597
596	1605738
597	1606879
598	1608020
599	-1
600	1609161
601	1610302
602	1611443
603	1612584
604	1613725
605	1614866
606	1616007
607	-1
608	1617148
609	1618289
610	1619430
611	1620571
612	1621712
613	1622853
614	1623994
615	-1
616	1625135
617	1626276
618	1627417
619	1628558
620	1629699
621	1630840
622	1631981
623	-1
624	1633122
625	1634263
626	1635404
627	1636545
628	1637686
629	1638827
630	1639968
631	-1
632	1641109
633	1642250
634	1643391
635	1644532
636	1645673
637	1646814
638	1647955
639	-1
640	1649096
641	1650237
642	1651378
643	1652519
644	1653660
645	1654801
646	1655942
647	1657083
648	-1
649	1658224
650	1659365
651	1660506
652	1661647
653	1662788
654	1663929
655	1665070
656	-1
657	1666211
658	1667352
659	1668493
660	1669634
661	1670775
662	1671916
663	1673057
664	-1
665	1674198
666	1675339
667	1676480
668	1677621
669	1678762
670	1679903
671	1681044
672	-1
673	1682185
674	1683326
675	1684467
676	1685608
677	1686749
678	1687890
679	1689031
680	-1
681	1690172
682	1691313
683	1692454
684	1693595
685	1694736
686	1695877
687	1697018
688	-1
689	1698159
690	1699300
691	1700441
692	1701582
693	1702723
694	1703864
695	1705005
696	-1
697	1706146
698	1707287
699	1708428
700	1709569
701	1710710
702	1711851
703	1712992
704	-1
705	1714133
706	1715274
707	1716415
708	1717556
709	1718697
710	1719838
711	1720979
712	-1
713	1722120
714	1723261
715	1724402
716	1725543
717	1726684
718	1727825
719	1728966
720	-1
721	1730107
722	1731248
723	1732389
724	1733530
725	1734671
726	1735812
727	1736953
728	-1
729	1738094
730	1739235
731	1740376
732	1741517
733	1742658
734	1743799
735	1744940
736	1746081
737	-1
738	1747222
739	1748363
740	1749504
741	1750645
742	1751786
743	1752927
744	1754068
745	-1
746	1755209
747	1756350
748	1757491
749	1758632
750	1759773
751	1760914
752	1762055
753	-1
754	1763196
755	1764337
756	1765478
757	1766619
758	1767760
759	1768901
760	1770042
761	-1
762	1771183
763	1772324
764	1773465
765	1774606
766	1775747
767	1776888
768	1778029
769	-1
770	1779170
771	1780311
772	1781452
773	1782593
774	1783734
775	1784875
776	1786016
777	-1
778	1787157
779	1788298
780	1789439
781	1790580
782	1791721
783	1792862
784	1794003
785	-1
786	1795144
787	1796285
788	1797426
789	1798567
790	1799708
791	1800849
792	1801990
793	-1
794	1803131
795	1804272
796	1805413
797	1806554
798	1807695
799	1808836
800	1809977
801	-1
802	1811118
803	1812259
804	1813400
805	1814541
806	1815682
807	1816823
808	1817964
809	-1
810	1819105
811	1820246
812	1821387
813	1822528
814	1823669
815	1824810
816	1825951
817	-1
818	1827092
819	1828233
820	1829374
821	1830515
822	1831656
823	1832797
824	1833938
825	1835079
826	-1
827	1836220
828	1837361
829	1838502
830	1839643
831	1840784
832	1841925
833	1843066
834	-1
835	1844207
836	1845348
837	1846489
838	1847630
839	1848771
840	1849912
841	1851053
842	-1
843	1852194
844	1853335
845	1854476
846	1855617
847	1856758
848	1857899
849	1859040
850	-1
851	1860181
852	1861322
853	1862463
854	1863604
855	1864745
856	1865886
857	1867027
858	-1
859	1868168
860	1869309
861	1870450
862	1871591
863	1872732
864	1873873
865	1875014
866	-1
867	1876155
868	1877296
869	1878437
870	1879578
871	1880719
872	1881860
873	1883001
874	-1
875	1884142
876	1885283
877	1886424
878	1887565
879	1888706
880	1889847
881	1890988
882	-1
883	1892129
884	1893270
885	1894411
886	1895552
887	1896693
888	1897834
889	1898975
890	-1
891	1900116
892	1901257
893	1902398
894	1903539
895	1904680
896	1905821
897	1906962
898	-1
899	1908103
900	1909244
901	1910385
902	1911526
903	1912667
904	1913808
905	1914949
906	-1
907	1916090
908	1917231
909	1918372
910	1919513
911	1920654
912	1921795
913	1922936
914	1924077
915	-1
916	1925218
917	1926359
918	1927500
919	1928641
920	1929782
921	1930923
922	1932064
923	-1
924	1933205
925	1934346
926	1935487
927	1936628
928	1937769
929	1938910
930	1940051
931	-1
932	1941192
933	1942333
934	1943474
935	1944615
936	1945756
937	1946897
938	1948038
939	-1
940	1949179
941	1950320
942	1951461
943	1952602
944	1953743
945	1954884
946	1956025
947	-1
948	1957166
949	1958307
950	1959448
951	1960589
952	1961730
953	1962871
954	1964012
955	-1
956	1965153
957	1966294
958	1967435
959	1968576
960	1969717
961	1970858
962	1971999
963	-1
964	1973140
965	1974281
966	1975422
967	1976563
968	1977704
969	1978845
970	1979986
971	-1
972	1981127
973	1982268
974	1983409
975	1984550
976	1985691
977	1986832
978	1987973
979	-1
980	1989114
981	1990255
982	1991396
983	1992537
984	1993678
985	1994819
986	1995960
987	-1
988	1997101
989	1998242
990	1999383
991	2000524
992	2001665
993	2002806
994	2003947
995	2005088
996	-1
997	2006229
998	2007370
999	2008511
1000	2009652
1001	2010793
1002	2011934
1003	2013075
1004	-1
1005	2014216
1006	2015357
1007	2016498
1008	2017639
1009	2018780
1010	2019921
1011	2021062
1012	-1
1013	2022203
1014	2023344
1015	2024485
1016	2025626
1017	2026767
1018	2027908
1019	2029049
1020	-1
1021	2030190
1022	2031331
1023	2032472
1024	2033613
1025	2034754
1026	2035895
1027	2037036
1028	-1
1029	2038177
1030	2039318
1031	2040459
1032	2041600
1033	2042741
1034	2043882
1035	2045023
1036	-1
1037	2046164
1038	2047305
1039	2048446
1040	2049587
1041	2050728
1042	2051869
1043	2053010
1044	-1
1045	2054151
1046	2055292
1047	2056433
1048	2057574
1049	2058715
1050	2059856
1051	2060997
1052	-1
1053	2062138
1054	2063279
1055	2064420
1056	2065561
1057	2066702
1058	2067843
1059	2068984
1060	-1
1061	2070125
1062	2071266
1063	2072407
1064	2073548
1065	2074689
1066	2075830
1067	2076971
1068	-1
1069	2078112
1070	2079253
1071	2080394
1072	2081535
1073	2082676
1074	2083817
1075	2084958
1076	-1
1077	2086099
1078	2087240
1079	2088381
1080	2089522
1081	2090663
1082	2091804
1083	2092945
1084	2094086
1085	-1
1086	2095227
1087	2096368
1088	2097509
1089	2098650
1090	2099791
1091	2100932
1092	2102073
1093	-1
1094	2103214
1095	2104355
1096	2105496
1097	2106637
1098	2107778
1099	2108919
1100	2110060
1101	-1
1102	2111201
1103	2112342
1104	2113483
1105	2114624
1106	2115765
1107	2116906
1108	2118047
1109	-1
1110	2119188
1111	2120329
1112	2121470
1113	2122611
1114	2123752
1115	2124893
1116	2126034
1117	-1
1118	2127175
1119	2128316
1120	2129457
1121	2130598
1122	2131739
1123	2132880
1124	2134021
1125	-1
1126	2135162
1127	2136303
1128	2137444
1129	2138585
1130	2139726
1131	2140867
1132	2142008
1133	-1
1134	2143149
1135	2144290
1136	2145431
1137	2146572
1138	2147713
1139	2148854
1140	2149995
1141	-1
1142	2151136
1143	2152277
1144	2153418
1145	2154559
1146	2155700
1147	2156841
1148	2157982
1149	-1
1150	2159123
1151	2160264
1152	2161405
1153	2162546
1154	2163687
1155	2164828
1156	2165969
1157	-1
1158	2167110
1159	2168251
1160	2169392
1161	2170533
1162	2171674
1163	2172815
1164	2173956
1165	-1
1166	2175097
1167	2176238
1168	2177379
1169	2178520
1170	2179661
1171	2180802
1172	2181943
1173	2183084
1174	-1
1175	2184225
1176	2185366
1177	2186507
1178	2187648
1179	2188789
1180	2189930
1181	2191071
1182	-1
1183	2192212
1184	2193353
1185	2194494
1186	2195635
1187	2196776
1188	2197917
1189	2199058
1190	-1
1191	2200199
1192	2201340
1193	2202481
1194	2203622
1195	2204763
1196	2205904
1197	2207045
1198	-1
1199	2208186
1200	2209327
1201	2210468
1202	2211609
1203	2212750
1204	2213891
1205	2215032
1206	-1
1207	2216173
1208	2217314
1209	2218455
1210	2219596
1211	2220737
1212	2221878
1213	2223019
1214	-1
1215	2224160
1216	2225301
1217	2226442
1218	2227583
1219	2228724
1220	2229865
1221	2231006
1222	-1
1223	2232147
1224	2233288
1225	2234429
1226	2235570
1227	2236711
1228	2237852
1229	2238993
1230	-1
1231	2240134
1232	2241275
1233	2242416
1234	2243557
1235	2244698
1236	2245839
1237	2246980
1238	-1
1239	2248121
1240	2249262
1241	2250403
1242	2251544
1243	2252685
1244	2253826
1245	2254967
1246	-1
1247	2256108
1248	2257249
1249	2258390
1250	2259531
1251	2260672
1252	2261813
1253	2262954
1254	-1
1255	2264095
1256	2265236
1257	2266377
1258	2267518
1259	2268659
1260	2269800
1261	2270941
1262	2272082
1263	-1
1264	2273223
1265	2274364
1266	2275505
1267	2276646
1268	2277787
1269	2278928
1270	2280069
1271	-1
1272	2281210
1273	2282351
1274	2283492
1275	2284633
1276	2285774
1277	2286915
1278	2288056
1279	-1
1280	2289197
1281	2290338
1282	2291479
1283	2292620
1284	2293761
1285	2294902
1286	2296043
1287	-1
1288	2297184
1289	2298325
1290	2299466
1291	2300607
1292	2301748
1293	2302889
1294	2304030
1295	-1
1296	2305171
1297	2306312
1298	2307453
1299	2308594
1300	2309735
1301	2310876
1302	2312017
1303	-1
1304	2313158
1305	2314299
1306	2315440
1307	2316581
1308	2317722
1309	2318863
1310	2320004
1311	-1
1312	2321145
1313	2322286
1314	2323427
1315	2324568
1316	2325709
1317	2326850
1318	2327991
1319	-1
1320	2329132
1321	2330273
1322	2331414
1323	2332555
1324	2333696
1325	2334837
1326	2335978
1327	-1
1328	2337119
1329	2338260
1330	2339401
1331	2340542
1332	2341683
1333	2342824
1334	2343965
1335	-1
1336	2345106
1337	2346247
1338	2347388
1339	2348529
1340	2349670
1341	2350811
1342	2351952
1343	-1
1344	2353093
1345	2354234
1346	2355375
1347	2356516
1348	2357657
1349	2358798
1350	2359939
1351	2361080
1352	-1
1353	2362221
1354	2363362
1355	2364503
1356	2365644
1357	2366785
1358	2367926
1359	2369067
1360	-1
1361	2370208
1362	2371349
1363	2372490
1364	2373631
1365	2374772
1366	2375913
1367	2377054
1368	-1
1369	2378195
1370	2379336
1371	2380477
1372	2381618
1373	2382759
1374	2383900
1375	2385041
1376	-1
1377	2386182
1378	2387323
1379	2388464
1380	2389605
1381	2390746
1382	2391887
1383	2393028
1384	-1
1385	2394169
1386	2395310
1387	2396451
1388	2397592
1389	2398733
1390	2399874
1391	2401015
1392	-1
1393	2402156
1394	2403297
1395	2404438
1396	2405579
1397	2406720
1398	2407861
1399	2409002
1400	-1
1401	2410143
1402	2411284
1403	2412425
1404	2413566
1405	2414707
1406	2415848
1407	2416989
1408	-1
1409	2418130
1410	2419271
1411	2420412
1412	2421553
1413	2422694
1414	2423835
1415	2424976
1416	-1
1417	2426117
1418	2427258
1419	2428399
1420	2429540
1421	2430681
1422	2431822
1423	2432963
1424	-1
1425	2434104
1426	2435245
1427	2436386
1428	2437527
1429	2438668
1430	2439809
1431	2440950
1432	-1
1433	2442091
1434	2443232
1435	2444373
1436	2445514
1437	2446655
1438	2447796
1439	2448937
1440	2450078
1441	-1
1442	2451219
1443	2452360
1444	2453501
1445	2454642
1446	2455783
1447	2456924
1448	2458065
1449	-1
1450	2459206
1451	2460347
1452	2461488
1453	2462629
1454	2463770
1455	2464911
1456	2466052
1457	-1
1458	2467193
1459	2468334
1460	2469475
1461	2470616
1462	2471757
1463	2472898
1464	2474039
1465	-1
1466	2475180
1467	2476321
1468	2477462
1469	2478603
1470	2479744
1471	2480885
1472	2482026
1473	-1
1474	2483167
1475	2484308
1476	2485449
1477	2486590
1478	2487731
1479	2488872
1480	2490013
1481	-1
1482	2491154
1483	2492295
1484	2493436
1485	2494577
1486	2495718
1487	2496859
1488	2498000
1489	-1
1490	2499141
1491	2500282
1492	2501423
1493	2502564
1494	2503705
1495	2504846
1496	2505987
1497	-1
1498	2507128
1499	2508269
1500	2509410
1501	2510551
1502	2511692
1503	2512833
1504	2513974
1505	-1
1506	2515115
1507	2516256
1508	2517397
1509	2518538
1510	2519679
1511	2520820
1512	2521961
1513	-1
1514	2523102
1515	2524243
1516	2525384
1517	2526525
1518	2527666
1519	2528807
1520	2529948
1521	2531089
1522	-1
1523	2532230
1524	2533371
1525	2534512
1526	2535653
1527	2536794
1528	2537935
1529	2539076
1530	-1
1531	2540217
1532	2541358
1533	2542499
1534	2543640
1535	2544781
1536	2545922
1537	2547063
1538	-1
1539	2548204
1540	2549345
1541	2550486
1542	2551627
1543	2552768
1544	2553909
1545	2555050
1546	-1
1547	2556191
1548	2557332
1549	2558473
1550	2559614
1551	2560755
1552	2561896
1553	2563037
1554	-1
1555	2564178
1556	2565319
1557	2566460
1558	2567601
1559	2568742
1560	2569883
1561	2571024
1562	-1
1563	2572165
1564	2573306
1565	2574447
1566	2575588
1567	2576729
1568	2577870
1569	2579011
1570	-1
1571	2580152
1572	2581293
1573	2582434
1574	2583575
1575	2584716
1576	2585857
1577	2586998
1578	-1
1579	2588139
1580	2589280
1581	2590421
1582	2591562
1583	2592703
1584	2593844
1585	2594985
1586	-1
1587	2596126
1588	2597267
1589	2598408
1590	2599549
1591	2600690
1592	2601831
1593	2602972
1594	-1
1595	2604113
1596	2605254
1597	2606395
1598	2607536
1599	2608677
1600	2609818
1601	2610959
1602	-1
1603	2612100
1604	2613241
1605	2614382
1606	2615523
1607	2616664
1608	2617805
1609	2618946
1610	2620087
1611	-1
1612	2621228
1613	2622369
1614	2623510
1615	2624651
1616	2625792
1617	2626933
1618	2628074
1619	-1
1620	2629215
1621	2630356
1622	2631497
1623	2632638
1624	2633779
1625	2634920
1626	2636061
1627	-1
1628	2637202
1629	2638343
1630	2639484
1631	2640625
1632	2641766
1633	2642907
1634	2644048
1635	-1
1636	2645189
1637	2646330
1638	2647471
1639	2648612
1640	2649753
1641	2650894
1642	2652035
1643	-1
1644	2653176
1645	2654317
1646	2655458
1647	2656599
1648	2657740
1649	2658881
1650	2660022
1651	-1
1652	2661163
1653	2662304
1654	2663445
1655	2664586
1656	2665727
1657	2666868
1658	2668009
1659	-1
1660	2669150
1661	2670291
1662	2671432
1663	2672573
1664	2673714
1665	2674855
1666	2675996
1667	-1
1668	2677137
1669	2678278
1670	2679419
1671	2680560
1672	2681701
1673	2682842
1674	2683983
1675	-1
1676	2685124
1677	2686265
1678	2687406
1679	2688547
1680	2689688
1681	2690829
1682	2691970
1683	-1
1684	2693111
1685	2694252
1686	2695393
1687	2696534
1688	2697675
1689	2698816
1690	2699957
1691	-1
1692	2701098
1693	2702239
1694	2703380
1695	2704521
1696	2705662
1697	2706803
1698	2707944
1699	2709085
1700	-1
1701	2710226
1702	2711367
1703	2712508
1704	2713649
1705	2714790
1706	2715931
1707	2717072
1708	-1
1709	2718213
1710	2719354
1711	2720495
1712	2721636
1713	2722777
1714	2723918
1715	2725059
1716	-1
1717	2726200
1718	2727341
1719	2728482
1720	2729623
1721	2730764
1722	2731905
1723	2733046
1724	-1
1725	2734187
1726	2735328
1727	2736469
1728	2737610
1729	2738751
1730	2739892
1731	2741033
1732	-1
1733	2742174
1734	2743315
1735	2744456
1736	2745597
1737	2746738
1738	2747879
1739	2749020
1740	-1
1741	2750161
1742	2751302
1743	2752443
1744	2753584
1745	2754725
1746	2755866
1747	2757007
1748	-1
1749	2758148
1750	2759289
1751	2760430
1752	2761571
1753	2762712
1754	2763853
1755	2764994
1756	-1
1757	2766135
1758	2767276
1759	2768417
1760	2769558
1761	2770699
1762	2771840
1763	2772981
1764	-1
1765	2774122
1766	2775263
1767	2776404
1768	2777545
1769	2778686
1770	2779827
1771	2780968
1772	-1
1773	2782109
1774	2783250
1775	2784391
1776	2785532
1777	2786673
1778	2787814
1779	2788955
1780	-1
1781	2790096
1782	2791237
1783	2792378
1784	2793519
1785	2794660
1786	2795801
1787	2796942
1788	2798083
1789	-1
1790	2799224
1791	2800365
1792	2801506
1793	2802647
1794	2803788
1795	2804929
1796	2806070
1797	-1
1798	2807211
1799	2808352
1800	2809493
1801	2810634
1802	2811775
1803	2812916
1804	2814057
1805	-1
1806	2815198
1807	2816339
1808	2817480
1809	2818621
1810	2819762
1811	2820903
1812	2822044
1813	-1
1814	2823185
1815	2824326
1816	2825467
1817	2826608
1818	2827749
1819	2828890
1820	2830031
1821	-1
1822	2831172
1823	2832313
1824	2833454
1825	2834595
1826	2835736
1827	2836877
1828	2838018
1829	-1
1830	2839159
1831	2840300
1832	2841441
1833	2842582
1834	2843723
1835	2844864
1836	2846005
1837	-1
1838	2847146
1839	2848287
1840	2849428
1841	2850569
1842	2851710
1843	2852851
1844	2853992
1845	-1
1846	2855133
1847	2856274
1848	2857415
1849	2858556
1850	2859697
1851	2860838
1852	2861979
1853	-1
1854	2863120
1855	2864261
1856	2865402
1857	2866543
1858	2867684
1859	2868825
1860	2869966
1861	-1
1862	2871107
1863	2872248
1864	2873389
1865	2874530
1866	2875671
1867	2876812
1868	2877953
1869	-1
1870	2879094
1871	2880235
1872	2881376
1873	2882517
1874	2883658
1875	2884799
1876	2885940
1877	2887081
1878	-1
1879	2888222
1880	2889363
1881	2890504
1882	2891645
1883	2892786
1884	2893927
1885	2895068
1886	-1
1887	2896209
1888	2897350
1889	2898491
1890	2899632
1891	2900773
1892	2901914
1893	2903055
1894	-1
1895	2904196
1896	2905337
1897	2906478
1898	2907619
1899	2908760
1900	2909901
1901	2911042
1902	-1
1903	2912183
1904	2913324
1905	2914465
1906	2915606
1907	2916747
1908	2917888
1909	2919029
1910	-1
1911	2920170
1912	2921311
1913	2922452
1914	2923593
1915	2924734
1916	2925875
1917	2927016
1918	-1
1919	2928157
1920	2929298
1921	2930439
1922	2931580
1923	2932721
1924	2933862
1925	2935003
1926	-1
1927	2936144
1928	2937285
1929	2938426
1930	2939567
1931	2940708
1932	2941849
1933	2942990
1934	-1
1935	2944131
1936	2945272
1937	2946413
1938	2947554
1939	2948695
1940	2949836
1941	2950977
1942	-1
1943	2952118
1944	2953259
1945	2954400
1946	2955541
1947	2956682
1948	2957823
1949	2958964
1950	-1
1951	2960105
1952	2961246
1953	2962387
1954	2963528
1955	2964669
1956	2965810
1957	2966951
1958	-1
1959	2968092
1960	2969233
1961	2970374
1962	2971515
1963	2972656
1964	2973797
1965	2974938
1966	2976079
1967	-1
1968	2977220
1969	2978361
1970	2979502
1971	2980643
1972	2981784
1973	2982925
1974	2984066
1975	-1
1976	2985207
1977	2986348
1978	2987489
1979	2988630
1980	2989771
1981	2990912
1982	2992053
1983	-1
1984	2993194
1985	2994335
1986	2995476
1987	2996617
1988	2997758
1989	2998899
1990	3000040
1991	-1
1992	3001181
1993	3002322
1994	3003463
1995	3004604
1996	3005745
1997	3006886
1998	3008027
1999	-1
2000	3009168
2001	3010309
2002	3011450
2003	3012591
2004	3013732
2005	3014873
2006	3016014
2007	-1
2008	3017155
2009	3018296
2010	3019437
2011	3020578
2012	3021719
2013	3022860
2014	3024001
2015	-1
2016	3025142
2017	3026283
2018	3027424
2019	3028565
2020	3029706
2021	3030847
2022	3031988
2023	-1
2024	3033129
2025	3034270
2026	3035411
2027	3036552
2028	3037693
2029	3038834
2030	3039975
2031	-1
2032	3041116
2033	3042257
2034	3043398
2035	3044539
2036	3045680
2037	3046821
2038	3047962
2039	-1
2040	3049103
2041	3050244
2042	3051385
2043	3052526
2044	3053667
2045	3054808
2046	3055949
2047	-1
2048	3057090
2049	3058231
2050	3059372
2051	3060513
2052	3061654
2053	3062795
2054	3063936
2055	3065077
2056	-1
2057	3066218
2058	3067359
2059	3068500
2060	3069641
2061	3070782
2062	3071923
2063	3073064
2064	-1
2065	3074205
2066	3075346
2067	3076487
2068	3077628
2069	3078769
2070	3079910
2071	3081051
2072	-1
2073	3082192
2074	3083333
2075	3084474
2076	3085615
2077	3086756
2078	3087897
2079	3089038
2080	-1
2081	3090179
2082	3091320
2083	3092461
2084	3093602
2085	3094743
2086	3095884
2087	3097025
2088	-1
2089	3098166
2090	3099307
2091	3100448
2092	3101589
2093	3102730
2094	3103871
2095	3105012
2096	-1
2097	3106153
2098	3107294
2099	3108435
2100	3109576
2101	3110717
2102	3111858
2103	3112999
2104	-1
2105	3114140
2106	3115281
2107	3116422
2108	3117563
2109	3118704
2110	3119845
2111	3120986
2112	-1
2113	3122127
2114	3123268
2115	3124409
2116	3125550
2117	3126691
2118	3127832
2119	3128973
2120	-1
2121	3130114
2122	3131255
2123	3132396
2124	3133537
2125	3134678
2126	3135819
2127	3136960
2128	-1
2129	3138101
2130	3139242
2131	3140383
2132	3141524
2133	3142665
2134	3143806
2135	3144947
2136	3146088
2137	-1
2138	3147229
2139	3148370
2140	3149511
2141	3150652
2142	3151793
2143	3152934
2144	3154075
2145	-1
2146	3155216
2147	3156357
2148	3157498
2149	3158639
2150	3159780
2151	3160921
2152	3162062
2153	-1
2154	3163203
2155	3164344
2156	3165485
2157	3166626
2158	3167767
2159	3168908
2160	3170049
2161	-1
2162	3171190
2163	3172331
2164	3173472
2165	3174613
2166	3175754
2167	3176895
2168	3178036
2169	-1
2170	3179177
2171	3180318
2172	3181459
2173	3182600
2174	3183741
2175	3184882
2176	3186023
2177	-1
2178	3187164
2179	3188305
2180	3189446
2181	3190587
2182	3191728
2183	3192869
2184	3194010
2185	-1
2186	3195151
2187	3196292
2188	3197433
2189	3198574
2190	3199715
2191	3200856
2192	3201997
2193	-1
2194	3203138
2195	3204279
2196	3205420
2197	3206561
2198	3207702
2199	3208843
2200	3209984
2201	-1
2202	3211125
2203	3212266
2204	3213407
2205	3214548
2206	3215689
2207	3216830
2208	3217971
2209	-1
2210	3219112
2211	3220253
2212	3221394
2213	3222535
2214	3223676
2215	3224817
2216	3225958
2217	-1
2218	3227099
2219	3228240
2220	3229381
2221	3230522
2222	3231663
2223	3232804
2224	3233945
2225	3235086
2226	-1
2227	3236227
2228	3237368
2229	3238509
2230	3239650
2231	3240791
2232	3241932
2233	3243073
2234	-1
2235	3244214
2236	3245355
2237	3246496
2238	3247637
2239	3248778
2240	3249919
2241	3251060
2242	-1
2243	3252201
2244	3253342
2245	3254483
2246	3255624
2247	3256765
2248	3257906
2249	3259047
2250	-1
2251	3260188
2252	3261329
2253	3262470
2254	3263611
2255	3264752
2256	3265893
2257	3267034
2258	-1
2259	3268175
2260	3269316
2261	3270457
2262	3271598
2263	3272739
2264	3273880
2265	3275021
2266	-1
2267	3276162
2268	3277303
2269	3278444
2270	3279585
2271	3280726
2272	3281867
2273	3283008
2274	-1
2275	3284149
2276	3285290
2277	3286431
2278	3287572
2279	3288713
2280	3289854
2281	3290995
2282	-1
2283	3292136
2284	3293277
2285	3294418
2286	3295559
2287	3296700
2288	3297841
2289	3298982
2290	-1
2291	3300123
2292	3301264
2293	3302405
2294	3303546
2295	3304687
2296	3305828
2297	3306969
2298	-1
2299	3308110
2300	3309251
2301	3310392
2302	3311533
2303	3312674
2304	3313815
2305	3314956
2306	-1
2307	3316097
2308	3317238
2309	3318379
2310	3319520
2311	3320661
2312	3321802
2313	3322943
2314	3324084
2315	-1
2316	3325225
2317	3326366
2318	3327507
2319	3328648
2320	3329789
2321	3330930
2322	3332071
2323	-1
2324	3333212
2325	3334353
2326	3335494
2327	3336635
2328	3337776
2329	3338917
2330	3340058
2331	-1
2332	3341199
2333	3342340
2334	3343481
2335	3344622
2336	3345763
2337	3346904
2338	3348045
2339	-1
2340	3349186
2341	3350327
2342	3351468
2343	3352609
2344	3353750
2345	3354891
2346	3356032
2347	-1
2348	3357173
2349	3358314
2350	3359455
2351	3360596
2352	3361737
2353	3362878
2354	3364019
2355	-1
2356	3365160
2357	3366301
2358	3367442
2359	3368583
2360	3369724
2361	3370865
2362	3372006
2363	-1
2364	3373147
2365	3374288
2366	3375429
2367	3376570
2368	3377711
2369	3378852
2370	3379993
2371	-1
2372	3381134
2373	3382275
2374	3383416
2375	3384557
2376	3385698
2377	3386839
2378	3387980
2379	-1
2380	3389121
2381	3390262
2382	3391403
2383	3392544
2384	3393685
2385	3394826
2386	3395967
2387	-1
2388	3397108
2389	3398249
2390	3399390
2391	3400531
2392	3401672
2393	3402813
2394	3403954
2395	-1
2396	3405095
2397	3406236
2398	3407377
2399	3408518
2400	3409659
2401	3410800
2402	3411941
2403	3413082
2404	-1
2405	3414223
2406	3415364
2407	3416505
2408	3417646
2409	3418787
2410	3419928
2411	3421069
2412	-1
2413	3422210
2414	3423351
2415	3424492
2416	3425633
2417	3426774
2418	3427915
2419	3429056
2420	-1
2421	3430197
2422	3431338
2423	3432479
2424	3433620
2425	3434761
2426	3435902
2427	3437043
2428	-1
2429	3438184
2430	3439325
2431	3440466
2432	3441607
2433	3442748
2434	3443889
2435	3445030
2436	-1
2437	3446171
2438	3447312
2439	3448453
2440	3449594
2441	3450735
2442	3451876
2443	3453017
2444	-1
2445	3454158
2446	3455299
2447	3456440
2448	3457581
2449	3458722
2450	3459863
2451	3461004
2452	-1
2453	3462145
2454	3463286
2455	3464427
2456	3465568
2457	3466709
2458	3467850
2459	3468991
2460	-1
2461	3470132
2462	3471273
2463	3472414
2464	3473555
2465	3474696
2466	3475837
2467	3476978
2468	-1
2469	3478119
2470	3479260
2471	3480401
2472	3481542
2473	3482683
2474	3483824
2475	3484965
2476	-1
2477	3486106
2478	3487247
2479	3488388
2480	3489529
2481	3490670
2482	3491811
2483	3492952
2484	-1
2485	3494093
2486	3495234
2487	3496375
2488	3497516
2489	3498657
2490	3499798
2491	3500939
2492	3502080
2493	-1
2494	3503221
2495	3504362
2496	3505503
2497	3506644
2498	3507785
2499	3508926
2500	3510067
2501	-1
2502	3511208
2503	3512349
2504	3513490
2505	3514631
2506	3515772
2507	3516913
2508	3518054
2509	-1
2510	3519195
2511	3520336
2512	3521477
2513	3522618
2514	3523759
2515	3524900
2516	3526041
2517	-1
2518	3527182
2519	3528323
2520	3529464
2521	3530605
2522	3531746
2523	3532887
2524	3534028
2525	-1
2526	3535169
2527	3536310
2528	3537451
2529	3538592
2530	3539733
2531	3540874
2532	3542015
2533	-1
2534	3543156
2535	3544297
2536	3545438
2537	3546579
2538	3547720
2539	3548861
2540	3550002
2541	-1
2542	3551143
2543	3552284
2544	3553425
2545	3554566
2546	3555707
2547	3556848
2548	3557989
2549	-1
2550	3559130
2551	3560271
2552	3561412
2553	3562553
2554	3563694
2555	3564835
2556	3565976
2557	-1
2558	3567117
2559	3568258
2560	3569399
2561	3570540
2562	3571681
2563	3572822
2564	3573963
2565	-1
2566	3575104
2567	3576245
2568	3577386
2569	3578527
2570	3579668
2571	3580809
2572	3581950
2573	-1
2574	3583091
2575	3584232
2576	3585373
2577	3586514
2578	3587655
2579	3588796
2580	3589937
2581	3591078
2582	-1
2583	3592219
2584	3593360
2585	3594501
2586	3595642
2587	3596783
2588	3597924
2589	3599065
2590	-1
2591	3600206
2592	3601347
2593	3602488
2594	3603629
2595	3604770
2596	3605911
2597	3607052
2598	-1
2599	3608193
2600	3609334
2601	3610475
2602	3611616
2603	3612757
2604	3613898
2605	3615039
2606	-1
2607	3616180
2608	3617321
2609	3618462
2610	3619603
2611	3620744
2612	3621885
2613	3623026
2614	-1
2615	3624167
2616	3625308
2617	3626449
2618	3627590
2619	3628731
2620	3629872
2621	3631013
2622	-1
2623	3632154
2624	3633295
2625	3634436
2626	3635577
2627	3636718
2628	3637859
2629	3639000
2630	-1
2631	3640141
2632	3641282
2633	3642423
2634	3643564
2635	3644705
2636	3645846
2637	3646987
2638	-1
2639	3648128
2640	3649269
2641	3650410
2642	3651551
2643	3652692
2644	3653833
2645	3654974
2646	-1
2647	3656115
2648	3657256
2649	3658397
2650	3659538
2651	3660679
2652	3661820
2653	3662961
2654	-1
2655	3664102
2656	3665243
2657	3666384
2658	3667525
2659	3668666
2660	3669807
2661	3670948
2662	3672089
2663	-1
2664	3673230
2665	3674371
2666	3675512
2667	3676653
2668	3677794
2669	3678935
2670	3680076
2671	-1
2672	3681217
2673	3682358
2674	3683499
2675	3684640
2676	3685781
2677	3686922
2678	3688063
2679	-1
2680	3689204
2681	3690345
2682	3691486
2683	3692627
2684	3693768
2685	3694909
2686	3696050
2687	-1
2688	3697191
2689	3698332
2690	3699473
2691	3700614
2692	3701755
2693	3702896
2694	3704037
2695	-1
2696	3705178
2697	3706319
2698	3707460
2699	3708601
2700	3709742
2701	3710883
2702	3712024
2703	-1
2704	3713165
2705	3714306
2706	3715447
2707	3716588
2708	3717729
2709	3718870
2710	3720011
2711	-1
2712	3721152
2713	3722293
2714	3723434
2715	3724575
2716	3725716
2717	3726857
2718	3727998
2719	-1
2720	3729139
2721	3730280
2722	3731421
2723	3732562
2724	3733703
2725	3734844
2726	3735985
2727	-1
2728	3737126
2729	3738267
2730	3739408
2731	3740549
2732	3741690
2733	3742831
2734	3743972
2735	-1
2736	3745113
2737	3746254
2738	3747395
2739	3748536
2740	3749677
2741	3750818
2742	3751959
2743	-1
2744	3753100
2745	3754241
2746	3755382
2747	3756523
2748	3757664
2749	3758805
2750	3759946
2751	3761087
2752	-1
2753	3762228
2754	3763369
2755	3764510
2756	3765651
2757	3766792
2758	3767933
2759	3769074
2760	-1
2761	3770215
2762	3771356
2763	3772497
2764	3773638
2765	3774779
2766	3775920
2767	3777061
2768	-1
2769	3778202
2770	3779343
2771	3780484
2772	3781625
2773	3782766
2774	3783907
2775	3785048
2776	-1
2777	3786189
2778	3787330
2779	3788471
2780	3789612
2781	3790753
2782	3791894
2783	3793035
2784	-1
2785	3794176
2786	3795317
2787	3796458
2788	3797599
2789	3798740
2790	3799881
2791	3801022
2792	-1
2793	3802163
2794	3803304
2795	3804445
2796	3805586
2797	3806727
2798	3807868
2799	3809009
2800	-1
2801	3810150
2802	3811291
2803	3812432
2804	3813573
2805	3814714
2806	3815855
2807	3816996
2808	-1
2809	3818137
2810	3819278
2811	3820419
2812	3821560
2813	3822701
2814	3823842
2815	3824983
2816	-1
2817	3826124
2818	3827265
2819	3828406
2820	3829547
2821	3830688
2822	3831829
2823	3832970
2824	-1
2825	3834111
2826	3835252
2827	3836393
2828	3837534
2829	3838675
2830	3839816
2831	3840957
2832	-1
2833	3842098
2834	3843239
2835	3844380
2836	3845521
2837	3846662
2838	3847803
2839	3848944
2840	3850085
2841	-1
2842	3851226
2843	3852367
2844	3853508
2845	3854649
2846	3855790
2847	3856931
2848	3858072
2849	-1
2850	3859213
2851	3860354
2852	3861495
2853	3862636
2854	3863777
2855	3864918
2856	3866059
2857	-1
2858	3867200
2859	3868341
2860	3869482
2861	3870623
2862	3871764
2863	3872905
2864	3874046
2865	-1
2866	3875187
2867	3876328
2868	3877469
2869	3878610
2870	3879751
2871	3880892
2872	3882033
2873	-1
2874	3883174
2875	3884315
2876	3885456
2877	3886597
2878	3887738
2879	3888879
2880	3890020
2881	-1
2882	3891161
2883	3892302
2884	3893443
2885	3894584
2886	3895725
2887	3896866
2888	3898007
2889	-1
2890	3899148
2891	3900289
2892	3901430
2893	3902571
2894	3903712
2895	3904853
2896	3905994
2897	-1
2898	3907135
2899	3908276
2900	3909417
2901	3910558
2902	3911699
2903	3912840
2904	3913981
2905	-1
2906	3915122
2907	3916263
2908	3917404
2909	3918545
2910	3919686
2911	3920827
2912	3921968
2913	-1
2914	3923109
2915	3924250
2916	3925391
2917	3926532
2918	3927673
2919	3928814
2920	3929955
2921	-1
2922	3931096
2923	3932237
2924	3933378
2925	3934519
2926	3935660
2927	3936801
2928	3937942
2929	3939083
2930	-1
2931	3940224
2932	3941365
2933	3942506
2934	3943647
2935	3944788
2936	3945929
2937	3947070
2938	-1
2939	3948211
2940	3949352
2941	3950493
2942	3951634
2943	3952775
2944	3953916
2945	3955057
2946	-1
2947	3956198
2948	3957339
2949	3958480
2950	3959621
2951	3960762
2952	3961903
2953	3963044
2954	-1
2955	3964185
2956	3965326
2957	3966467
2958	3967608
2959	3968749
2960	3969890
2961	3971031
2962	-1
2963	3972172
2964	3973313
2965	3974454
2966	3975595
2967	3976736
2968	3977877
2969	3979018
2970	-1
2971	3980159
2972	3981300
2973	3982441
2974	3983582
2975	3984723
2976	3985864
2977	3987005
2978	-1
2979	3988146
2980	3989287
2981	3990428
2982	3991569
2983	3992710
2984	3993851
2985	3994992
2986	-1
2987	3996133
2988	3997274
2989	3998415
2990	3999556
2991	4000697
2992	4001838
2993	4002979
2994	-1
2995	4004120
2996	4005261
2997	4006402
2998	4007543
2999	4008684
3000	4009825
3001	4010966
3002	-1
3003	4012107
3004	4013248
3005	4014389
3006	4015530
3007	4016671
3008	4017812
3009	4018953
3010	-1
3011	4020094
3012	4021235
3013	4022376
3014	4023517
3015	4024658
3016	4025799
3017	4026940
3018	4028081
3019	-1
3020	4029222
3021	4030363
3022	4031504
3023	4032645
3024	4033786
3025	4034927
3026	4036068
3027	-1
3028	4037209
3029	4038350
3030	4039491
3031	4040632
3032	4041773
3033	4042914
3034	4044055
3035	-1
3036	4045196
3037	4046337
3038	4047478
3039	4048619
3040	4049760
3041	4050901
3042	4052042
3043	-1
3044	4053183
3045	4054324
3046	4055465
3047	4056606
3048	4057747
3049	4058888
3050	4060029
3051	-1
3052	4061170
3053	4062311
3054	4063452
3055	4064593
3056	4065734
3057	4066875
3058	4068016
3059	-1
3060	4069157
3061	4070298
3062	4071439
3063	4072580
3064	4073721
3065	4074862
3066	4076003
3067	-1
3068	4077144
3069	4078285
3070	4079426
3071	4080567
3072	4081708
3073	4082849
3074	4083990
3075	-1
3076	4085131
3077	4086272
3078	4087413
3079	4088554
3080	4089695
3081	4090836
3082	4091977
3083	-1
3084	4093118
3085	4094259
3086	4095400
3087	4096541
3088	4097682
3089	4098823
3090	4099964
3091	-1
3092	4101105
3093	4102246
3094	4103387
3095	4104528
3096	4105669
3097	4106810
3098	4107951
3099	-1
3100	4109092
3101	4110233
3102	4111374
3103	4112515
3104	4113656
3105	4114797
3106	4115938
3107	4117079
3108	-1
3109	4118220
3110	4119361
3111	4120502
3112	4121643
3113	4122784
3114	4123925
3115	4125066
3116	-1
3117	4126207
3118	4127348
3119	4128489
3120	4129630
3121	4130771
3122	4131912
3123	4133053
3124	-1
3125	4134194
3126	4135335
3127	4136476
3128	4137617
3129	4138758
3130	4139899
3131	4141040
3132	-1
3133	4142181
3134	4143322
3135	4144463
3136	4145604
3137	4146745
3138	4147886
3139	4149027
3140	-1
3141	4150168
3142	4151309
3143	4152450
3144	4153591
3145	4154732
3146	4155873
3147	4157014
3148	-1
3149	4158155
3150	4159296
3151	4160437
3152	4161578
3153	4162719
3154	4163860
3155	4165001
3156	-1
3157	4166142
3158	4167283
3159	4168424
3160	4169565
3161	4170706
3162	4171847
3163	4172988
3164	-1
3165	4174129
3166	4175270
3167	4176411
3168	4177552
3169	4178693
3170	4179834
3171	4180975
3172	-1
3173	4182116
3174	4183257
3175	4184398
3176	4185539
3177	4186680
3178	4187821
3179	4188962
3180	-1
3181	4190103
3182	4191244
3183	4192385
3184	4193526
3185	4194667
3186	4195808
3187	4196949
3188	-1
3189	4198090
3190	4199231
3191	4200372
3192	4201513
3193	4202654
3194	4203795
3195	4204936
3196	4206077
3197	-1
3198	4207218
3199	4208359
3200	4209500
3201	4210641
3202	4211782
3203	4212923
3204	4214064
3205	-1
3206	4215205
3207	4216346
3208	4217487
3209	4218628
3210	4219769
3211	4220910
3212	4222051
3213	-1
3214	4223192
3215	4224333
3216	4225474
3217	4226615
3218	4227756
3219	4228897
3220	4230038
3221	-1
3222	4231179
3223	4232320
3224	4233461
3225	4234602
3226	4235743
3227	4236884
3228	4238025
3229	-1
3230	4239166
3231	4240307
3232	4241448
3233	4242589
3234	4243730
3235	4244871
3236	4246012
3237	-1
3238	4247153
3239	4248294
3240	4249435
3241	4250576
3242	4251717
3243	4252858
3244	4253999
3245	-1
3246	4255140
3247	4256281
3248	4257422
3249	4258563
3250	4259704
3251	4260845
3252	4261986
3253	-1
3254	4263127
3255	4264268
3256	4265409
3257	4266550
3258	4267691
3259	4268832
3260	4269973
3261	-1
3262	4271114
3263	4272255
3264	4273396
3265	4274537
3266	4275678
3267	4276819
3268	4277960
3269	-1
3270	4279101
3271	4280242
3272	4281383
3273	4282524
3274	4283665
3275	4284806
3276	4285947
3277	4287088
3278	-1
3279	4288229
3280	4289370
3281	4290511
3282	4291652
3283	4292793
3284	4293934
3285	4295075
3286	-1
3287	4296216
3288	4297357
3289	4298498
3290	4299639
3291	4300780
3292	4301921
3293	4303062
3294	-1
3295	4304203
3296	4305344
3297	4306485
3298	4307626
3299	4308767
3300	4309908
3301	4311049
3302	-1
3303	4312190
3304	4313331
3305	4314472
3306	4315613
3307	4316754
3308	4317895
3309	4319036
3310	-1
3311	4320177
3312	4321318
3313	4322459
3314	4323600
3315	4324741
3316	4325882
3317	4327023
3318	-1
3319	4328164
3320	4329305
3321	4330446
3322	4331587
3323	4332728
3324	4333869
3325	4335010
3326	-1
3327	4336151
3328	4337292
3329	4338433
3330	4339574
3331	4340715
3332	4341856
3333	4342997
3334	-1
3335	4344138
3336	4345279
3337	4346420
3338	4347561
3339	4348702
3340	4349843
3341	4350984
3342	-1
3343	4352125
3344	4353266
3345	4354407
3346	4355548
3347	4356689
3348	4357830
3349	4358971
3350	-1
3351	4360112
3352	4361253
3353	4362394
3354	4363535
3355	4364676
3356	4365817
3357	4366958
3358	-1
3359	4368099
3360	4369240
3361	4370381
3362	4371522
3363	4372663
3364	4373804
3365	4374945
3366	4376086
3367	-1
3368	4377227
3369	4378368
3370	4379509
3371	4380650
3372	4381791
3373	4382932
3374	4384073
3375	-1
3376	4385214
3377	4386355
3378	4387496
3379	4388637
3380	4389778
3381	4390919
3382	4392060
3383	-1
3384	4393201
3385	4394342
3386	4395483
3387	4396624
3388	4397765
3389	4398906
3390	4400047
3391	-1
3392	4401188
3393	4402329
3394	4403470
3395	4404611
3396	4405752
3397	4406893
3398	4408034
3399	-1
3400	4409175
3401	4410316
3402	4411457
3403	4412598
3404	4413739
3405	4414880
3406	4416021
3407	-1
3408	4417162
3409	4418303
3410	4419444
3411	4420585
3412	4421726
3413	4422867
3414	4424008
3415	-1
3416	4425149
3417	4426290
3418	4427431
3419	4428572
3420	4429713
3421	4430854
3422	4431995
3423	-1
3424	4433136
3425	4434277
3426	4435418
3427	4436559
3428	4437700
3429	4438841
3430	4439982
3431	-1
3432	4441123
3433	4442264
3434	4443405
3435	4444546
3436	4445687
3437	4446828
3438	4447969
3439	-1
3440	4449110
3441	4450251
3442	4451392
3443	4452533
3444	4453674
3445	4454815
3446	4455956
3447	-1
3448	4457097
3449	4458238
3450	4459379
3451	4460520
3452	4461661
3453	4462802
3454	4463943
3455	4465084
3456	-1
3457	4466225
3458	4467366
3459	4468507
3460	4469648
3461	4470789
3462	4471930
3463	4473071
3464	-1
3465	4474212
3466	4475353
3467	4476494
3468	4477635
3469	4478776
3470	4479917
3471	4481058
3472	-1
3473	4482199
3474	4483340
3475	4484481
3476	4485622
3477	4486763
3478	4487904
3479	4489045
3480	-1
3481	4490186
3482	4491327
3483	4492468
3484	4493609
3485	4494750
3486	4495891
3487	4497032
3488	-1
3489	4498173
3490	4499314
3491	4500455
3492	4501596
3493	4502737
3494	4503878
3495	4505019
3496	-1
3497	4506160
3498	4507301
3499	4508442
3500	4509583
3501	4510724
3502	4511865
3503	4513006
3504	-1
3505	4514147
3506	4515288
3507	4516429
3508	4517570
3509	4518711
3510	4519852
3511	4520993
3512	-1
3513	4522134
3514	4523275
3515	4524416
3516	4525557
3517	4526698
3518	4527839
3519	4528980
3520	-1
3521	4530121
3522	4531262
3523	4532403
3524	4533544
3525	4534685
3526	4535826
3527	4536967
3528	-1
3529	4538108
3530	4539249
3531	4540390
3532	4541531
3533	4542672
3534	4543813
3535	4544954
3536	-1
3537	4546095
3538	4547236
3539	4548377
3540	4549518
3541	4550659
3542	4551800
3543	4552941
3544	4554082
3545	-1
3546	4555223
3547	4556364
3548	4557505
3549	4558646
3550	4559787
3551	4560928
3552	4562069
3553	-1
3554	4563210
3555	4564351
3556	4565492
3557	4566633
3558	4567774
3559	4568915
3560	4570056
3561	-1
3562	4571197
3563	4572338
3564	4573479
3565	4574620
3566	4575761
3567	4576902
3568	4578043
3569	-1
3570	4579184
3571	4580325
3572	4581466
3573	4582607
3574	4583748
3575	4584889
3576	4586030
3577	-1
3578	4587171
3579	4588312
3580	4589453
3581	4590594
3582	4591735
3583	4592876
3584	4594017
3585	-1
3586	4595158
3587	4596299
3588	4597440
3589	4598581
3590	4599722
3591	4600863
3592	4602004
3593	-1
3594	4603145
3595	4604286
3596	4605427
3597	4606568
3598	4607709
3599	4608850
3600	4609991
3601	-1
3602	4611132
3603	4612273
3604	4613414
3605	4614555
3606	4615696
3607	4616837
3608	4617978
3609	-1
3610	4619119
3611	4620260
3612	4621401
3613	4622542
3614	4623683
3615	4624824
3616	4625965
3617	-1
3618	4627106
3619	4628247
3620	4629388
3621	4630529
3622	4631670
3623	4632811
3624	4633952
3625	-1
3626	4635093
3627	4636234
3628	4637375
3629	4638516
3630	4639657
3631	4640798
3632	4641939
3633	4643080
3634	-1
3635	4644221
3636	4645362
3637	4646503
3638	4647644
3639	4648785
3640	4649926
3641	4651067
3642	-1
3643	4652208
3644	4653349
3645	4654490
3646	4655631
3647	4656772
3648	4657913
3649	4659054
3650	-1
3651	4660195
3652	4661336
3653	4662477
3654	4663618
3655	4664759
3656	4665900
3657	4667041
3658	-1
3659	4668182
3660	4669323
3661	4670464
3662	4671605
3663	4672746
3664	4673887
3665	4675028
3666	-1
3667	4676169
3668	4677310
3669	4678451
3670	4679592
3671	4680733
3672	4681874
3673	4683015
3674	-1
3675	4684156
3676	4685297
3677	4686438
3678	4687579
3679	4688720
3680	4689861
3681	4691002
3682	-1
3683	4692143
3684	4693284
3685	4694425
3686	4695566
3687	4696707
3688	4697848
3689	4698989
3690	-1
3691	4700130
3692	4701271
3693	4702412
3694	4703553
3695	4704694
3696	4705835
3697	4706976
3698	-1
3699	4708117
3700	4709258
3701	4710399
3702	4711540
3703	4712681
3704	4713822
3705	4714963
3706	-1
3707	4716104
3708	4717245
3709	4718386
3710	4719527
3711	4720668
3712	4721809
3713	4722950
3714	-1
3715	4724091
3716	4725232
3717	4726373
3718	4727514
3719	4728655
3720	4729796
3721	4730937
3722	4732078
3723	-1
3724	4733219
3725	4734360
3726	4735501
3727	4736642
3728	4737783
3729	4738924
3730	4740065
3731	-1
3732	4741206
3733	4742347
3734	4743488
3735	4744629
3736	4745770
3737	4746911
3738	4748052
3739	-1
3740	4749193
3741	4750334
3742	4751475
3743	4752616
3744	4753757
3745	4754898
3746	4756039
3747	-1
3748	4757180
3749	4758321
3750	4759462
3751	4760603
3752	4761744
3753	4762885
3754	4764026
3755	-1
3756	4765167
3757	4766308
3758	4767449
3759	4768590
3760	4769731
3761	4770872
3762	4772013
3763	-1
3764	4773154
3765	4774295
3766	4775436
3767	4776577
3768	4777718
3769	4778859
3770	4780000
3771	-1
3772	4781141
3773	4782282
3774	4783423
3775	4784564
3776	4785705
3777	4786846
3778	4787987
3779	-1
3780	4789128
3781	4790269
3782	4791410
3783	4792551
3784	4793692
3785	4794833
3786	4795974
3787	-1
3788	4797115
3789	4798256
3790	4799397
3791	4800538
3792	4801679
3793	4802820
3794	4803961
3795	-1
3796	4805102
3797	4806243
3798	4807384
3799	4808525
3800	4809666
3801	4810807
3802	4811948
3803	4813089
3804	-1
3805	4814230
3806	4815371
3807	4816512
3808	4817653
3809	4818794
3810	4819935
3811	4821076
3812	-1
3813	4822217
3814	4823358
3815	4824499
3816	4825640
3817	4826781
3818	4827922
3819	4829063
3820	-1
3821	4830204
3822	4831345
3823	4832486
3824	4833627
3825	4834768
3826	4835909
3827	4837050
3828	-1
3829	4838191
3830	4839332
3831	4840473
3832	4841614
3833	4842755
3834	4843896
3835	4845037
3836	-1
3837	4846178
3838	4847319
3839	4848460
3840	4849601
3841	4850742
3842	4851883
3843	4853024
3844	-1
3845	4854165
3846	4855306
3847	4856447
3848	4857588
3849	4858729
3850	4859870
3851	4861011
3852	-1
3853	4862152
3854	4863293
3855	4864434
3856	4865575
3857	4866716
3858	4867857
3859	4868998
3860	-1
3861	4870139
3862	4871280
3863	4872421
3864	4873562
3865	4874703
3866	4875844
3867	4876985
3868	-1
3869	4878126
3870	4879267
3871	4880408
3872	4881549
3873	4882690
3874	4883831
3875	4884972
3876	-1
3877	4886113
3878	4887254
3879	4888395
3880	4889536
3881	4890677
3882	4891818
3883	4892959
3884	-1
3885	4894100
3886	4895241
3887	4896382
3888	4897523
3889	4898664
3890	4899805
3891	4900946
3892	4902087
3893	-1
3894	4903228
3895	4904369
3896	4905510
3897	4906651
3898	4907792
3899	4908933
3900	4910074
3901	-1
3902	4911215
3903	4912356
3904	4913497
3905	4914638
3906	4915779
3907	4916920
3908	4918061
3909	-1
3910	4919202
3911	4920343
3912	4921484
3913	4922625
3914	4923766
3915	4924907
3916	4926048
3917	-1
3918	4927189
3919	4928330
3920	4929471
3921	4930612
3922	4931753
3923	4932894
3924	4934035
3925	-1
3926	4935176
3927	4936317
3928	4937458
3929	4938599
3930	4939740
3931	4940881
3932	4942022
3933	-1
3934	4943163
3935	4944304
3936	4945445
3937	4946586
3938	4947727
3939	4948868
3940	4950009
3941	-1
3942	4951150
3943	4952291
3944	4953432
3945	4954573
3946	4955714
3947	4956855
3948	4957996
3949	-1
3950	4959137
3951	4960278
3952	4961419
3953	4962560
3954	4963701
3955	4964842
3956	4965983
3957	-1
3958	4967124
3959	4968265
3960	4969406
3961	4970547
3962	4971688
3963	4972829
3964	4973970
3965	-1
3966	4975111
3967	4976252
3968	4977393
3969	4978534
3970	4979675
3971	4980816
3972	4981957
3973	-1
3974	4983098
3975	4984239
3976	4985380
3977	4986521
3978	4987662
3979	4988803
3980	4989944
3981	4991085
3982	-1
3983	4992226
3984	4993367
3985	4994508
3986	4995649
3987	4996790
3988	4997931
3989	4999072
3990	-1
3991	5000213
3992	5001354
3993	5002495
3994	5003636
3995	5004777
3996	5005918
3997	5007059
3998	-1
3999	5008200
4000	5009341
4001	5010482
4002	5011623
4003	5012764
4004	5013905
4005	5015046
4006	-1
4007	5016187
4008	5017328
4009	5018469
4010	5019610
4011	5020751
4012	5021892
4013	5023033
4014	-1
4015	5024174
4016	5025315
4017	5026456
4018	5027597
4019	5028738
4020	5029879
4021	5031020
4022	-1
4023	5032161
4024	5033302
4025	5034443
4026	5035584
4027	5036725
4028	5037866
4029	5039007
4030	-1
4031	5040148
4032	5041289
4033	5042430
4034	5043571
4035	5044712
4036	5045853
4037	5046994
4038	-1
4039	5048135
4040	5049276
4041	5050417
4042	5051558
4043	5052699
4044	5053840
4045	5054981
4046	-1
4047	5056122
4048	5057263
4049	5058404
4050	5059545
4051	5060686
4052	5061827
4053	5062968
4054	-1
4055	5064109
4056	5065250
4057	5066391
4058	5067532
4059	5068673
4060	5069814
4061	5070955
4062	-1
4063	5072096
4064	5073237
4065	5074378
4066	5075519
4067	5076660
4068	5077801
4069	5078942
4070	5080083
4071	-1
4072	5081224
4073	5082365
4074	5083506
4075	5084647
4076	5085788
4077	5086929
4078	5088070
4079	-1
4080	5089211
4081	5090352
4082	5091493
4083	5092634
4084	5093775
4085	5094916
4086	5096057
4087	-1
4088	5097198
4089	5098339
4090	5099480
4091	5100621
4092	5101762
4093	5102903
4094	5104044
4095	-1
4096	5105185
4097	5106326
4098	5107467
4099	5108608
4100	5109749
4101	5110890
4102	5112031
4103	-1
4104	5113172
4105	5114313
4106	5115454
4107	5116595
4108	5117736
4109	5118877
4110	5120018
4111	-1
4112	5121159
4113	5122300
4114	5123441
4115	5124582
4116	5125723
4117	5126864
4118	5128005
4119	-1
4120	5129146
4121	5130287
4122	5131428
4123	5132569
4124	5133710
4125	5134851
4126	5135992
4127	-1
4128	5137133
4129	5138274
4130	5139415
4131	5140556
4132	5141697
4133	5142838
4134	5143979
4135	-1
4136	5145120
4137	5146261
4138	5147402
4139	5148543
4140	5149684
4141	5150825
4142	5151966
4143	-1
4144	5153107
4145	5154248
4146	5155389
4147	5156530
4148	5157671
4149	5158812
4150	5159953
4151	-1
4152	5161094
4153	5162235
4154	5163376
4155	5164517
4156	5165658
4157	5166799
4158	5167940
4159	5169081
4160	-1
4161	5170222
4162	5171363
4163	5172504
4164	5173645
4165	5174786
4166	5175927
4167	5177068
4168	-1
4169	5178209
4170	5179350
4171	5180491
4172	5181632
4173	5182773
4174	5183914
4175	5185055
4176	-1
4177	5186196
4178	5187337
4179	5188478
4180	5189619
4181	5190760
4182	5191901
4183	5193042
4184	-1
4185	5194183
4186	5195324
4187	5196465
4188	5197606
4189	5198747
4190	5199888
4191	5201029
4192	-1
4193	5202170
4194	5203311
4195	5204452
4196	5205593
4197	5206734
4198	5207875
4199	5209016
4200	-1
4201	5210157
4202	5211298
4203	5212439
4204	5213580
4205	5214721
4206	5215862
4207	5217003
4208	-1
4209	5218144
4210	5219285
4211	5220426
4212	5221567
4213	5222708
4214	5223849
4215	5224990
4216	-1
4217	5226131
4218	5227272
4219	5228413
4220	5229554
4221	5230695
4222	5231836
4223	5232977
4224	-1
4225	5234118
4226	5235259
4227	5236400
4228	5237541
4229	5238682
4230	5239823
4231	5240964
4232	-1
4233	5242105
4234	5243246
4235	5244387
4236	5245528
4237	5246669
4238	5247810
4239	5248951
4240	-1
4241	5250092
4242	5251233
4243	5252374
4244	5253515
4245	5254656
4246	5255797
4247	5256938
4248	5258079
4249	-1
4250	5259220
4251	5260361
4252	5261502
4253	5262643
4254	5263784
4255	5264925
4256	5266066
4257	-1
4258	5267207
4259	5268348
4260	5269489
4261	5270630
4262	5271771
4263	5272912
4264	5274053
4265	-1
4266	5275194
4267	5276335
4268	5277476
4269	5278617
4270	5279758
4271	5280899
4272	5282040
4273	-1
4274	5283181
4275	5284322
4276	5285463
4277	5286604
4278	5287745
4279	5288886
4280	5290027
4281	-1
4282	5291168
4283	5292309
4284	5293450
4285	5294591
4286	5295732
4287	5296873
4288	5298014
4289	-1
4290	5299155
4291	5300296
4292	5301437
4293	5302578
4294	5303719
4295	5304860
4296	5306001
4297	-1
4298	5307142
4299	5308283
4300	5309424
4301	5310565
4302	5311706
4303	5312847
4304	5313988
4305	-1
4306	5315129
4307	5316270
4308	5317411
4309	5318552
4310	5319693
4311	5320834
4312	5321975
4313	-1
4314	5323116
4315	5324257
4316	5325398
4317	5326539
4318	5327680
4319	5328821
4320	5329962
4321	-1
4322	5331103
4323	5332244
4324	5333385
4325	5334526
4326	5335667
4327	5336808
4328	5337949
4329	-1
4330	5339090
4331	5340231
4332	5341372
4333	5342513
4334	5343654
4335	5344795
4336	5345936
4337	5347077
4338	-1
4339	5348218
4340	5349359
4341	5350500
4342	5351641
4343	5352782
4344	5353923
4345	5355064
4346	-1
4347	5356205
4348	5357346
4349	5358487
4350	5359628
4351	5360769
4352	5361910
4353	5363051
4354	-1
4355	5364192
4356	5365333
4357	5366474
4358	5367615
4359	5368756
4360	5369897
4361	5371038
4362	-1
4363	5372179
4364	5373320
4365	5374461
4366	5375602
4367	5376743
4368	5377884
4369	5379025
4370	-1
4371	5380166
4372	5381307
4373	5382448
4374	5383589
4375	5384730
4376	5385871
4377	5387012
4378	-1
4379	5388153
4380	5389294
4381	5390435
4382	5391576
4383	5392717
4384	5393858
4385	5394999
4386	-1
4387	5396140
4388	5397281
4389	5398422
4390	5399563
4391	5400704
4392	5401845
4393	5402986
4394	-1
4395	5404127
4396	5405268
4397	5406409
4398	5407550
4399	5408691
4400	5409832
4401	5410973
4402	-1
4403	5412114
4404	5413255
4405	5414396
4406	5415537
4407	5416678
4408	5417819
4409	5418960
4410	-1
4411	5420101
4412	5421242
4413	5422383
4414	5423524
4415	5424665
4416	5425806
4417	5426947
4418	5428088
4419	-1
4420	5429229
4421	5430370
4422	5431511
4423	5432652
4424	5433793
4425	5434934
4426	5436075
4427	-1
4428	5437216
4429	5438357
4430	5439498
4431	5440639
4432	5441780
4433	5442921
4434	5444062
4435	-1
4436	5445203
4437	5446344
4438	5447485
4439	5448626
4440	5449767
4441	5450908
4442	5452049
4443	-1
4444	5453190
4445	5454331
4446	5455472
4447	5456613
4448	5457754
4449	5458895
4450	5460036
4451	-1
4452	5461177
4453	5462318
4454	5463459
4455	5464600
4456	5465741
4457	5466882
4458	5468023
4459	-1
4460	5469164
4461	5470305
4462	5471446
4463	5472587
4464	5473728
4465	5474869
4466	5476010
4467	-1
4468	5477151
4469	5478292
4470	5479433
4471	5480574
4472	5481715
4473	5482856
4474	5483997
4475	-1
4476	5485138
4477	5486279
4478	5487420
4479	5488561
4480	5489702
4481	5490843
4482	5491984
4483	-1
4484	5493125
4485	5494266
4486	5495407
4487	5496548
4488	5497689
4489	5498830
4490	5499971
4491	-1
4492	5501112
4493	5502253
4494	5503394
4495	5504535
4496	5505676
4497	5506817
4498	5507958
4499	-1
4500	5509099
4501	5510240
4502	5511381
4503	5512522
4504	5513663
4505	5514804
4506	5515945
4507	5517086
4508	-1
4509	5518227
4510	5519368
4511	5520509
4512	5521650
4513	5522791
4514	5523932
4515	5525073
4516	-1
4517	5526214
4518	5527355
4519	5528496
4520	5529637
4521	5530778
4522	5531919
4523	5533060
4524	-1
4525	5534201
4526	5535342
4527	5536483
4528	5537624
4529	5538765
4530	5539906
4531	5541047
4532	-1
4533	5542188
4534	5543329
4535	5544470
4536	5545611
4537	5546752
4538	5547893
4539	5549034
4540	-1
4541	5550175
4542	5551316
4543	5552457
4544	5553598
4545	5554739
4546	5555880
4547	5557021
4548	-1
4549	5558162
4550	5559303
4551	5560444
4552	5561585
4553	5562726
4554	5563867
4555	5565008
4556	-1
4557	5566149
4558	5567290
4559	5568431
4560	5569572
4561	5570713
4562	5571854
4563	5572995
4564	-1
4565	5574136
4566	5575277
4567	5576418
4568	5577559
4569	5578700
4570	5579841
4571	5580982
4572	-1
4573	5582123
4574	5583264
4575	5584405
4576	5585546
4577	5586687
4578	5587828
4579	5588969
4580	-1
4581	5590110
4582	5591251
4583	5592392
4584	5593533
4585	5594674
4586	5595815
4587	5596956
4588	-1
4589	5598097
4590	5599238
4591	5600379
4592	5601520
4593	5602661
4594	5603802
4595	5604943
4596	5606084
4597	-1
4598	5607225
4599	5608366
4600	5609507
4601	5610648
4602	5611789
4603	5612930
4604	5614071
4605	-1
4606	5615212
4607	5616353
4608	5617494
4609	5618635
4610	5619776
4611	5620917
4612	5622058
4613	-1
4614	5623199
4615	5624340
4616	5625481
4617	5626622
4618	5627763
4619	5628904
4620	5630045
4621	-1
4622	5631186
4623	5632327
4624	5633468
4625	5634609
4626	5635750
4627	5636891
4628	5638032
4629	-1
4630	5639173
4631	5640314
4632	5641455
4633	5642596
4634	5643737
4635	5644878
4636	5646019
4637	-1
4638	5647160
4639	5648301
4640	5649442
4641	5650583
4642	5651724
4643	5652865
4644	5654006
4645	-1
4646	5655147
4647	5656288
4648	5657429
4649	5658570
4650	5659711
4651	5660852
4652	5661993
4653	-1
4654	5663134
4655	5664275
4656	5665416
4657	5666557
4658	5667698
4659	5668839
4660	5669980
4661	-1
4662	5671121
4663	5672262
4664	5673403
4665	5674544
4666	5675685
4667	5676826
4668	5677967
4669	-1
4670	5679108
4671	5680249
4672	5681390
4673	5682531
4674	5683672
4675	5684813
4676	5685954
4677	-1
4678	5687095
4679	5688236
4680	5689377
4681	5690518
4682	5691659
4683	5692800
4684	5693941
4685	5695082
4686	-1
4687	5696223
4688	5697364
4689	5698505
4690	5699646
4691	5700787
4692	5701928
4693	5703069
4694	-1
4695	5704210
4696	5705351
4697	5706492
4698	5707633
4699	5708774
4700	5709915
4701	5711056
4702	-1
4703	5712197
4704	5713338
4705	5714479
4706	5715620
4707	5716761
4708	5717902
4709	5719043
4710	-1
4711	5720184
4712	5721325
4713	5722466
4714	5723607
4715	5724748
4716	5725889
4717	5727030
4718	-1
4719	5728171
4720	5729312
4721	5730453
4722	5731594
4723	5732735
4724	5733876
4725	5735017
4726	-1
4727	5736158
4728	5737299
4729	5738440
4730	5739581
4731	5740722
4732	5741863
4733	5743004
4734	-1
4735	5744145
4736	5745286
4737	5746427
4738	5747568
4739	5748709
4740	5749850
4741	5750991
4742	-1
4743	5752132
4744	5753273
4745	5754414
4746	5755555
4747	5756696
4748	5757837
4749	5758978
4750	-1
4751	5760119
4752	5761260
4753	5762401
4754	5763542
4755	5764683
4756	5765824
4757	5766965
4758	-1
4759	5768106
4760	5769247
4761	5770388
4762	5771529
4763	5772670
4764	5773811
4765	5774952
4766	-1
4767	5776093
4768	5777234
4769	5778375
4770	5779516
4771	5780657
4772	5781798
4773	5782939
4774	5784080
4775	-1
4776	5785221
4777	5786362
4778	5787503
4779	5788644
4780	5789785
4781	5790926
4782	5792067
4783	-1
4784	5793208
4785	5794349
4786	5795490
4787	5796631
4788	5797772
4789	5798913
4790	5800054
4791	-1
4792	5801195
4793	5802336
4794	5803477
4795	5804618
4796	5805759
4797	5806900
4798	5808041
4799	-1
4800	5809182
4801	5810323
4802	5811464
4803	5812605
4804	5813746
4805	5814887
4806	5816028
4807	-1
4808	5817169
4809	5818310
4810	5819451
4811	5820592
4812	5821733
4813	5822874
4814	5824015
4815	-1
4816	5825156
4817	5826297
4818	5827438
4819	5828579
4820	5829720
4821	5830861
4822	5832002
4823	-1
4824	5833143
4825	5834284
4826	5835425
4827	5836566
4828	5837707
4829	5838848
4830	5839989
4831	-1
4832	5841130
4833	5842271
4834	5843412
4835	5844553
4836	5845694
4837	5846835
4838	5847976
4839	-1
4840	5849117
4841	5850258
4842	5851399
4843	5852540
4844	5853681
4845	5854822
4846	5855963
4847	-1
4848	5857104
4849	5858245
4850	5859386
4851	5860527
4852	5861668
4853	5862809
4854	5863950
4855	-1
4856	5865091
4857	5866232
4858	5867373
4859	5868514
4860	5869655
4861	5870796
4862	5871937
4863	5873078
4864	-1
4865	5874219
4866	5875360
4867	5876501
4868	5877642
4869	5878783
4870	5879924
4871	5881065
4872	-1
4873	5882206
4874	5883347
4875	5884488
4876	5885629
4877	5886770
4878	5887911
4879	5889052
4880	-1
4881	5890193
4882	5891334
4883	5892475
4884	5893616
4885	5894757
4886	5895898
4887	5897039
4888	-1
4889	5898180
4890	5899321
4891	5900462
4892	5901603
4893	5902744
4894	5903885
4895	5905026
4896	-1
4897	5906167
4898	5907308
4899	5908449
4900	5909590
4901	5910731
4902	5911872
4903	5913013
4904	-1
4905	5914154
4906	5915295
4907	5916436
4908	5917577
4909	5918718
4910	5919859
4911	5921000
4912	-1
4913	5922141
4914	5923282
4915	5924423
4916	5925564
4917	5926705
4918	5927846
4919	5928987
4920	-1
4921	5930128
4922	5931269
4923	5932410
4924	5933551
4925	5934692
4926	5935833
4927	5936974
4928	-1
4929	5938115
4930	5939256
4931	5940397
4932	5941538
4933	5942679
4934	5943820
4935	5944961
4936	-1
4937	5946102
4938	5947243
4939	5948384
4940	5949525
4941	5950666
4942	5951807
4943	5952948
4944	5954089
4945	-1
4946	5955230
4947	5956371
4948	5957512
4949	5958653
4950	5959794
4951	5960935
4952	5962076
4953	-1
4954	5963217
4955	5964358
4956	5965499
4957	5966640
4958	5967781
4959	5968922
4960	5970063
4961	-1
4962	5971204
4963	5972345
4964	5973486
4965	5974627
4966	5975768
4967	5976909
4968	5978050
4969	-1
4970	5979191
4971	5980332
4972	5981473
4973	5982614
4974	5983755
4975	5984896
4976	5986037
4977	-1
4978	5987178
4979	5988319
4980	5989460
4981	5990601
4982	5991742
4983	5992883
4984	5994024
4985	-1
4986	5995165
4987	5996306
4988	5997447
4989	5998588
4990	5999729
4991	6000870
4992	6002011
4993	-1
4994	6003152
4995	6004293
4996	6005434
4997	6006575
4998	6007716
4999	6008857
5000	6009998
5001	-1
5002	6011139
5003	6012280
5004	6013421
5005	6014562
5006	6015703
5007	6016844
5008	6017985
5009	-1
5010	6019126
5011	6020267
5012	6021408
5013	6022549
5014	6023690
5015	6024831
5016	6025972
5017	-1
5018	6027113
5019	6028254
5020	6029395
5021	6030536
5022	6031677
5023	6032818
5024	6033959
5025	-1
5026	6035100
5027	6036241
5028	6037382
5029	6038523
5030	6039664
5031	6040805
5032	6041946
5033	6043087
5034	-1
5035	6044228
5036	6045369
5037	6046510
5038	6047651
5039	6048792
5040	6049933
5041	6051074
5042	-1
5043	6052215
5044	6053356
5045	6054497
5046	6055638
5047	6056779
5048	6057920
5049	6059061
5050	-1
5051	6060202
5052	6061343
5053	6062484
5054	6063625
5055	6064766
5056	6065907
5057	6067048
5058	-1
5059	6068189
5060	6069330
5061	6070471
5062	6071612
5063	6072753
5064	6073894
5065	6075035
5066	-1
5067	6076176
5068	6077317
5069	6078458
5070	6079599
5071	6080740
5072	6081881
5073	6083022
5074	-1
5075	6084163
5076	6085304
5077	6086445
5078	6087586
5079	6088727
5080	6089868
5081	6091009
5082	-1
5083	6092150
5084	6093291
5085	6094432
5086	6095573
5087	6096714
5088	6097855
5089	6098996
5090	-1
5091	6100137
5092	6101278
5093	6102419
5094	6103560
5095	6104701
5096	6105842
5097	6106983
5098	-1
5099	6108124
5100	6109265
5101	6110406
5102	6111547
5103	6112688
5104	6113829
5105	6114970
5106	-1
5107	6116111
5108	6117252
5109	6118393
5110	6119534
5111	6120675
5112	6121816
5113	6122957
5114	-1
5115	6124098
5116	6125239
5117	6126380
5118	6127521
5119	6128662
5120	6129803
5121	6130944
5122	6132085
5123	-1
5124	6133226
5125	6134367
5126	6135508
5127	6136649
5128	6137790
5129	6138931
5130	6140072
5131	-1
5132	6141213
5133	6142354
5134	6143495
5135	6144636
5136	6145777
5137	6146918
5138	6148059
5139	-1
5140	6149200
5141	6150341
5142	6151482
5143	6152623
5144	6153764
5145	6154905
5146	6156046
5147	-1
5148	6157187
5149	6158328
5150	6159469
5151	6160610
5152	6161751
5153	6162892
5154	6164033
5155	-1
5156	6165174
5157	6166315
5158	6167456
5159	6168597
5160	6169738
5161	6170879
5162	6172020
5163	-1
5164	6173161
5165	6174302
5166	6175443
5167	6176584
5168	6177725
5169	6178866
5170	6180007
5171	-1
5172	6181148
5173	6182289
5174	6183430
5175	6184571
5176	6185712
5177	6186853
5178	6187994
5179	-1
5180	6189135
5181	6190276
5182	6191417
5183	6192558
5184	6193699
5185	6194840
5186	6195981
5187	-1
5188	6197122
5189	6198263
5190	6199404
5191	6200545
5192	6201686
5193	6202827
5194	6203968
5195	-1
5196	6205109
5197	6206250
5198	6207391
5199	6208532
5200	6209673
5201	6210814
5202	6211955
5203	-1
5204	6213096
5205	6214237
5206	6215378
5207	6216519
5208	6217660
5209	6218801
5210	6219942
5211	6221083
5212	-1
5213	6222224
5214	6223365
5215	6224506
5216	6225647
5217	6226788
5218	6227929
5219	6229070
5220	-1
5221	6230211
5222	6231352
5223	6232493
5224	6233634
5225	6234775
5226	6235916
5227	6237057
5228	-1
5229	6238198
5230	6239339
5231	6240480
5232	6241621
5233	6242762
5234	6243903
5235	6245044
5236	-1
5237	6246185
5238	6247326
5239	6248467
5240	6249608
5241	6250749
5242	6251890
5243	6253031
5244	-1
5245	6254172
5246	6255313
5247	6256454
5248	6257595
5249	6258736
5250	6259877
5251	6261018
5252	-1
5253	6262159
5254	6263300
5255	6264441
5256	6265582
5257	6266723
5258	6267864
5259	6269005
5260	-1
5261	6270146
5262	6271287
5263	6272428
5264	6273569
5265	6274710
5266	6275851
5267	6276992
5268	-1
5269	6278133
5270	6279274
5271	6280415
5272	6281556
5273	6282697
5274	6283838
5275	6284979
5276	-1
5277	6286120
5278	6287261
5279	6288402
5280	6289543
5281	6290684
5282	6291825
5283	6292966
5284	-1
5285	6294107
5286	6295248
5287	6296389
5288	6297530
5289	6298671
5290	6299812
5291	6300953
5292	-1
5293	6302094
5294	6303235
5295	6304376
5296	6305517
5297	6306658
5298	6307799
5299	6308940
5300	6310081
5301	-1
5302	6311222
5303	6312363
5304	6313504
5305	6314645
5306	6315786
5307	6316927
5308	6318068
5309	-1
5310	6319209
5311	6320350
5312	6321491
5313	6322632
5314	6323773
5315	6324914
5316	6326055
5317	-1
5318	6327196
5319	6328337
5320	6329478
5321	6330619
5322	6331760
5323	6332901
5324	6334042
5325	-1
5326	6335183
5327	6336324
5328	6337465
5329	6338606
5330	6339747
5331	6340888
5332	6342029
5333	-1
5334	6343170
5335	6344311
5336	6345452
5337	6346593
5338	6347734
5339	6348875
5340	6350016
5341	-1
5342	6351157
5343	6352298
5344	6353439
5345	6354580
5346	6355721
5347	6356862
5348	6358003
5349	-1
5350	6359144
5351	6360285
5352	6361426
5353	6362567
5354	6363708
5355	6364849
5356	6365990
5357	-1
5358	6367131
5359	6368272
5360	6369413
5361	6370554
5362	6371695
5363	6372836
5364	6373977
5365	-1
5366	6375118
5367	6376259
5368	6377400
5369	6378541
5370	6379682
5371	6380823
5372	6381964
5373	-1
5374	6383105
5375	6384246
5376	6385387
5377	6386528
5378	6387669
5379	6388810
5380	6389951
5381	-1
5382	6391092
5383	6392233
5384	6393374
5385	6394515
5386	6395656
5387	6396797
5388	6397938
5389	6399079
5390	-1
5391	6400220
5392	6401361
5393	6402502
5394	6403643
5395	6404784
5396	6405925
5397	6407066
5398	-1
5399	6408207
5400	6409348
5401	6410489
5402	6411630
5403	6412771
5404	6413912
5405	6415053
5406	-1
5407	6416194
5408	6417335
5409	6418476
5410	6419617
5411	6420758
5412	6421899
5413	6423040
5414	-1
5415	6424181
5416	6425322
5417	6426463
5418	6427604
5419	6428745
5420	6429886
5421	6431027
5422	-1
5423	6432168
5424	6433309
5425	6434450
5426	6435591
5427	6436732
5428	6437873
5429	6439014
5430	-1
5431	6440155
5432	6441296
5433	6442437
5434	6443578
5435	6444719
5436	6445860
5437	6447001
5438	-1
5439	6448142
5440	6449283
5441	6450424
5442	6451565
5443	6452706
5444	6453847
5445	6454988
5446	-1
5447	6456129
5448	6457270
5449	6458411
5450	6459552
5451	6460693
5452	6461834
5453	6462975
5454	-1
5455	6464116
5456	6465257
5457	6466398
5458	6467539
5459	6468680
5460	6469821
5461	6470962
5462	-1
5463	6472103
5464	6473244
5465	6474385
5466	6475526
5467	6476667
5468	6477808
5469	6478949
5470	-1
5471	6480090
5472	6481231
5473	6482372
5474	6483513
5475	6484654
5476	6485795
5477	6486936
5478	6488077
5479	-1
5480	6489218
5481	6490359
5482	6491500
5483	6492641
5484	6493782
5485	6494923
5486	6496064
5487	-1
5488	6497205
5489	6498346
5490	6499487
5491	6500628
5492	6501769
5493	6502910
5494	6504051
5495	-1
5496	6505192
5497	6506333
5498	6507474
5499	6508615
5500	6509756
5501	6510897
5502	6512038
5503	-1
5504	6513179
5505	6514320
5506	6515461
5507	6516602
5508	6517743
5509	6518884
5510	6520025
5511	-1
5512	6521166
5513	6522307
5514	6523448
5515	6524589
5516	6525730
5517	6526871
5518	6528012
5519	-1
5520	6529153
5521	6530294
5522	6531435
5523	6532576
5524	6533717
5525	6534858
5526	6535999
5527	-1
5528	6537140
5529	6538281
5530	6539422
5531	6540563
5532	6541704
5533	6542845
5534	6543986
5535	-1
5536	6545127
5537	6546268
5538	6547409
5539	6548550
5540	6549691
5541	6550832
5542	6551973
5543	-1
5544	6553114
5545	6554255
5546	6555396
5547	6556537
5548	6557678
5549	6558819
5550	6559960
5551	-1
5552	6561101
5553	6562242
5554	6563383
5555	6564524
5556	6565665
5557	6566806
5558	6567947
5559	6569088
5560	-1
5561	6570229
5562	6571370
5563	6572511
5564	6573652
5565	6574793
5566	6575934
5567	6577075
5568	-1
5569	6578216
5570	6579357
5571	6580498
5572	6581639
5573	6582780
5574	6583921
5575	6585062
5576	-1
5577	6586203
5578	6587344
5579	6588485
5580	6589626
5581	6590767
5582	6591908
5583	6593049
5584	-1
5585	6594190
5586	6595331
5587	6596472
5588	6597613
5589	6598754
5590	6599895
5591	6601036
5592	-1
5593	6602177
5594	6603318
5595	6604459
5596	6605600
5597	6606741
5598	6607882
5599	6609023
5600	-1
5601	6610164
5602	6611305
5603	6612446
5604	6613587
5605	6614728
5606	6615869
5607	6617010
5608	-1
5609	6618151
5610	6619292
5611	6620433
5612	6621574
5613	6622715
5614	6623856
5615	6624997
5616	-1
5617	6626138
5618	6627279
5619	6628420
5620	6629561
5621	6630702
5622	6631843
5623	6632984
5624	-1
5625	6634125
5626	6635266
5627	6636407
5628	6637548
5629	6638689
5630	6639830
5631	6640971
5632	-1
5633	6642112
5634	6643253
5635	6644394
5636	6645535
5637	6646676
5638	6647817
5639	6648958
5640	-1
5641	6650099
5642	6651240
5643	6652381
5644	6653522
5645	6654663
5646	6655804
5647	6656945
5648	6658086
5649	-1
5650	6659227
5651	6660368
5652	6661509
5653	6662650
5654	6663791
5655	6664932
5656	6666073
5657	-1
5658	6667214
5659	6668355
5660	6669496
5661	6670637
5662	6671778
5663	6672919
5664	6674060
5665	-1
5666	6675201
5667	6676342
5668	6677483
5669	6678624
5670	6679765
5671	6680906
5672	6682047
5673	-1
5674	6683188
5675	6684329
5676	6685470
5677	6686611
5678	6687752
5679	6688893
5680	6690034
5681	-1
5682	6691175
5683	6692316
5684	6693457
5685	6694598
5686	6695739
5687	6696880
5688	6698021
5689	-1
5690	6699162
5691	6700303
5692	6701444
5693	6702585
5694	6703726
5695	6704867
5696	6706008
5697	-1
5698	6707149
5699	6708290
5700	6709431
5701	6710572
5702	6711713
5703	6712854
5704	6713995
5705	-1
5706	6715136
5707	6716277
5708	6717418
5709	6718559
5710	6719700
5711	6720841
5712	6721982
5713	-1
5714	6723123
5715	6724264
5716	6725405
5717	6726546
5718	6727687
5719	6728828
5720	6729969
5721	-1
5722	6731110
5723	6732251
5724	6733392
5725	6734533
5726	6735674
5727	6736815
5728	6737956
5729	-1
5730	6739097
5731	6740238
5732	6741379
5733	6742520
5734	6743661
5735	6744802
5736	6745943
5737	6747084
5738	-1
5739	6748225
5740	6749366
5741	6750507
5742	6751648
5743	6752789
5744	6753930
5745	6755071
5746	-1
5747	6756212
5748	6757353
5749	6758494
5750	6759635
5751	6760776
5752	6761917
5753	6763058
5754	-1
5755	6764199
5756	6765340
5757	6766481
5758	6767622
5759	6768763
5760	6769904
5761	6771045
5762	-1
5763	6772186
5764	6773327
5765	6774468
5766	6775609
5767	6776750
5768	6777891
5769	6779032
5770	-1
5771	6780173
5772	6781314
5773	6782455
5774	6783596
5775	6784737
5776	6785878
5777	6787019
5778	-1
5779	6788160
5780	6789301
5781	6790442
5782	6791583
5783	6792724
5784	6793865
5785	6795006
5786	-1
5787	6796147
5788	6797288
5789	6798429
5790	6799570
5791	6800711
5792	6801852
5793	6802993
5794	-1
5795	6804134
5796	6805275
5797	6806416
5798	6807557
5799	6808698
5800	6809839
5801	6810980
5802	-1
5803	6812121
5804	6813262
5805	6814403
5806	6815544
5807	6816685
5808	6817826
5809	6818967
5810	-1
5811	6820108
5812	6821249
5813	6822390
5814	6823531
5815	6824672
5816	6825813
5817	6826954
5818	-1
5819	6828095
5820	6829236
5821	6830377
5822	6831518
5823	6832659
5824	6833800
5825	6834941
5826	6836082
5827	-1
5828	6837223
5829	6838364
5830	6839505
5831	6840646
5832	6841787
5833	6842928
5834	6844069
5835	-1
5836	6845210
5837	6846351
5838	6847492
5839	6848633
5840	6849774
5841	6850915
5842	6852056
5843	-1
5844	6853197
5845	6854338
5846	6855479
5847	6856620
5848	6857761
5849	6858902
5850	6860043
5851	-1
5852	6861184
5853	6862325
5854	6863466
5855	6864607
5856	6865748
5857	6866889
5858	6868030
5859	-1
5860	6869171
5861	6870312
5862	6871453
5863	6872594
5864	6873735
5865	6874876
5866	6876017
5867	-1
5868	6877158
5869	6878299
5870	6879440
5871	6880581
5872	6881722
5873	6882863
5874	6884004
5875	-1
5876	6885145
5877	6886286
5878	6887427
5879	6888568
5880	6889709
5881	6890850
5882	6891991
5883	-1
5884	6893132
5885	6894273
5886	6895414
5887	6896555
5888	6897696
5889	6898837
5890	6899978
5891	-1
5892	6901119
5893	6902260
5894	6903401
5895	6904542
5896	6905683
5897	6906824
5898	6907965
5899	-1
5900	6909106
5901	6910247
5902	6911388
5903	6912529
5904	6913670
5905	6914811
5906	6915952
5907	-1
5908	6917093
5909	6918234
5910	6919375
5911	6920516
5912	6921657
5913	6922798
5914	6923939
5915	6925080
5916	-1
5917	6926221
5918	6927362
5919	6928503
5920	6929644
5921	6930785
5922	6931926
5923	6933067
5924	-1
5925	6934208
5926	6935349
5927	6936490
5928	6937631
5929	6938772
5930	6939913
5931	6941054
5932	-1
5933	6942195
5934	6943336
5935	6944477
5936	6945618
5937	6946759
5938	6947900
5939	6949041
5940	-1
5941	6950182
5942	6951323
5943	6952464
5944	6953605
5945	6954746
5946	6955887
5947	6957028
5948	-1
5949	6958169
5950	6959310
5951	6960451
5952	6961592
5953	6962733
5954	6963874
5955	6965015
5956	-1
5957	6966156
5958	6967297
5959	6968438
5960	6969579
5961	6970720
5962	6971861
5963	6973002
5964	-1
5965	6974143
5966	6975284
5967	6976425
5968	6977566
5969	6978707
5970	6979848
5971	6980989
5972	-1
5973	6982130
5974	6983271
5975	6984412
5976	6985553
5977	6986694
5978	6987835
5979	6988976
5980	-1
5981	6990117
5982	6991258
5983	6992399
5984	6993540
5985	6994681
5986	6995822
5987	6996963
5988	-1
5989	6998104
5990	6999245
5991	7000386
5992	7001527
5993	7002668
5994	7003809
5995	7004950
5996	-1
5997	7006091
5998	7007232
5999	7008373
6000	7009514
6001	7010655
6002	7011796
6003	7012937
6004	7014078
6005	-1
6006	7015219
6007	7016360
6008	7017501
6009	7018642
6010	7019783
6011	7020924
6012	7022065
6013	-1
6014	7023206
6015	7024347
6016	7025488
6017	7026629
6018	7027770
6019	7028911
6020	7030052
6021	-1
6022	7031193
6023	7032334
6024	7033475
6025	7034616
6026	7035757
6027	7036898
6028	7038039
6029	-1
6030	7039180
6031	7040321
6032	7041462
6033	7042603
6034	7043744
6035	7044885
6036	7046026
6037	-1
6038	7047167
6039	7048308
6040	7049449
6041	7050590
6042	7051731
6043	7052872
6044	7054013
6045	-1
6046	7055154
6047	7056295
6048	7057436
6049	7058577
6050	7059718
6051	7060859
6052	7062000
6053	-1
6054	7063141
6055	7064282
6056	7065423
6057	7066564
6058	7067705
6059	7068846
6060	7069987
6061	-1
6062	7071128
6063	7072269
6064	7073410
6065	7074551
6066	7075692
6067	7076833
6068	7077974
6069	-1
6070	7079115
6071	7080256
6072	7081397
6073	7082538
6074	7083679
6075	7084820
6076	7085961
6077	-1
6078	7087102
6079	7088243
6080	7089384
6081	7090525
6082	7091666
6083	7092807
6084	7093948
6085	7095089
6086	-1
6087	7096230
6088	7097371
6089	7098512
6090	7099653
6091	7100794
6092	7101935
6093	7103076
6094	-1
6095	7104217
6096	7105358
6097	7106499
6098	7107640
6099	7108781
6100	7109922
6101	7111063
6102	-1
6103	7112204
6104	7113345
6105	7114486
6106	7115627
6107	7116768
6108	7117909
6109	7119050
6110	-1
6111	7120191
6112	7121332
6113	7122473
6114	7123614
6115	7124755
6116	7125896
6117	7127037
6118	-1
6119	7128178
6120	7129319
6121	7130460
6122	7131601
6123	7132742
6124	7133883
6125	7135024
6126	-1
6127	7136165
6128	7137306
6129	7138447
6130	7139588
6131	7140729
6132	7141870
6133	7143011
6134	-1
6135	7144152
6136	7145293
6137	7146434
6138	7147575
6139	7148716
6140	7149857
6141	7150998
6142	-1
6143	7152139
6144	7153280
6145	7154421
6146	7155562
6147	7156703
6148	7157844
6149	7158985
6150	-1
6151	7160126
6152	7161267
6153	7162408
6154	7163549
6155	7164690
6156	7165831
6157	7166972
6158	-1
6159	7168113
6160	7169254
6161	7170395
6162	7171536
6163	7172677
6164	7173818
6165	7174959
6166	-1
6167	7176100
6168	7177241
6169	7178382
6170	7179523
6171	7180664
6172	7181805
6173	7182946
6174	7184087
6175	-1
6176	7185228
6177	7186369
6178	7187510
6179	7188651
6180	7189792
6181	7190933
6182	7192074
6183	-1
6184	7193215
6185	7194356
6186	7195497
6187	7196638
6188	7197779
6189	7198920
6190	7200061
6191	-1
6192	7201202
6193	7202343
6194	7203484
6195	7204625
6196	7205766
6197	7206907
6198	7208048
6199	-1
6200	7209189
6201	7210330
6202	7211471
6203	7212612
6204	7213753
6205	7214894
6206	7216035
6207	-1
6208	7217176
6209	7218317
6210	7219458
6211	7220599
6212	7221740
6213	7222881
6214	7224022
6215	-1
6216	7225163
6217	7226304
6218	7227445
6219	7228586
6220	7229727
6221	7230868
6222	7232009
6223	-1
6224	7233150
6225	7234291
6226	7235432
6227	7236573
6228	7237714
6229	7238855
6230	7239996
6231	-1
6232	7241137
6233	7242278
6234	7243419
6235	7244560
6236	7245701
6237	7246842
6238	7247983
6239	-1
6240	7249124
6241	7250265
6242	7251406
6243	7252547
6244	7253688
6245	7254829
6246	7255970
6247	-1
6248	7257111
6249	7258252
6250	7259393
6251	7260534
6252	7261675
6253	7262816
6254	7263957
6255	-1
6256	7265098
6257	7266239
6258	7267380
6259	7268521
6260	7269662
6261	7270803
6262	7271944
6263	7273085
6264	-1
6265	7274226
6266	7275367
6267	7276508
6268	7277649
6269	7278790
6270	7279931
6271	7281072
6272	-1
6273	7282213
6274	7283354
6275	7284495
6276	7285636
6277	7286777
6278	7287918
6279	7289059
6280	-1
6281	7290200
6282	7291341
6283	7292482
6284	7293623
6285	7294764
6286	7295905
6287	7297046
6288	-1
6289	7298187
6290	7299328
6291	7300469
6292	7301610
6293	7302751
6294	7303892
6295	7305033
6296	-1
6297	7306174
6298	7307315
6299	7308456
6300	7309597
6301	7310738
6302	7311879
6303	7313020
6304	-1
6305	7314161
6306	7315302
6307	7316443
6308	7317584
6309	7318725
6310	7319866
6311	7321007
6312	-1
6313	7322148
6314	7323289
6315	7324430
6316	7325571
6317	7326712
6318	7327853
6319	7328994
6320	-1
6321	7330135
6322	7331276
6323	7332417
6324	7333558
6325	7334699
6326	7335840
6327	7336981
6328	-1
6329	7338122
6330	7339263
6331	7340404
6332	7341545
6333	7342686
6334	7343827
6335	7344968
6336	-1
6337	7346109
6338	7347250
6339	7348391
6340	7349532
6341	7350673
6342	7351814
6343	7352955
6344	-1
6345	7354096
6346	7355237
6347	7356378
6348	7357519
6349	7358660
6350	7359801
6351	7360942
6352	7362083
6353	-1
6354	7363224
6355	7364365
6356	7365506
6357	7366647
6358	7367788
6359	7368929
6360	7370070
6361	-1
6362	7371211
6363	7372352
6364	7373493
6365	7374634
6366	7375775
6367	7376916
6368	7378057
6369	-1
6370	7379198
6371	7380339
6372	7381480
6373	7382621
6374	7383762
6375	7384903
6376	7386044
6377	-1
6378	7387185
6379	7388326
6380	7389467
6381	7390608
6382	7391749
6383	7392890
6384	7394031
6385	-1
6386	7395172
6387	7396313
6388	7397454
6389	7398595
6390	7399736
6391	7400877
6392	7402018
6393	-1
6394	7403159
6395	7404300
6396	7405441
6397	7406582
6398	7407723
6399	7408864
6400	7410005
6401	-1
6402	7411146
6403	7412287
6404	7413428
6405	7414569
6406	7415710
6407	7416851
6408	7417992
6409	-1
6410	7419133
6411	7420274
6412	7421415
6413	7422556
6414	7423697
6415	7424838
6416	7425979
6417	-1
6418	7427120
6419	7428261
6420	7429402
6421	7430543
6422	7431684
6423	7432825
6424	7433966
6425	-1
6426	7435107
6427	7436248
6428	7437389
6429	7438530
6430	7439671
6431	7440812
6432	7441953
6433	-1
6434	7443094
6435	7444235
6436	7445376
6437	7446517
6438	7447658
6439	7448799
6440	7449940
6441	7451081
6442	-1
6443	7452222
6444	7453363
6445	7454504
6446	7455645
6447	7456786
6448	7457927
6449	7459068
6450	-1
6451	7460209
6452	7461350
6453	7462491
6454	7463632
6455	7464773
6456	7465914
6457	7467055
6458	-1
6459	7468196
6460	7469337
6461	7470478
6462	7471619
6463	7472760
6464	7473901
6465	7475042
6466	-1
6467	7476183
6468	7477324
6469	7478465
6470	7479606
6471	7480747
6472	7481888
6473	7483029
6474	-1
6475	7484170
6476	7485311
6477	7486452
6478	7487593
6479	7488734
6480	7489875
6481	7491016
6482	-1
6483	7492157
6484	7493298
6485	7494439
6486	7495580
6487	7496721
6488	7497862
6489	7499003
6490	-1
6491	7500144
6492	7501285
6493	7502426
6494	7503567
6495	7504708
6496	7505849
6497	7506990
6498	-1
6499	7508131
6500	7509272
6501	7510413
6502	7511554
6503	7512695
6504	7513836
6505	7514977
6506	-1
6507	7516118
6508	7517259
6509	7518400
6510	7519541
6511	7520682
6512	7521823
6513	7522964
6514	-1
6515	7524105
6516	7525246
6517	7526387
6518	7527528
6519	7528669
6520	7529810
6521	7530951
6522	-1
6523	7532092
6524	7533233
6525	7534374
6526	7535515
6527	7536656
6528	7537797
6529	7538938
6530	7540079
6531	-1
6532	7541220
6533	7542361
6534	7543502
6535	7544643
6536	7545784
6537	7546925
6538	7548066
6539	-1
6540	7549207
6541	7550348
6542	7551489
6543	7552630
6544	7553771
6545	7554912
6546	7556053
6547	-1
6548	7557194
6549	7558335
6550	7559476
6551	7560617
6552	7561758
6553	7562899
6554	7564040
6555	-1
6556	7565181
6557	7566322
6558	7567463
6559	7568604
6560	7569745
6561	7570886
6562	7572027
6563	-1
6564	7573168
6565	7574309
6566	7575450
6567	7576591
6568	7577732
6569	7578873
6570	7580014
6571	-1
6572	7581155
6573	7582296
6574	7583437
6575	7584578
6576	7585719
6577	7586860
6578	7588001
6579	-1
6580	7589142
6581	7590283
6582	7591424
6583	7592565
6584	7593706
6585	7594847
6586	7595988
6587	-1
6588	7597129
6589	7598270
6590	7599411
6591	7600552
6592	7601693
6593	7602834
6594	7603975
6595	-1
6596	7605116
6597	7606257
6598	7607398
6599	7608539
6600	7609680
6601	7610821
6602	7611962
6603	-1
6604	7613103
6605	7614244
6606	7615385
6607	7616526
6608	7617667
6609	7618808
6610	7619949
6611	-1
6612	7621090
6613	7622231
6614	7623372
6615	7624513
6616	7625654
6617	7626795
6618	7627936
6619	7629077
6620	-1
6621	7630218
6622	7631359
6623	7632500
6624	7633641
6625	7634782
6626	7635923
6627	7637064
6628	-1
6629	7638205
6630	7639346
6631	7640487
6632	7641628
6633	7642769
6634	7643910
6635	7645051
6636	-1
6637	7646192
6638	7647333
6639	7648474
6640	7649615
6641	7650756
6642	7651897
6643	7653038
6644	-1
6645	7654179
6646	7655320
6647	7656461
6648	7657602
6649	7658743
6650	7659884
6651	7661025
6652	-1
6653	7662166
6654	7663307
6655	7664448
6656	7665589
6657	7666730
6658	7667871
6659	7669012
6660	-1
6661	7670153
6662	7671294
6663	7672435
6664	7673576
6665	7674717
6666	7675858
6667	7676999
6668	-1
6669	7678140
6670	7679281
6671	7680422
6672	7681563
6673	7682704
6674	7683845
6675	7684986
6676	-1
6677	7686127
6678	7687268
6679	7688409
6680	7689550
6681	7690691
6682	7691832
6683	7692973
6684	-1
6685	7694114
6686	7695255
6687	7696396
6688	7697537
6689	7698678
6690	7699819
6691	7700960
6692	-1
6693	7702101
6694	7703242
6695	7704383
6696	7705524
6697	7706665
6698	7707806
6699	7708947
6700	7710088
6701	-1
6702	7711229
6703	7712370
6704	7713511
6705	7714652
6706	7715793
6707	7716934
6708	7718075
6709	-1
6710	7719216
6711	7720357
6712	7721498
6713	7722639
6714	7723780
6715	7724921
6716	7726062
6717	-1
6718	7727203
6719	7728344
6720	7729485
6721	7730626
6722	7731767
6723	7732908
6724	7734049
6725	-1
6726	7735190
6727	7736331
6728	7737472
6729	7738613
6730	7739754
6731	7740895
6732	7742036
6733	-1
6734	7743177
6735	7744318
6736	7745459
6737	7746600
6738	7747741
6739	7748882
6740	7750023
6741	-1
6742	7751164
6743	7752305
6744	7753446
6745	7754587
6746	7755728
6747	7756869
6748	7758010
6749	-1
6750	7759151
6751	7760292
6752	7761433
6753	7762574
6754	7763715
6755	7764856
6756	7765997
6757	-1
6758	7767138
6759	7768279
6760	7769420
6761	7770561
6762	7771702
6763	7772843
6764	7773984
6765	-1
6766	7775125
6767	7776266
6768	7777407
6769	7778548
6770	7779689
6771	7780830
6772	7781971
6773	-1
6774	7783112
6775	7784253
6776	7785394
6777	7786535
6778	7787676
6779	7788817
6780	7789958
6781	-1
6782	7791099
6783	7792240
6784	7793381
6785	7794522
6786	7795663
6787	7796804
6788	7797945
6789	7799086
6790	-1
6791	7800227
6792	7801368
6793	7802509
6794	7803650
6795	7804791
6796	7805932
6797	7807073
6798	-1
6799	7808214
6800	7809355
6801	7810496
6802	7811637
6803	7812778
6804	7813919
6805	7815060
6806	-1
6807	7816201
6808	7817342
6809	7818483
6810	7819624
6811	7820765
6812	7821906
6813	7823047
6814	-1
6815	7824188
6816	7825329
6817	7826470
6818	7827611
6819	7828752
6820	7829893
6821	7831034
6822	-1
6823	7832175
6824	7833316
6825	7834457
6826	7835598
6827	7836739
6828	7837880
6829	7839021
6830	-1
6831	7840162
6832	7841303
6833	7842444
6834	7843585
6835	7844726
6836	7845867
6837	7847008
6838	-1
6839	7848149
6840	7849290
6841	7850431
6842	7851572
6843	7852713
6844	7853854
6845	7854995
6846	-1
6847	7856136
6848	7857277
6849	7858418
6850	7859559
6851	7860700
6852	7861841
6853	7862982
6854	-1
6855	7864123
6856	7865264
6857	7866405
6858	7867546
6859	7868687
6860	7869828
6861	7870969
6862	-1
6863	7872110
6864	7873251
6865	7874392
6866	7875533
6867	7876674
6868	7877815
6869	7878956
6870	-1
6871	7880097
6872	7881238
6873	7882379
6874	7883520
6875	7884661
6876	7885802
6877	7886943
6878	7888084
6879	-1
6880	7889225
6881	7890366
6882	7891507
6883	7892648
6884	7893789
6885	7894930
6886	7896071
6887	-1
6888	7897212
6889	7898353
6890	7899494
6891	7900635
6892	7901776
6893	7902917
6894	7904058
6895	-1
6896	7905199
6897	7906340
6898	7907481
6899	7908622
6900	7909763
6901	7910904
6902	7912045
6903	-1
6904	7913186
6905	7914327
6906	7915468
6907	7916609
6908	7917750
6909	7918891
6910	7920032
6911	-1
6912	7921173
6913	7922314
6914	7923455
6915	7924596
6916	7925737
6917	7926878
6918	7928019
6919	-1
6920	7929160
6921	7930301
6922	7931442
6923	7932583
6924	7933724
6925	7934865
6926	7936006
6927	-1
6928	7937147
6929	7938288
6930	7939429
6931	7940570
6932	7941711
6933	7942852
6934	7943993
6935	-1
6936	7945134
6937	7946275
6938	7947416
6939	7948557
6940	7949698
6941	7950839
6942	7951980
6943	-1
6944	7953121
6945	7954262
6946	7955403
6947	7956544
6948	7957685
6949	7958826
6950	7959967
6951	-1
6952	7961108
6953	7962249
6954	7963390
6955	7964531
6956	7965672
6957	7966813
6958	7967954
6959	-1
6960	7969095
6961	7970236
6962	7971377
6963	7972518
6964	7973659
6965	7974800
6966	7975941
6967	7977082
6968	-1
6969	7978223
6970	7979364
6971	7980505
6972	7981646
6973	7982787
6974	7983928
6975	7985069
6976	-1
6977	7986210
6978	7987351
6979	7988492
6980	7989633
6981	7990774
6982	7991915
6983	7993056
6984	-1
6985	7994197
6986	7995338
6987	7996479
6988	7997620
6989	7998761
6990	7999902
6991	8001043
6992	-1
6993	8002184
6994	8003325
6995	8004466
6996	8005607
6997	8006748
6998	8007889
6999	8009030
7000	-1
7001	8010171
7002	8011312
7003	8012453
7004	8013594
7005	8014735
7006	8015876
7007	8017017
7008	-1
7009	8018158
7010	8019299
7011	8020440
7012	8021581
7013	8022722
7014	8023863
7015	8025004
7016	-1
7017	8026145
7018	8027286
7019	8028427
7020	8029568
7021	8030709
7022	8031850
7023	8032991
7024	-1
7025	8034132
7026	8035273
7027	8036414
7028	8037555
7029	8038696
7030	8039837
7031	8040978
7032	-1
7033	8042119
7034	8043260
7035	8044401
7036	8045542
7037	8046683
7038	8047824
7039	8048965
7040	-1
7041	8050106
7042	8051247
7043	8052388
7044	8053529
7045	8054670
7046	8055811
7047	8056952
7048	-1
7049	8058093
7050	8059234
7051	8060375
7052	8061516
7053	8062657
7054	8063798
7055	8064939
7056	8066080
7057	-1
7058	8067221
7059	8068362
7060	8069503
7061	8070644
7062	8071785
7063	8072926
7064	8074067
7065	-1
7066	8075208
7067	8076349
7068	8077490
7069	8078631
7070	8079772
7071	8080913
7072	8082054
7073	-1
7074	8083195
7075	8084336
7076	8085477
7077	8086618
7078	8087759
7079	8088900
7080	8090041
7081	-1
7082	8091182
7083	8092323
7084	8093464
7085	8094605
7086	8095746
7087	8096887
7088	8098028
7089	-1
7090	8099169
7091	8100310
7092	8101451
7093	8102592
7094	8103733
7095	8104874
7096	8106015
7097	-1
7098	8107156
7099	8108297
7100	8109438
7101	8110579
7102	8111720
7103	8112861
7104	8114002
7105	-1
7106	8115143
7107	8116284
7108	8117425
7109	8118566
7110	8119707
7111	8120848
7112	8121989
7113	-1
7114	8123130
7115	8124271
7116	8125412
7117	8126553
7118	8127694
7119	8128835
7120	8129976
7121	-1
7122	8131117
7123	8132258
7124	8133399
7125	8134540
7126	8135681
7127	8136822
7128	8137963
7129	-1
7130	8139104
7131	8140245
7132	8141386
7133	8142527
7134	8143668
7135	8144809
7136	8145950
7137	-1
7138	8147091
7139	8148232
7140	8149373
7141	8150514
7142	8151655
7143	8152796
7144	8153937
7145	8155078
7146	-1
7147	8156219
7148	8157360
7149	8158501
7150	8159642
7151	8160783
7152	8161924
7153	8163065
7154	-1
7155	8164206
7156	8165347
7157	8166488
7158	8167629
7159	8168770
7160	8169911
7161	8171052
7162	-1
7163	8172193
7164	8173334
7165	8174475
7166	8175616
7167	8176757
7168	8177898
7169	8179039
7170	-1
7171	8180180
7172	8181321
7173	8182462
7174	8183603
7175	8184744
7176	8185885
7177	8187026
7178	-1
7179	8188167
7180	8189308
7181	8190449
7182	8191590
7183	8192731
7184	8193872
7185	8195013
7186	-1
7187	8196154
7188	8197295
7189	8198436
7190	8199577
7191	8200718
7192	8201859
7193	8203000
7194	-1
7195	8204141
7196	8205282
7197	8206423
7198	8207564
7199	8208705
7200	8209846
7201	8210987
7202	-1
7203	8212128
7204	8213269
7205	8214410
7206	8215551
7207	8216692
7208	8217833
7209	8218974
7210	-1
7211	8220115
7212	8221256
7213	8222397
7214	8223538
7215	8224679
7216	8225820
7217	8226961
7218	-1
7219	8228102
7220	8229243
7221	8230384
7222	8231525
7223	8232666
7224	8233807
7225	8234948
7226	8236089
7227	-1
7228	8237230
7229	8238371
7230	8239512
7231	8240653
7232	8241794
7233	8242935
7234	8244076
7235	-1
7236	8245217
7237	8246358
7238	8247499
7239	8248640
7240	8249781
7241	8250922
7242	8252063
7243	-1
7244	8253204
7245	8254345
7246	8255486
7247	8256627
7248	8257768
7249	8258909
7250	8260050
7251	-1
7252	8261191
7253	8262332
7254	8263473
7255	8264614
7256	8265755
7257	8266896
7258	8268037
7259	-1
7260	8269178
7261	8270319
7262	8271460
7263	8272601
7264	8273742
7265	8274883
7266	8276024
7267	-1
7268	8277165
7269	8278306
7270	8279447
7271	8280588
7272	8281729
7273	8282870
7274	8284011
7275	-1
7276	8285152
7277	8286293
7278	8287434
7279	8288575
7280	8289716
7281	8290857
7282	8291998
7283	-1
7284	8293139
7285	8294280
7286	8295421
7287	8296562
7288	8297703
7289	8298844
7290	8299985
7291	-1
7292	8301126
7293	8302267
7294	8303408
7295	8304549
7296	8305690
7297	8306831
7298	8307972
7299	-1
7300	8309113
7301	8310254
7302	8311395
7303	8312536
7304	8313677
7305	8314818
7306	8315959
7307	-1
7308	8317100
7309	8318241
7310	8319382
7311	8320523
7312	8321664
7313	8322805
7314	8323946
7315	8325087
7316	-1
7317	8326228
7318	8327369
7319	8328510
7320	8329651
7321	8330792
7322	8331933
7323	8333074
7324	-1
7325	8334215
7326	8335356
7327	8336497
7328	8337638
7329	8338779
7330	8339920
7331	8341061
7332	-1
7333	8342202
7334	8343343
7335	8344484
7336	8345625
7337	8346766
7338	8347907
7339	8349048
7340	-1
7341	8350189
7342	8351330
7343	8352471
7344	8353612
7345	8354753
7346	8355894
7347	8357035
7348	-1
7349	8358176
7350	8359317
7351	8360458
7352	8361599
7353	8362740
7354	8363881
7355	8365022
7356	-1
7357	8366163
7358	8367304
7359	8368445
7360	8369586
7361	8370727
7362	8371868
7363	8373009
7364	-1
7365	8374150
7366	8375291
7367	8376432
7368	8377573
7369	8378714
7370	8379855
7371	8380996
7372	-1
7373	8382137
7374	8383278
7375	8384419
7376	8385560
7377	8386701
7378	8387842
7379	8388983
7380	-1
7381	8390124
7382	8391265
7383	8392406
7384	8393547
7385	8394688
7386	8395829
7387	8396970
7388	-1
7389	8398111
7390	8399252
7391	8400393
7392	8401534
7393	8402675
7394	8403816
7395	8404957
7396	-1
7397	8406098
7398	8407239
7399	8408380
7400	8409521
7401	8410662
7402	8411803
7403	8412944
7404	8414085
7405	-1
7406	8415226
7407	8416367
7408	8417508
7409	8418649
7410	8419790
7411	8420931
7412	8422072
7413	-1
7414	8423213
7415	8424354
7416	8425495
7417	8426636
7418	8427777
7419	8428918
7420	8430059
7421	-1
7422	8431200
7423	8432341
7424	8433482
7425	8434623
7426	8435764
7427	8436905
7428	8438046
7429	-1
7430	8439187
7431	8440328
7432	8441469
7433	8442610
7434	8443751
7435	8444892
7436	8446033
7437	-1
7438	8447174
7439	8448315
7440	8449456
7441	8450597
7442	8451738
7443	8452879
7444	8454020
7445	-1
7446	8455161
7447	8456302
7448	8457443
7449	8458584
7450	8459725
7451	8460866
7452	8462007
7453	-1
7454	8463148
7455	8464289
7456	8465430
7457	8466571
7458	8467712
7459	8468853
7460	8469994
7461	-1
7462	8471135
7463	8472276
7464	8473417
7465	8474558
7466	8475699
7467	8476840
7468	8477981
7469	-1
7470	8479122
7471	8480263
7472	8481404
7473	8482545
7474	8483686
7475	8484827
7476	8485968
7477	-1
7478	8487109
7479	8488250
7480	8489391
7481	8490532
7482	8491673
7483	8492814
7484	8493955
7485	-1
7486	8495096
7487	8496237
7488	8497378
7489	8498519
7490	8499660
7491	8500801
7492	8501942
7493	8503083
7494	-1
7495	8504224
7496	8505365
7497	8506506
7498	8507647
7499	8508788
7500	8509929
7501	8511070
7502	-1
7503	8512211
7504	8513352
7505	8514493
7506	8515634
7507	8516775
7508	8517916
7509	8519057
7510	-1
7511	8520198
7512	8521339
7513	8522480
7514	8523621
7515	8524762
7516	8525903
7517	8527044
7518	-1
7519	8528185
7520	8529326
7521	8530467
7522	8531608
7523	8532749
7524	8533890
7525	8535031
7526	-1
7527	8536172
7528	8537313
7529	8538454
7530	8539595
7531	8540736
7532	8541877
7533	8543018
7534	-1
7535	8544159
7536	8545300
7537	8546441
7538	8547582
7539	8548723
7540	8549864
7541	8551005
7542	-1
7543	8552146
7544	8553287
7545	8554428
7546	8555569
7547	8556710
7548	8557851
7549	8558992
7550	-1
7551	8560133
7552	8561274
7553	8562415
7554	8563556
7555	8564697
7556	8565838
7557	8566979
7558	-1
7559	8568120
7560	8569261
7561	8570402
7562	8571543
7563	8572684
7564	8573825
7565	8574966
7566	-1
7567	8576107
7568	8577248
7569	8578389
7570	8579530
7571	8580671
7572	8581812
7573	8582953
7574	-1
7575	8584094
7576	8585235
7577	8586376
7578	8587517
7579	8588658
7580	8589799
7581	8590940
7582	8592081
7583	-1
7584	8593222
7585	8594363
7586	8595504
7587	8596645
7588	8597786
7589	8598927
7590	8600068
7591	-1
7592	8601209
7593	8602350
7594	8603491
7595	8604632
7596	8605773
7597	8606914
7598	8608055
7599	-1
7600	8609196
7601	8610337
7602	8611478
7603	8612619
7604	8613760
7605	8614901
7606	8616042
7607	-1
7608	8617183
7609	8618324
7610	8619465
7611	8620606
7612	8621747
7613	8622888
7614	8624029
7615	-1
7616	8625170
7617	8626311
7618	8627452
7619	8628593
7620	8629734
7621	8630875
7622	8632016
7623	-1
7624	8633157
7625	8634298
7626	8635439
7627	8636580
7628	8637721
7629	8638862
7630	8640003
7631	-1
7632	8641144
7633	8642285
7634	8643426
7635	8644567
7636	8645708
7637	8646849
7638	8647990
7639	-1
7640	8649131
7641	8650272
7642	8651413
7643	8652554
7644	8653695
7645	8654836
7646	8655977
7647	-1
7648	8657118
7649	8658259
7650	8659400
7651	8660541
7652	8661682
7653	8662823
7654	8663964
7655	-1
7656	8665105
7657	8666246
7658	8667387
7659	8668528
7660	8669669
7661	8670810
7662	8671951
7663	-1
7664	8673092
7665	8674233
7666	8675374
7667	8676515
7668	8677656
7669	8678797
7670	8679938
7671	8681079
7672	-1
7673	8682220
7674	8683361
7675	8684502
7676	8685643
7677	8686784
7678	8687925
7679	8689066
7680	-1
7681	8690207
7682	8691348
7683	8692489
7684	8693630
7685	8694771
7686	8695912
7687	8697053
7688	-1
7689	8698194
7690	8699335
7691	8700476
7692	8701617
7693	8702758
7694	8703899
7695	8705040
7696	-1
7697	8706181
7698	8707322
7699	8708463
7700	8709604
7701	8710745
7702	8711886
7703	8713027
7704	-1
7705	8714168
7706	8715309
7707	8716450
7708	8717591
7709	8718732
7710	8719873
7711	8721014
7712	-1
7713	8722155
7714	8723296
7715	8724437
7716	8725578
7717	8726719
7718	8727860
7719	8729001
7720	-1
7721	8730142
7722	8731283
7723	8732424
7724	8733565
7725	8734706
7726	8735847
7727	8736988
7728	-1
7729	8738129
7730	8739270
7731	8740411
7732	8741552
7733	8742693
7734	8743834
7735	8744975
7736	-1
7737	8746116
7738	8747257
7739	8748398
7740	8749539
7741	8750680
7742	8751821
7743	8752962
7744	-1
7745	8754103
7746	8755244
7747	8756385
7748	8757526
7749	8758667
7750	8759808
7751	8760949
7752	-1
7753	8762090
7754	8763231
7755	8764372
7756	8765513
7757	8766654
7758	8767795
7759	8768936
7760	8770077
7761	-1
7762	8771218
7763	8772359
7764	8773500
7765	8774641
7766	8775782
7767	8776923
7768	8778064
7769	-1
7770	8779205
7771	8780346
7772	8781487
7773	8782628
7774	8783769
7775	8784910
7776	8786051
7777	-1
7778	8787192
7779	8788333
7780	8789474
7781	8790615
7782	8791756
7783	8792897
7784	8794038
7785	-1
7786	8795179
7787	8796320
7788	8797461
7789	8798602
7790	8799743
7791	8800884
7792	8802025
7793	-1
7794	8803166
7795	8804307
7796	8805448
7797	8806589
7798	8807730
7799	8808871
7800	8810012
7801	-1
7802	8811153
7803	8812294
7804	8813435
7805	8814576
7806	8815717
7807	8816858
7808	8817999
7809	-1
7810	8819140
7811	8820281
7812	8821422
7813	8822563
7814	8823704
7815	8824845
7816	8825986
7817	-1
7818	8827127
7819	8828268
7820	8829409
7821	8830550
7822	8831691
7823	8832832
7824	8833973
7825	-1
7826	8835114
7827	8836255
7828	8837396
7829	8838537
7830	8839678
7831	8840819
7832	8841960
7833	-1
7834	8843101
7835	8844242
7836	8845383
7837	8846524
7838	8847665
7839	8848806
7840	8849947
7841	8851088
7842	-1
7843	8852229
7844	8853370
7845	8854511
7846	8855652
7847	8856793
7848	8857934
7849	8859075
7850	-1
7851	8860216
7852	8861357
7853	8862498
7854	8863639
7855	8864780
7856	8865921
7857	8867062
7858	-1
7859	8868203
7860	8869344
7861	8870485
7862	8871626
7863	8872767
7864	8873908
7865	8875049
7866	-1
7867	8876190
7868	8877331
7869	8878472
7870	8879613
7871	8880754
7872	8881895
7873	8883036
7874	-1
7875	8884177
7876	8885318
7877	8886459
7878	8887600
7879	8888741
7880	8889882
7881	8891023
7882	-1
7883	8892164
7884	8893305
7885	8894446
7886	8895587
7887	8896728
7888	8897869
7889	8899010
7890	-1
7891	8900151
7892	8901292
7893	8902433
7894	8903574
7895	8904715
7896	8905856
7897	8906997
7898	-1
7899	8908138
7900	8909279
7901	8910420
7902	8911561
7903	8912702
7904	8913843
7905	8914984
7906	-1
7907	8916125
7908	8917266
7909	8918407
7910	8919548
7911	8920689
7912	8921830
7913	8922971
7914	-1
7915	8924112
7916	8925253
7917	8926394
7918	8927535
7919	8928676
7920	8929817
7921	8930958
7922	-1
7923	8932099
7924	8933240
7925	8934381
7926	8935522
7927	8936663
7928	8937804
7929	8938945
7930	8940086
7931	-1
7932	8941227
7933	8942368
7934	8943509
7935	8944650
7936	8945791
7937	8946932
7938	8948073
7939	-1
7940	8949214
7941	8950355
7942	8951496
7943	8952637
7944	8953778
7945	8954919
7946	8956060
7947	-1
7948	8957201
7949	8958342
7950	8959483
7951	8960624
7952	8961765
7953	8962906
7954	8964047
7955	-1
7956	8965188
7957	8966329
7958	8967470
7959	8968611
7960	8969752
7961	8970893
7962	8972034
7963	-1
7964	8973175
7965	8974316
7966	8975457
7967	8976598
7968	8977739
7969	8978880
7970	8980021
7971	-1
7972	8981162
7973	8982303
7974	8983444
7975	8984585
7976	8985726
7977	8986867
7978	8988008
7979	-1
7980	8989149
7981	8990290
7982	8991431
7983	8992572
7984	8993713
7985	8994854
7986	8995995
7987	-1
7988	8997136
7989	8998277
7990	8999418
7991	9000559
7992	9001700
7993	9002841
7994	9003982
7995	-1
7996	9005123
7997	9006264
7998	9007405
7999	9008546
