0	1010897
1	1013939
2	-1
3	-1
4	1016982
5	-1
6	-1
7	1020025
8	-1
9	-1
10	1023067
11	-1
12	-1
13	1026110
14	-1
15	-1
16	1029153
17	-1
18	-1
19	1032195
20	-1
21	-1
22	1035238
23	-1
24	-1
25	1038281
26	-1
27	-1
28	1041323
29	-1
30	-1
31	1044366
32	-1
33	-1
34	1047409
35	-1
36	-1
37	1050451
38	-1
39	-1
40	1053494
41	-1
42	-1
43	1056537
44	-1
45	-1
46	1059579
47	-1
48	-1
49	1062622
50	-1
51	-1
52	1065665
53	-1
54	-1
55	1068707
56	-1
57	-1
58	1071750
59	-1
60	-1
61	1074793
62	-1
63	-1
64	1077835
65	-1
66	-1
67	1080878
68	-1
69	-1
70	-1
71	1083921
72	-1
73	-1
74	1086963
75	-1
76	-1
77	1090006
78	-1
79	-1
80	1093049
81	-1
82	-1
83	1096091
84	-1
85	-1
86	1099134
87	-1
88	-1
89	1102177
90	-1
91	-1
92	1105219
93	-1
94	-1
95	1108262
96	-1
97	-1
98	1111305
99	-1
100	-1
101	1114347
102	-1
103	-1
104	1117390
105	-1
106	-1
107	1120433
108	-1
109	-1
110	1123475
111	-1
112	-1
113	1126518
114	-1
115	-1
116	1129561
117	-1
118	-1
119	1132603
120	-1
121	-1
122	1135646
123	-1
124	-1
125	1138689
126	-1
127	-1
128	1141731
129	-1
130	-1
131	1144774
132	-1
133	-1
134	1147817
135	-1
136	-1
137	1150859
138	-1
139	-1
140	-1
141	1153902
142	-1
143	-1
144	1156945
145	-1
146	-1
147	1159987
148	-1
149	-1
150	1163030
151	-1
152	-1
153	1166073
154	-1
155	-1
156	1169115
157	-1
158	-1
159	1172158
160	-1
161	-1
162	1175201
163	-1
164	-1
165	1178243
166	-1
167	-1
168	1181286
169	-1
170	-1
171	1184329
172	-1
173	-1
174	1187371
175	-1
176	-1
177	1190414
178	-1
179	-1
180	1193457
181	-1
182	-1
183	1196499
184	-1
185	-1
186	1199542
187	-1
188	-1
189	1202585
190	-1
191	-1
192	1205627
193	-1
194	-1
195	1208670
196	-1
197	-1
198	1211713
199	-1
200	-1
201	1214755
202	-1
203	-1
204	1217798
205	-1
206	-1
207	1220841
208	-1
209	-1
210	1223883
211	-1
212	-1
213	-1
214	1226926
215	-1
216	-1
217	1229969
218	-1
219	-1
220	1233011
221	-1
222	-1
223	1236054
224	-1
225	-1
226	1239097
227	-1
228	-1
229	1242139
230	-1
231	-1
232	1245182
233	-1
234	-1
235	1248225
236	-1
237	-1
238	1251267
239	-1
240	-1
241	1254310
242	-1
243	-1
244	1257353
245	-1
246	-1
247	1260395
248	-1
249	-1
250	1263438
251	-1
252	-1
253	1266481
254	-1
255	-1
256	1269523
257	-1
258	-1
259	1272566
260	-1
261	-1
262	1275609
263	-1
264	-1
265	1278651
266	-1
267	-1
268	1281694
269	-1
270	-1
271	1284737
272	-1
273	-1
274	1287779
275	-1
276	-1
277	1290822
278	-1
279	-1
280	1293865
281	-1
282	-1
283	-1
284	1296907
285	-1
286	-1
287	1299950
288	-1
289	-1
290	1302993
291	-1
292	-1
293	1306035
294	-1
295	-1
296	1309078
297	-1
298	-1
299	1312121
300	-1
301	-1
302	1315163
303	-1
304	-1
305	1318206
306	-1
307	-1
308	1321249
309	-1
310	-1
311	1324291
312	-1
313	-1
314	1327334
315	-1
316	-1
317	1330377
318	-1
319	-1
320	1333419
321	-1
322	-1
323	1336462
324	-1
325	-1
326	1339505
327	-1
328	-1
329	1342547
330	-1
331	-1
332	1345590
333	-1
334	-1
335	1348633
336	-1
337	-1
338	1351675
339	-1
340	-1
341	1354718
342	-1
343	-1
344	1357761
345	-1
346	-1
347	1360803
348	-1
349	-1
350	1363846
351	-1
352	-1
353	1366889
354	-1
355	-1
356	-1
357	1369931
358	-1
359	-1
360	1372974
361	-1
362	-1
363	1376017
364	-1
365	-1
366	1379059
367	-1
368	-1
369	1382102
370	-1
371	-1
372	1385145
373	-1
374	-1
375	1388187
376	-1
377	-1
378	1391230
379	-1
380	-1
381	1394273
382	-1
383	-1
384	1397315
385	-1
386	-1
387	1400358
388	-1
389	-1
390	1403401
391	-1
392	-1
393	1406443
394	-1
395	-1
396	1409486
397	-1
398	-1
399	1412529
400	-1
401	-1
402	1415571
403	-1
404	-1
405	1418614
406	-1
407	-1
408	1421657
409	-1
410	-1
411	1424699
412	-1
413	-1
414	1427742
415	-1
416	-1
417	1430785
418	-1
419	-1
420	1433827
421	-1
422	-1
423	1436870
424	-1
425	-1
426	-1
427	1439913
428	-1
429	-1
430	1442955
431	-1
432	-1
433	1445998
434	-1
435	-1
436	1449041
437	-1
438	-1
439	1452083
440	-1
441	-1
442	1455126
443	-1
444	-1
445	1458169
446	-1
447	-1
448	1461211
449	-1
450	-1
451	1464254
452	-1
453	-1
454	1467297
455	-1
456	-1
457	1470339
458	-1
459	-1
460	1473382
461	-1
462	-1
463	1476425
464	-1
465	-1
466	1479467
467	-1
468	-1
469	1482510
470	-1
471	-1
472	1485553
473	-1
474	-1
475	1488595
476	-1
477	-1
478	1491638
479	-1
480	-1
481	1494681
482	-1
483	-1
484	1497723
485	-1
486	-1
487	1500766
488	-1
489	-1
490	1503809
491	-1
492	-1
493	1506851
494	-1
495	-1
496	-1
497	1509894
498	-1
499	-1
500	1512937
501	-1
502	-1
503	1515979
504	-1
505	-1
506	1519022
507	-1
508	-1
509	1522065
510	-1
511	-1
512	1525107
513	-1
514	-1
515	1528150
516	-1
517	-1
518	1531193
519	-1
520	-1
521	1534235
522	-1
523	-1
524	1537278
525	-1
526	-1
527	1540321
528	-1
529	-1
530	1543363
531	-1
532	-1
533	1546406
534	-1
535	-1
536	1549449
537	-1
538	-1
539	1552491
540	-1
541	-1
542	1555534
543	-1
544	-1
545	1558577
546	-1
547	-1
548	1561619
549	-1
550	-1
551	1564662
552	-1
553	-1
554	1567705
555	-1
556	-1
557	1570747
558	-1
559	-1
560	1573790
561	-1
562	-1
563	1576833
564	-1
565	-1
566	1579875
567	-1
568	-1
569	-1
570	1582918
571	-1
572	-1
573	1585961
574	-1
575	-1
576	1589003
577	-1
578	-1
579	1592046
580	-1
581	-1
582	1595089
583	-1
584	-1
585	1598131
586	-1
587	-1
588	1601174
589	-1
590	-1
591	1604217
592	-1
593	-1
594	1607259
595	-1
596	-1
597	1610302
598	-1
599	-1
600	1613345
601	-1
602	-1
603	1616387
604	-1
605	-1
606	1619430
607	-1
608	-1
609	1622473
610	-1
611	-1
612	1625515
613	-1
614	-1
615	1628558
616	-1
617	-1
618	1631601
619	-1
620	-1
621	1634643
622	-1
623	-1
624	1637686
625	-1
626	-1
627	1640729
628	-1
629	-1
630	1643771
631	-1
632	-1
633	1646814
634	-1
635	-1
636	1649857
637	-1
638	-1
639	-1
640	1652899
641	-1
642	-1
643	1655942
644	-1
645	-1
646	1658985
647	-1
648	-1
649	1662027
650	-1
651	-1
652	1665070
653	-1
654	-1
655	1668113
656	-1
657	-1
658	1671155
659	-1
660	-1
661	1674198
662	-1
663	-1
664	1677241
665	-1
666	-1
667	1680283
668	-1
669	-1
670	1683326
671	-1
672	-1
673	1686369
674	-1
675	-1
676	1689411
677	-1
678	-1
679	1692454
680	-1
681	-1
682	1695497
683	-1
684	-1
685	1698539
686	-1
687	-1
688	1701582
689	-1
690	-1
691	1704625
692	-1
693	-1
694	1707667
695	-1
696	-1
697	1710710
698	-1
699	-1
700	1713753
701	-1
702	-1
703	1716795
704	-1
705	-1
706	1719838
707	-1
708	-1
709	1722881
710	-1
711	-1
712	-1
713	1725923
714	-1
715	-1
716	1728966
717	-1
718	-1
719	1732009
720	-1
721	-1
722	1735051
723	-1
724	-1
725	1738094
726	-1
727	-1
728	1741137
729	-1
730	-1
731	1744179
732	-1
733	-1
734	1747222
735	-1
736	-1
737	1750265
738	-1
739	-1
740	1753307
741	-1
742	-1
743	1756350
744	-1
745	-1
746	1759393
747	-1
748	-1
749	1762435
750	-1
751	-1
752	1765478
753	-1
754	-1
755	1768521
756	-1
757	-1
758	1771563
759	-1
760	-1
761	1774606
762	-1
763	-1
764	1777649
765	-1
766	-1
767	1780691
768	-1
769	-1
770	1783734
771	-1
772	-1
773	1786777
774	-1
775	-1
776	1789819
777	-1
778	-1
779	1792862
780	-1
781	-1
782	-1
783	1795905
784	-1
785	-1
786	1798947
787	-1
788	-1
789	1801990
790	-1
791	-1
792	1805033
793	-1
794	-1
795	1808075
796	-1
797	-1
798	1811118
799	-1
800	-1
801	1814161
802	-1
803	-1
804	1817203
805	-1
806	-1
807	1820246
808	-1
809	-1
810	1823289
811	-1
812	-1
813	1826331
814	-1
815	-1
816	1829374
817	-1
818	-1
819	1832417
820	-1
821	-1
822	1835459
823	-1
824	-1
825	1838502
826	-1
827	-1
828	1841545
829	-1
830	-1
831	1844587
832	-1
833	-1
834	1847630
835	-1
836	-1
837	1850673
838	-1
839	-1
840	1853715
841	-1
842	-1
843	1856758
844	-1
845	-1
846	1859801
847	-1
848	-1
849	1862843
850	-1
851	-1
852	1865886
853	-1
854	-1
855	-1
856	1868929
857	-1
858	-1
859	1871971
860	-1
861	-1
862	1875014
863	-1
864	-1
865	1878057
866	-1
867	-1
868	1881099
869	-1
870	-1
871	1884142
872	-1
873	-1
874	1887185
875	-1
876	-1
877	1890227
878	-1
879	-1
880	1893270
881	-1
882	-1
883	1896313
884	-1
885	-1
886	1899355
887	-1
888	-1
889	1902398
890	-1
891	-1
892	1905441
893	-1
894	-1
895	1908483
896	-1
897	-1
898	1911526
899	-1
900	-1
901	1914569
902	-1
903	-1
904	1917611
905	-1
906	-1
907	1920654
908	-1
909	-1
910	1923697
911	-1
912	-1
913	1926739
914	-1
915	-1
916	1929782
917	-1
918	-1
919	1932825
920	-1
921	-1
922	1935867
923	-1
924	-1
925	-1
926	1938910
927	-1
928	-1
929	1941953
930	-1
931	-1
932	1944995
933	-1
934	-1
935	1948038
936	-1
937	-1
938	1951081
939	-1
940	-1
941	1954123
942	-1
943	-1
944	1957166
945	-1
946	-1
947	1960209
948	-1
949	-1
950	1963251
951	-1
952	-1
953	1966294
954	-1
955	-1
956	1969337
957	-1
958	-1
959	1972379
960	-1
961	-1
962	1975422
963	-1
964	-1
965	1978465
966	-1
967	-1
968	1981507
969	-1
970	-1
971	1984550
972	-1
973	-1
974	1987593
975	-1
976	-1
977	1990635
978	-1
979	-1
980	1993678
981	-1
982	-1
983	1996721
984	-1
985	-1
986	1999763
987	-1
988	-1
989	2002806
990	-1
991	-1
992	2005849
993	-1
994	-1
995	2008891
996	-1
997	-1
998	-1
999	2011934
1000	-1
1001	-1
1002	2014977
1003	-1
1004	-1
1005	2018019
1006	-1
1007	-1
1008	2021062
1009	-1
1010	-1
1011	2024105
1012	-1
1013	-1
1014	2027147
1015	-1
1016	-1
1017	2030190
1018	-1
1019	-1
1020	2033233
1021	-1
1022	-1
1023	2036275
1024	-1
1025	-1
1026	2039318
1027	-1
1028	-1
1029	2042361
1030	-1
1031	-1
1032	2045403
1033	-1
1034	-1
1035	2048446
1036	-1
1037	-1
1038	2051489
1039	-1
1040	-1
1041	2054531
1042	-1
1043	-1
1044	2057574
1045	-1
1046	-1
1047	2060617
1048	-1
1049	-1
1050	2063659
1051	-1
1052	-1
1053	2066702
1054	-1
1055	-1
1056	2069745
1057	-1
1058	-1
1059	2072787
1060	-1
1061	-1
1062	2075830
1063	-1
1064	-1
1065	2078873
1066	-1
1067	-1
1068	-1
1069	2081915
1070	-1
1071	-1
1072	2084958
1073	-1
1074	-1
1075	2088001
1076	-1
1077	-1
1078	2091043
1079	-1
1080	-1
1081	2094086
1082	-1
1083	-1
1084	2097129
1085	-1
1086	-1
1087	2100171
1088	-1
1089	-1
1090	2103214
1091	-1
1092	-1
1093	2106257
1094	-1
1095	-1
1096	2109299
1097	-1
1098	-1
1099	2112342
1100	-1
1101	-1
1102	2115385
1103	-1
1104	-1
1105	2118427
1106	-1
1107	-1
1108	2121470
1109	-1
1110	-1
1111	2124513
1112	-1
1113	-1
1114	2127555
1115	-1
1116	-1
1117	2130598
1118	-1
1119	-1
1120	2133641
1121	-1
1122	-1
1123	2136683
1124	-1
1125	-1
1126	2139726
1127	-1
1128	-1
1129	2142769
1130	-1
1131	-1
1132	2145811
1133	-1
1134	-1
1135	2148854
1136	-1
1137	-1
1138	-1
1139	2151897
1140	-1
1141	-1
1142	2154939
1143	-1
1144	-1
1145	2157982
1146	-1
1147	-1
1148	2161025
1149	-1
1150	-1
1151	2164067
1152	-1
1153	-1
1154	2167110
1155	-1
1156	-1
1157	2170153
1158	-1
1159	-1
1160	2173195
1161	-1
1162	-1
1163	2176238
1164	-1
1165	-1
1166	2179281
1167	-1
1168	-1
1169	2182323
1170	-1
1171	-1
1172	2185366
1173	-1
1174	-1
1175	2188409
1176	-1
1177	-1
1178	2191451
1179	-1
1180	-1
1181	2194494
1182	-1
1183	-1
1184	2197537
1185	-1
1186	-1
1187	2200579
1188	-1
1189	-1
1190	2203622
1191	-1
1192	-1
1193	2206665
1194	-1
1195	-1
1196	2209707
1197	-1
1198	-1
1199	2212750
1200	-1
1201	-1
1202	2215793
1203	-1
1204	-1
1205	2218835
1206	-1
1207	-1
1208	2221878
1209	-1
1210	-1
1211	-1
1212	2224921
1213	-1
1214	-1
1215	2227963
1216	-1
1217	-1
1218	2231006
1219	-1
1220	-1
1221	2234049
1222	-1
1223	-1
1224	2237091
1225	-1
1226	-1
1227	2240134
1228	-1
1229	-1
1230	2243177
1231	-1
1232	-1
1233	2246219
1234	-1
1235	-1
1236	2249262
1237	-1
1238	-1
1239	2252305
1240	-1
1241	-1
1242	2255347
1243	-1
1244	-1
1245	2258390
1246	-1
1247	-1
1248	2261433
1249	-1
1250	-1
1251	2264475
1252	-1
1253	-1
1254	2267518
1255	-1
1256	-1
1257	2270561
1258	-1
1259	-1
1260	2273603
1261	-1
1262	-1
1263	2276646
1264	-1
1265	-1
1266	2279689
1267	-1
1268	-1
1269	2282731
1270	-1
1271	-1
1272	2285774
1273	-1
1274	-1
1275	2288817
1276	-1
1277	-1
1278	2291859
1279	-1
1280	-1
1281	-1
1282	2294902
1283	-1
1284	-1
1285	2297945
1286	-1
1287	-1
1288	2300987
1289	-1
1290	-1
1291	2304030
1292	-1
1293	-1
1294	2307073
1295	-1
1296	-1
1297	2310115
1298	-1
1299	-1
1300	2313158
1301	-1
1302	-1
1303	2316201
1304	-1
1305	-1
1306	2319243
1307	-1
1308	-1
1309	2322286
1310	-1
1311	-1
1312	2325329
1313	-1
1314	-1
1315	2328371
1316	-1
1317	-1
1318	2331414
1319	-1
1320	-1
1321	2334457
1322	-1
1323	-1
1324	2337499
1325	-1
1326	-1
1327	2340542
1328	-1
1329	-1
1330	2343585
1331	-1
1332	-1
1333	2346627
1334	-1
1335	-1
1336	2349670
1337	-1
1338	-1
1339	2352713
1340	-1
1341	-1
1342	2355755
1343	-1
1344	-1
1345	2358798
1346	-1
1347	-1
1348	2361841
1349	-1
1350	-1
1351	2364883
1352	-1
1353	-1
1354	-1
1355	2367926
1356	-1
1357	-1
1358	2370969
1359	-1
1360	-1
1361	2374011
1362	-1
1363	-1
1364	2377054
1365	-1
1366	-1
1367	2380097
1368	-1
1369	-1
1370	2383139
1371	-1
1372	-1
1373	2386182
1374	-1
1375	-1
1376	2389225
1377	-1
1378	-1
1379	2392267
1380	-1
1381	-1
1382	2395310
1383	-1
1384	-1
1385	2398353
1386	-1
1387	-1
1388	2401395
1389	-1
1390	-1
1391	2404438
1392	-1
1393	-1
1394	2407481
1395	-1
1396	-1
1397	2410523
1398	-1
1399	-1
1400	2413566
1401	-1
1402	-1
1403	2416609
1404	-1
1405	-1
1406	2419651
1407	-1
1408	-1
1409	2422694
1410	-1
1411	-1
1412	2425737
1413	-1
1414	-1
1415	2428779
1416	-1
1417	-1
1418	2431822
1419	-1
1420	-1
1421	2434865
1422	-1
1423	-1
1424	-1
1425	2437907
1426	-1
1427	-1
1428	2440950
1429	-1
1430	-1
1431	2443993
1432	-1
1433	-1
1434	2447035
1435	-1
1436	-1
1437	2450078
1438	-1
1439	-1
1440	2453121
1441	-1
1442	-1
1443	2456163
1444	-1
1445	-1
1446	2459206
1447	-1
1448	-1
1449	2462249
1450	-1
1451	-1
1452	2465291
1453	-1
1454	-1
1455	2468334
1456	-1
1457	-1
1458	2471377
1459	-1
1460	-1
1461	2474419
1462	-1
1463	-1
1464	2477462
1465	-1
1466	-1
1467	2480505
1468	-1
1469	-1
1470	2483547
1471	-1
1472	-1
1473	2486590
1474	-1
1475	-1
1476	2489633
1477	-1
1478	-1
1479	2492675
1480	-1
1481	-1
1482	2495718
1483	-1
1484	-1
1485	2498761
1486	-1
1487	-1
1488	2501803
1489	-1
1490	-1
1491	2504846
1492	-1
1493	-1
1494	2507889
1495	-1
1496	-1
1497	-1
1498	2510931
1499	-1
1500	-1
1501	2513974
1502	-1
1503	-1
1504	2517017
1505	-1
1506	-1
1507	2520059
1508	-1
1509	-1
1510	2523102
1511	-1
1512	-1
1513	2526145
1514	-1
1515	-1
1516	2529187
1517	-1
1518	-1
1519	2532230
1520	-1
1521	-1
1522	2535273
1523	-1
1524	-1
1525	2538315
1526	-1
1527	-1
1528	2541358
1529	-1
1530	-1
1531	2544401
1532	-1
1533	-1
1534	2547443
1535	-1
1536	-1
1537	2550486
1538	-1
1539	-1
1540	2553529
1541	-1
1542	-1
1543	2556571
1544	-1
1545	-1
1546	2559614
1547	-1
1548	-1
1549	2562657
1550	-1
1551	-1
1552	2565699
1553	-1
1554	-1
1555	2568742
1556	-1
1557	-1
1558	2571785
1559	-1
1560	-1
1561	2574827
1562	-1
1563	-1
1564	2577870
1565	-1
1566	-1
1567	-1
1568	2580913
1569	-1
1570	-1
1571	2583955
1572	-1
1573	-1
1574	2586998
1575	-1
1576	-1
1577	2590041
1578	-1
1579	-1
1580	2593083
1581	-1
1582	-1
1583	2596126
1584	-1
1585	-1
1586	2599169
1587	-1
1588	-1
1589	2602211
1590	-1
1591	-1
1592	2605254
1593	-1
1594	-1
1595	2608297
1596	-1
1597	-1
1598	2611339
1599	-1
1600	-1
1601	2614382
1602	-1
1603	-1
1604	2617425
1605	-1
1606	-1
1607	2620467
1608	-1
1609	-1
1610	2623510
1611	-1
1612	-1
1613	2626553
1614	-1
1615	-1
1616	2629595
1617	-1
1618	-1
1619	2632638
1620	-1
1621	-1
1622	2635681
1623	-1
1624	-1
1625	2638723
1626	-1
1627	-1
1628	2641766
1629	-1
1630	-1
1631	2644809
1632	-1
1633	-1
1634	2647851
1635	-1
1636	-1
1637	-1
1638	2650894
1639	-1
1640	-1
1641	2653937
1642	-1
1643	-1
1644	2656979
1645	-1
1646	-1
1647	2660022
1648	-1
1649	-1
1650	2663065
1651	-1
1652	-1
1653	2666107
1654	-1
1655	-1
1656	2669150
1657	-1
1658	-1
1659	2672193
1660	-1
1661	-1
1662	2675235
1663	-1
1664	-1
1665	2678278
1666	-1
1667	-1
1668	2681321
1669	-1
1670	-1
1671	2684363
1672	-1
1673	-1
1674	2687406
1675	-1
1676	-1
1677	2690449
1678	-1
1679	-1
1680	2693491
1681	-1
1682	-1
1683	2696534
1684	-1
1685	-1
1686	2699577
1687	-1
1688	-1
1689	2702619
1690	-1
1691	-1
1692	2705662
1693	-1
1694	-1
1695	2708705
1696	-1
1697	-1
1698	2711747
1699	-1
1700	-1
1701	2714790
1702	-1
1703	-1
1704	2717833
1705	-1
1706	-1
1707	2720875
1708	-1
1709	-1
1710	-1
1711	2723918
1712	-1
1713	-1
1714	2726961
1715	-1
1716	-1
1717	2730003
1718	-1
1719	-1
1720	2733046
1721	-1
1722	-1
1723	2736089
1724	-1
1725	-1
1726	2739131
1727	-1
1728	-1
1729	2742174
1730	-1
1731	-1
1732	2745217
1733	-1
1734	-1
1735	2748259
1736	-1
1737	-1
1738	2751302
1739	-1
1740	-1
1741	2754345
1742	-1
1743	-1
1744	2757387
1745	-1
1746	-1
1747	2760430
1748	-1
1749	-1
1750	2763473
1751	-1
1752	-1
1753	2766515
1754	-1
1755	-1
1756	2769558
1757	-1
1758	-1
1759	2772601
1760	-1
1761	-1
1762	2775643
1763	-1
1764	-1
1765	2778686
1766	-1
1767	-1
1768	2781729
1769	-1
1770	-1
1771	2784771
1772	-1
1773	-1
1774	2787814
1775	-1
1776	-1
1777	2790857
1778	-1
1779	-1
1780	-1
1781	2793899
1782	-1
1783	-1
1784	2796942
1785	-1
1786	-1
1787	2799985
1788	-1
1789	-1
1790	2803027
1791	-1
1792	-1
1793	2806070
1794	-1
1795	-1
1796	2809113
1797	-1
1798	-1
1799	2812155
1800	-1
1801	-1
1802	2815198
1803	-1
1804	-1
1805	2818241
1806	-1
1807	-1
1808	2821283
1809	-1
1810	-1
1811	2824326
1812	-1
1813	-1
1814	2827369
1815	-1
1816	-1
1817	2830411
1818	-1
1819	-1
1820	2833454
1821	-1
1822	-1
1823	2836497
1824	-1
1825	-1
1826	2839539
1827	-1
1828	-1
1829	2842582
1830	-1
1831	-1
1832	2845625
1833	-1
1834	-1
1835	2848667
1836	-1
1837	-1
1838	2851710
1839	-1
1840	-1
1841	2854753
1842	-1
1843	-1
1844	2857795
1845	-1
1846	-1
1847	2860838
1848	-1
1849	-1
1850	2863881
1851	-1
1852	-1
1853	-1
1854	2866923
1855	-1
1856	-1
1857	2869966
1858	-1
1859	-1
1860	2873009
1861	-1
1862	-1
1863	2876051
1864	-1
1865	-1
1866	2879094
1867	-1
1868	-1
1869	2882137
1870	-1
1871	-1
1872	2885179
1873	-1
1874	-1
1875	2888222
1876	-1
1877	-1
1878	2891265
1879	-1
1880	-1
1881	2894307
1882	-1
1883	-1
1884	2897350
1885	-1
1886	-1
1887	2900393
1888	-1
1889	-1
1890	2903435
1891	-1
1892	-1
1893	2906478
1894	-1
1895	-1
1896	2909521
1897	-1
1898	-1
1899	2912563
1900	-1
1901	-1
1902	2915606
1903	-1
1904	-1
1905	2918649
1906	-1
1907	-1
1908	2921691
1909	-1
1910	-1
1911	2924734
1912	-1
1913	-1
1914	2927777
1915	-1
1916	-1
1917	2930819
1918	-1
1919	-1
1920	2933862
1921	-1
1922	-1
1923	-1
1924	2936905
1925	-1
1926	-1
1927	2939947
1928	-1
1929	-1
1930	2942990
1931	-1
1932	-1
1933	2946033
1934	-1
1935	-1
1936	2949075
1937	-1
1938	-1
1939	2952118
1940	-1
1941	-1
1942	2955161
1943	-1
1944	-1
1945	2958203
1946	-1
1947	-1
1948	2961246
1949	-1
1950	-1
1951	2964289
1952	-1
1953	-1
1954	2967331
1955	-1
1956	-1
1957	2970374
1958	-1
1959	-1
1960	2973417
1961	-1
1962	-1
1963	2976459
1964	-1
1965	-1
1966	2979502
1967	-1
1968	-1
1969	2982545
1970	-1
1971	-1
1972	2985587
1973	-1
1974	-1
1975	2988630
1976	-1
1977	-1
1978	2991673
1979	-1
1980	-1
1981	2994715
1982	-1
1983	-1
1984	2997758
1985	-1
1986	-1
1987	3000801
1988	-1
1989	-1
1990	3003843
1991	-1
1992	-1
1993	3006886
1994	-1
1995	-1
1996	-1
1997	3009929
1998	-1
1999	-1
2000	3012971
2001	-1
2002	-1
2003	3016014
2004	-1
2005	-1
2006	3019057
2007	-1
2008	-1
2009	3022099
2010	-1
2011	-1
2012	3025142
2013	-1
2014	-1
2015	3028185
2016	-1
2017	-1
2018	3031227
2019	-1
2020	-1
2021	3034270
2022	-1
2023	-1
2024	3037313
2025	-1
2026	-1
2027	3040355
2028	-1
2029	-1
2030	3043398
2031	-1
2032	-1
2033	3046441
2034	-1
2035	-1
2036	3049483
2037	-1
2038	-1
2039	3052526
2040	-1
2041	-1
2042	3055569
2043	-1
2044	-1
2045	3058611
2046	-1
2047	-1
2048	3061654
2049	-1
2050	-1
2051	3064697
2052	-1
2053	-1
2054	3067739
2055	-1
2056	-1
2057	3070782
2058	-1
2059	-1
2060	3073825
2061	-1
2062	-1
2063	3076867
2064	-1
2065	-1
2066	-1
2067	3079910
2068	-1
2069	-1
2070	3082953
2071	-1
2072	-1
2073	3085995
2074	-1
2075	-1
2076	3089038
2077	-1
2078	-1
2079	3092081
2080	-1
2081	-1
2082	3095123
2083	-1
2084	-1
2085	3098166
2086	-1
2087	-1
2088	3101209
2089	-1
2090	-1
2091	3104251
2092	-1
2093	-1
2094	3107294
2095	-1
2096	-1
2097	3110337
2098	-1
2099	-1
2100	3113379
2101	-1
2102	-1
2103	3116422
2104	-1
2105	-1
2106	3119465
2107	-1
2108	-1
2109	3122507
2110	-1
2111	-1
2112	3125550
2113	-1
2114	-1
2115	3128593
2116	-1
2117	-1
2118	3131635
2119	-1
2120	-1
2121	3134678
2122	-1
2123	-1
2124	3137721
2125	-1
2126	-1
2127	3140763
2128	-1
2129	-1
2130	3143806
2131	-1
2132	-1
2133	3146849
2134	-1
2135	-1
2136	3149891
2137	-1
2138	-1
2139	-1
2140	3152934
2141	-1
2142	-1
2143	3155977
2144	-1
2145	-1
2146	3159019
2147	-1
2148	-1
2149	3162062
2150	-1
2151	-1
2152	3165105
2153	-1
2154	-1
2155	3168147
2156	-1
2157	-1
2158	3171190
2159	-1
2160	-1
2161	3174233
2162	-1
2163	-1
2164	3177275
2165	-1
2166	-1
2167	3180318
2168	-1
2169	-1
2170	3183361
2171	-1
2172	-1
2173	3186403
2174	-1
2175	-1
2176	3189446
2177	-1
2178	-1
2179	3192489
2180	-1
2181	-1
2182	3195531
2183	-1
2184	-1
2185	3198574
2186	-1
2187	-1
2188	3201617
2189	-1
2190	-1
2191	3204659
2192	-1
2193	-1
2194	3207702
2195	-1
2196	-1
2197	3210745
2198	-1
2199	-1
2200	3213787
2201	-1
2202	-1
2203	3216830
2204	-1
2205	-1
2206	3219873
2207	-1
2208	-1
2209	-1
2210	3222915
2211	-1
2212	-1
2213	3225958
2214	-1
2215	-1
2216	3229001
2217	-1
2218	-1
2219	3232043
2220	-1
2221	-1
2222	3235086
2223	-1
2224	-1
2225	3238129
2226	-1
2227	-1
2228	3241171
2229	-1
2230	-1
2231	3244214
2232	-1
2233	-1
2234	3247257
2235	-1
2236	-1
2237	3250299
2238	-1
2239	-1
2240	3253342
2241	-1
2242	-1
2243	3256385
2244	-1
2245	-1
2246	3259427
2247	-1
2248	-1
2249	3262470
2250	-1
2251	-1
2252	3265513
2253	-1
2254	-1
2255	3268555
2256	-1
2257	-1
2258	3271598
2259	-1
2260	-1
2261	3274641
2262	-1
2263	-1
2264	3277683
2265	-1
2266	-1
2267	3280726
2268	-1
2269	-1
2270	3283769
2271	-1
2272	-1
2273	3286811
2274	-1
2275	-1
2276	3289854
2277	-1
2278	-1
2279	-1
2280	3292897
2281	-1
2282	-1
2283	3295939
2284	-1
2285	-1
2286	3298982
2287	-1
2288	-1
2289	3302025
2290	-1
2291	-1
2292	3305067
2293	-1
2294	-1
2295	3308110
2296	-1
2297	-1
2298	3311153
2299	-1
2300	-1
2301	3314195
2302	-1
2303	-1
2304	3317238
2305	-1
2306	-1
2307	3320281
2308	-1
2309	-1
2310	3323323
2311	-1
2312	-1
2313	3326366
2314	-1
2315	-1
2316	3329409
2317	-1
2318	-1
2319	3332451
2320	-1
2321	-1
2322	3335494
2323	-1
2324	-1
2325	3338537
2326	-1
2327	-1
2328	3341579
2329	-1
2330	-1
2331	3344622
2332	-1
2333	-1
2334	3347665
2335	-1
2336	-1
2337	3350707
2338	-1
2339	-1
2340	3353750
2341	-1
2342	-1
2343	3356793
2344	-1
2345	-1
2346	3359835
2347	-1
2348	-1
2349	3362878
2350	-1
2351	-1
2352	-1
2353	3365921
2354	-1
2355	-1
2356	3368963
2357	-1
2358	-1
2359	3372006
2360	-1
2361	-1
2362	3375049
2363	-1
2364	-1
2365	3378091
2366	-1
2367	-1
2368	3381134
2369	-1
2370	-1
2371	3384177
2372	-1
2373	-1
2374	3387219
2375	-1
2376	-1
2377	3390262
2378	-1
2379	-1
2380	3393305
2381	-1
2382	-1
2383	3396347
2384	-1
2385	-1
2386	3399390
2387	-1
2388	-1
2389	3402433
2390	-1
2391	-1
2392	3405475
2393	-1
2394	-1
2395	3408518
2396	-1
2397	-1
2398	3411561
2399	-1
2400	-1
2401	3414603
2402	-1
2403	-1
2404	3417646
2405	-1
2406	-1
2407	3420689
2408	-1
2409	-1
2410	3423731
2411	-1
2412	-1
2413	3426774
2414	-1
2415	-1
2416	3429817
2417	-1
2418	-1
2419	3432859
2420	-1
2421	-1
2422	-1
2423	3435902
2424	-1
2425	-1
2426	3438945
2427	-1
2428	-1
2429	3441988
2430	-1
2431	-1
2432	3445030
2433	-1
2434	-1
2435	3448073
2436	-1
2437	-1
2438	3451116
2439	-1
2440	-1
2441	3454158
2442	-1
2443	-1
2444	3457201
2445	-1
2446	-1
2447	3460244
2448	-1
2449	-1
2450	3463286
2451	-1
2452	-1
2453	3466329
2454	-1
2455	-1
2456	3469372
2457	-1
2458	-1
2459	3472414
2460	-1
2461	-1
2462	3475457
2463	-1
2464	-1
2465	3478500
2466	-1
2467	-1
2468	3481542
2469	-1
2470	-1
2471	3484585
2472	-1
2473	-1
2474	3487628
2475	-1
2476	-1
2477	3490670
2478	-1
2479	-1
2480	3493713
2481	-1
2482	-1
2483	3496756
2484	-1
2485	-1
2486	3499798
2487	-1
2488	-1
2489	3502841
2490	-1
2491	-1
2492	3505884
2493	-1
2494	-1
2495	-1
2496	3508926
2497	-1
2498	-1
2499	3511969
2500	-1
2501	-1
2502	3515012
2503	-1
2504	-1
2505	3518054
2506	-1
2507	-1
2508	3521097
2509	-1
2510	-1
2511	3524140
2512	-1
2513	-1
2514	3527182
2515	-1
2516	-1
2517	3530225
2518	-1
2519	-1
2520	3533268
2521	-1
2522	-1
2523	3536310
2524	-1
2525	-1
2526	3539353
2527	-1
2528	-1
2529	3542396
2530	-1
2531	-1
2532	3545438
2533	-1
2534	-1
2535	3548481
2536	-1
2537	-1
2538	3551524
2539	-1
2540	-1
2541	3554566
2542	-1
2543	-1
2544	3557609
2545	-1
2546	-1
2547	3560652
2548	-1
2549	-1
2550	3563694
2551	-1
2552	-1
2553	3566737
2554	-1
2555	-1
2556	3569780
2557	-1
2558	-1
2559	3572822
2560	-1
2561	-1
2562	3575865
2563	-1
2564	-1
2565	-1
2566	3578908
2567	-1
2568	-1
2569	3581950
2570	-1
2571	-1
2572	3584993
2573	-1
2574	-1
2575	3588036
2576	-1
2577	-1
2578	3591078
2579	-1
2580	-1
2581	3594121
2582	-1
2583	-1
2584	3597164
2585	-1
2586	-1
2587	3600206
2588	-1
2589	-1
2590	3603249
2591	-1
2592	-1
2593	3606292
2594	-1
2595	-1
2596	3609334
2597	-1
2598	-1
2599	3612377
2600	-1
2601	-1
2602	3615420
2603	-1
2604	-1
2605	3618462
2606	-1
2607	-1
2608	3621505
2609	-1
2610	-1
2611	3624548
2612	-1
2613	-1
2614	3627590
2615	-1
2616	-1
2617	3630633
2618	-1
2619	-1
2620	3633676
2621	-1
2622	-1
2623	3636718
2624	-1
2625	-1
2626	3639761
2627	-1
2628	-1
2629	3642804
2630	-1
2631	-1
2632	3645846
2633	-1
2634	-1
2635	3648889
2636	-1
2637	-1
2638	-1
2639	3651932
2640	-1
2641	-1
2642	3654974
2643	-1
2644	-1
2645	3658017
2646	-1
2647	-1
2648	3661060
2649	-1
2650	-1
2651	3664102
2652	-1
2653	-1
2654	3667145
2655	-1
2656	-1
2657	3670188
2658	-1
2659	-1
2660	3673230
2661	-1
2662	-1
2663	3676273
2664	-1
2665	-1
2666	3679316
2667	-1
2668	-1
2669	3682358
2670	-1
2671	-1
2672	3685401
2673	-1
2674	-1
2675	3688444
2676	-1
2677	-1
2678	3691486
2679	-1
2680	-1
2681	3694529
2682	-1
2683	-1
2684	3697572
2685	-1
2686	-1
2687	3700614
2688	-1
2689	-1
2690	3703657
2691	-1
2692	-1
2693	3706700
2694	-1
2695	-1
2696	3709742
2697	-1
2698	-1
2699	3712785
2700	-1
2701	-1
2702	3715828
2703	-1
2704	-1
2705	3718870
2706	-1
2707	-1
2708	-1
2709	3721913
2710	-1
2711	-1
2712	3724956
2713	-1
2714	-1
2715	3727998
2716	-1
2717	-1
2718	3731041
2719	-1
2720	-1
2721	3734084
2722	-1
2723	-1
2724	3737126
2725	-1
2726	-1
2727	3740169
2728	-1
2729	-1
2730	3743212
2731	-1
2732	-1
2733	3746254
2734	-1
2735	-1
2736	3749297
2737	-1
2738	-1
2739	3752340
2740	-1
2741	-1
2742	3755382
2743	-1
2744	-1
2745	3758425
2746	-1
2747	-1
2748	3761468
2749	-1
2750	-1
2751	3764510
2752	-1
2753	-1
2754	3767553
2755	-1
2756	-1
2757	3770596
2758	-1
2759	-1
2760	3773638
2761	-1
2762	-1
2763	3776681
2764	-1
2765	-1
2766	3779724
2767	-1
2768	-1
2769	3782766
2770	-1
2771	-1
2772	3785809
2773	-1
2774	-1
2775	3788852
2776	-1
2777	-1
2778	-1
2779	3791894
2780	-1
2781	-1
2782	3794937
2783	-1
2784	-1
2785	3797980
2786	-1
2787	-1
2788	3801022
2789	-1
2790	-1
2791	3804065
2792	-1
2793	-1
2794	3807108
2795	-1
2796	-1
2797	3810150
2798	-1
2799	-1
2800	3813193
2801	-1
2802	-1
2803	3816236
2804	-1
2805	-1
2806	3819278
2807	-1
2808	-1
2809	3822321
2810	-1
2811	-1
2812	3825364
2813	-1
2814	-1
2815	3828406
2816	-1
2817	-1
2818	3831449
2819	-1
2820	-1
2821	3834492
2822	-1
2823	-1
2824	3837534
2825	-1
2826	-1
2827	3840577
2828	-1
2829	-1
2830	3843620
2831	-1
2832	-1
2833	3846662
2834	-1
2835	-1
2836	3849705
2837	-1
2838	-1
2839	3852748
2840	-1
2841	-1
2842	3855790
2843	-1
2844	-1
2845	3858833
2846	-1
2847	-1
2848	3861876
2849	-1
2850	-1
2851	-1
2852	3864918
2853	-1
2854	-1
2855	3867961
2856	-1
2857	-1
2858	3871004
2859	-1
2860	-1
2861	3874046
2862	-1
2863	-1
2864	3877089
2865	-1
2866	-1
2867	3880132
2868	-1
2869	-1
2870	3883174
2871	-1
2872	-1
2873	3886217
2874	-1
2875	-1
2876	3889260
2877	-1
2878	-1
2879	3892302
2880	-1
2881	-1
2882	3895345
2883	-1
2884	-1
2885	3898388
2886	-1
2887	-1
2888	3901430
2889	-1
2890	-1
2891	3904473
2892	-1
2893	-1
2894	3907516
2895	-1
2896	-1
2897	3910558
2898	-1
2899	-1
2900	3913601
2901	-1
2902	-1
2903	3916644
2904	-1
2905	-1
2906	3919686
2907	-1
2908	-1
2909	3922729
2910	-1
2911	-1
2912	3925772
2913	-1
2914	-1
2915	3928814
2916	-1
2917	-1
2918	3931857
2919	-1
2920	-1
2921	-1
2922	3934900
2923	-1
2924	-1
2925	3937942
2926	-1
2927	-1
2928	3940985
2929	-1
2930	-1
2931	3944028
2932	-1
2933	-1
2934	3947070
2935	-1
2936	-1
2937	3950113
2938	-1
2939	-1
2940	3953156
2941	-1
2942	-1
2943	3956198
2944	-1
2945	-1
2946	3959241
2947	-1
2948	-1
2949	3962284
2950	-1
2951	-1
2952	3965326
2953	-1
2954	-1
2955	3968369
2956	-1
2957	-1
2958	3971412
2959	-1
2960	-1
2961	3974454
2962	-1
2963	-1
2964	3977497
2965	-1
2966	-1
2967	3980540
2968	-1
2969	-1
2970	3983582
2971	-1
2972	-1
2973	3986625
2974	-1
2975	-1
2976	3989668
2977	-1
2978	-1
2979	3992710
2980	-1
2981	-1
2982	3995753
2983	-1
2984	-1
2985	3998796
2986	-1
2987	-1
2988	4001838
2989	-1
2990	-1
2991	4004881
2992	-1
2993	-1
2994	-1
2995	4007924
2996	-1
2997	-1
2998	4010966
2999	-1
3000	-1
3001	4014009
3002	-1
3003	-1
3004	4017052
3005	-1
3006	-1
3007	4020094
3008	-1
3009	-1
3010	4023137
3011	-1
3012	-1
3013	4026180
3014	-1
3015	-1
3016	4029222
3017	-1
3018	-1
3019	4032265
3020	-1
3021	-1
3022	4035308
3023	-1
3024	-1
3025	4038350
3026	-1
3027	-1
3028	4041393
3029	-1
3030	-1
3031	4044436
3032	-1
3033	-1
3034	4047478
3035	-1
3036	-1
3037	4050521
3038	-1
3039	-1
3040	4053564
3041	-1
3042	-1
3043	4056606
3044	-1
3045	-1
3046	4059649
3047	-1
3048	-1
3049	4062692
3050	-1
3051	-1
3052	4065734
3053	-1
3054	-1
3055	4068777
3056	-1
3057	-1
3058	4071820
3059	-1
3060	-1
3061	4074862
3062	-1
3063	-1
3064	-1
3065	4077905
3066	-1
3067	-1
3068	4080948
3069	-1
3070	-1
3071	4083990
3072	-1
3073	-1
3074	4087033
3075	-1
3076	-1
3077	4090076
3078	-1
3079	-1
3080	4093118
3081	-1
3082	-1
3083	4096161
3084	-1
3085	-1
3086	4099204
3087	-1
3088	-1
3089	4102246
3090	-1
3091	-1
3092	4105289
3093	-1
3094	-1
3095	4108332
3096	-1
3097	-1
3098	4111374
3099	-1
3100	-1
3101	4114417
3102	-1
3103	-1
3104	4117460
3105	-1
3106	-1
3107	4120502
3108	-1
3109	-1
3110	4123545
3111	-1
3112	-1
3113	4126588
3114	-1
3115	-1
3116	4129630
3117	-1
3118	-1
3119	4132673
3120	-1
3121	-1
3122	4135716
3123	-1
3124	-1
3125	4138758
3126	-1
3127	-1
3128	4141801
3129	-1
3130	-1
3131	4144844
3132	-1
3133	-1
3134	4147886
3135	-1
3136	-1
3137	-1
3138	4150929
3139	-1
3140	-1
3141	4153972
3142	-1
3143	-1
3144	4157014
3145	-1
3146	-1
3147	4160057
3148	-1
3149	-1
3150	4163100
3151	-1
3152	-1
3153	4166142
3154	-1
3155	-1
3156	4169185
3157	-1
3158	-1
3159	4172228
3160	-1
3161	-1
3162	4175270
3163	-1
3164	-1
3165	4178313
3166	-1
3167	-1
3168	4181356
3169	-1
3170	-1
3171	4184398
3172	-1
3173	-1
3174	4187441
3175	-1
3176	-1
3177	4190484
3178	-1
3179	-1
3180	4193526
3181	-1
3182	-1
3183	4196569
3184	-1
3185	-1
3186	4199612
3187	-1
3188	-1
3189	4202654
3190	-1
3191	-1
3192	4205697
3193	-1
3194	-1
3195	4208740
3196	-1
3197	-1
3198	4211782
3199	-1
3200	-1
3201	4214825
3202	-1
3203	-1
3204	4217868
3205	-1
3206	-1
3207	-1
3208	4220910
3209	-1
3210	-1
3211	4223953
3212	-1
3213	-1
3214	4226996
3215	-1
3216	-1
3217	4230038
3218	-1
3219	-1
3220	4233081
3221	-1
3222	-1
3223	4236124
3224	-1
3225	-1
3226	4239166
3227	-1
3228	-1
3229	4242209
3230	-1
3231	-1
3232	4245252
3233	-1
3234	-1
3235	4248294
3236	-1
3237	-1
3238	4251337
3239	-1
3240	-1
3241	4254380
3242	-1
3243	-1
3244	4257422
3245	-1
3246	-1
3247	4260465
3248	-1
3249	-1
3250	4263508
3251	-1
3252	-1
3253	4266550
3254	-1
3255	-1
3256	4269593
3257	-1
3258	-1
3259	4272636
3260	-1
3261	-1
3262	4275678
3263	-1
3264	-1
3265	4278721
3266	-1
3267	-1
3268	4281764
3269	-1
3270	-1
3271	4284806
3272	-1
3273	-1
3274	4287849
3275	-1
3276	-1
3277	4290892
3278	-1
3279	-1
3280	-1
3281	4293934
3282	-1
3283	-1
3284	4296977
3285	-1
3286	-1
3287	4300020
3288	-1
3289	-1
3290	4303062
3291	-1
3292	-1
3293	4306105
3294	-1
3295	-1
3296	4309148
3297	-1
3298	-1
3299	4312190
3300	-1
3301	-1
3302	4315233
3303	-1
3304	-1
3305	4318276
3306	-1
3307	-1
3308	4321318
3309	-1
3310	-1
3311	4324361
3312	-1
3313	-1
3314	4327404
3315	-1
3316	-1
3317	4330446
3318	-1
3319	-1
3320	4333489
3321	-1
3322	-1
3323	4336532
3324	-1
3325	-1
3326	4339574
3327	-1
3328	-1
3329	4342617
3330	-1
3331	-1
3332	4345660
3333	-1
3334	-1
3335	4348702
3336	-1
3337	-1
3338	4351745
3339	-1
3340	-1
3341	4354788
3342	-1
3343	-1
3344	4357830
3345	-1
3346	-1
3347	4360873
3348	-1
3349	-1
3350	-1
3351	4363916
3352	-1
3353	-1
3354	4366958
3355	-1
3356	-1
3357	4370001
3358	-1
3359	-1
3360	4373044
3361	-1
3362	-1
3363	4376086
3364	-1
3365	-1
3366	4379129
3367	-1
3368	-1
3369	4382172
3370	-1
3371	-1
3372	4385214
3373	-1
3374	-1
3375	4388257
3376	-1
3377	-1
3378	4391300
3379	-1
3380	-1
3381	4394342
3382	-1
3383	-1
3384	4397385
3385	-1
3386	-1
3387	4400428
3388	-1
3389	-1
3390	4403470
3391	-1
3392	-1
3393	4406513
3394	-1
3395	-1
3396	4409556
3397	-1
3398	-1
3399	4412598
3400	-1
3401	-1
3402	4415641
3403	-1
3404	-1
3405	4418684
3406	-1
3407	-1
3408	4421726
3409	-1
3410	-1
3411	4424769
3412	-1
3413	-1
3414	4427812
3415	-1
3416	-1
3417	4430854
3418	-1
3419	-1
3420	-1
3421	4433897
3422	-1
3423	-1
3424	4436940
3425	-1
3426	-1
3427	4439982
3428	-1
3429	-1
3430	4443025
3431	-1
3432	-1
3433	4446068
3434	-1
3435	-1
3436	4449110
3437	-1
3438	-1
3439	4452153
3440	-1
3441	-1
3442	4455196
3443	-1
3444	-1
3445	4458238
3446	-1
3447	-1
3448	4461281
3449	-1
3450	-1
3451	4464324
3452	-1
3453	-1
3454	4467366
3455	-1
3456	-1
3457	4470409
3458	-1
3459	-1
3460	4473452
3461	-1
3462	-1
3463	4476494
3464	-1
3465	-1
3466	4479537
3467	-1
3468	-1
3469	4482580
3470	-1
3471	-1
3472	4485622
3473	-1
3474	-1
3475	4488665
3476	-1
3477	-1
3478	4491708
3479	-1
3480	-1
3481	4494750
3482	-1
3483	-1
3484	4497793
3485	-1
3486	-1
3487	4500836
3488	-1
3489	-1
3490	4503878
3491	-1
3492	-1
3493	-1
3494	4506921
3495	-1
3496	-1
3497	4509964
3498	-1
3499	-1
3500	4513006
3501	-1
3502	-1
3503	4516049
3504	-1
3505	-1
3506	4519092
3507	-1
3508	-1
3509	4522134
3510	-1
3511	-1
3512	4525177
3513	-1
3514	-1
3515	4528220
3516	-1
3517	-1
3518	4531262
3519	-1
3520	-1
3521	4534305
3522	-1
3523	-1
3524	4537348
3525	-1
3526	-1
3527	4540390
3528	-1
3529	-1
3530	4543433
3531	-1
3532	-1
3533	4546476
3534	-1
3535	-1
3536	4549518
3537	-1
3538	-1
3539	4552561
3540	-1
3541	-1
3542	4555604
3543	-1
3544	-1
3545	4558646
3546	-1
3547	-1
3548	4561689
3549	-1
3550	-1
3551	4564732
3552	-1
3553	-1
3554	4567774
3555	-1
3556	-1
3557	4570817
3558	-1
3559	-1
3560	4573860
3561	-1
3562	-1
3563	-1
3564	4576902
3565	-1
3566	-1
3567	4579945
3568	-1
3569	-1
3570	4582988
3571	-1
3572	-1
3573	4586030
3574	-1
3575	-1
3576	4589073
3577	-1
3578	-1
3579	4592116
3580	-1
3581	-1
3582	4595158
3583	-1
3584	-1
3585	4598201
3586	-1
3587	-1
3588	4601244
3589	-1
3590	-1
3591	4604286
3592	-1
3593	-1
3594	4607329
3595	-1
3596	-1
3597	4610372
3598	-1
3599	-1
3600	4613414
3601	-1
3602	-1
3603	4616457
3604	-1
3605	-1
3606	4619500
3607	-1
3608	-1
3609	4622542
3610	-1
3611	-1
3612	4625585
3613	-1
3614	-1
3615	4628628
3616	-1
3617	-1
3618	4631670
3619	-1
3620	-1
3621	4634713
3622	-1
3623	-1
3624	4637756
3625	-1
3626	-1
3627	4640798
3628	-1
3629	-1
3630	4643841
3631	-1
3632	-1
3633	4646884
3634	-1
3635	-1
3636	-1
3637	4649926
3638	-1
3639	-1
3640	4652969
3641	-1
3642	-1
3643	4656012
3644	-1
3645	-1
3646	4659054
3647	-1
3648	-1
3649	4662097
3650	-1
3651	-1
3652	4665140
3653	-1
3654	-1
3655	4668182
3656	-1
3657	-1
3658	4671225
3659	-1
3660	-1
3661	4674268
3662	-1
3663	-1
3664	4677310
3665	-1
3666	-1
3667	4680353
3668	-1
3669	-1
3670	4683396
3671	-1
3672	-1
3673	4686438
3674	-1
3675	-1
3676	4689481
3677	-1
3678	-1
3679	4692524
3680	-1
3681	-1
3682	4695566
3683	-1
3684	-1
3685	4698609
3686	-1
3687	-1
3688	4701652
3689	-1
3690	-1
3691	4704694
3692	-1
3693	-1
3694	4707737
3695	-1
3696	-1
3697	4710780
3698	-1
3699	-1
3700	4713822
3701	-1
3702	-1
3703	4716865
3704	-1
3705	-1
3706	-1
3707	4719908
3708	-1
3709	-1
3710	4722950
3711	-1
3712	-1
3713	4725993
3714	-1
3715	-1
3716	4729036
3717	-1
3718	-1
3719	4732078
3720	-1
3721	-1
3722	4735121
3723	-1
3724	-1
3725	4738164
3726	-1
3727	-1
3728	4741206
3729	-1
3730	-1
3731	4744249
3732	-1
3733	-1
3734	4747292
3735	-1
3736	-1
3737	4750334
3738	-1
3739	-1
3740	4753377
3741	-1
3742	-1
3743	4756420
3744	-1
3745	-1
3746	4759462
3747	-1
3748	-1
3749	4762505
3750	-1
3751	-1
3752	4765548
3753	-1
3754	-1
3755	4768590
3756	-1
3757	-1
3758	4771633
3759	-1
3760	-1
3761	4774676
3762	-1
3763	-1
3764	4777718
3765	-1
3766	-1
3767	4780761
3768	-1
3769	-1
3770	4783804
3771	-1
3772	-1
3773	4786846
3774	-1
3775	-1
3776	4789889
3777	-1
3778	-1
3779	-1
3780	4792932
3781	-1
3782	-1
3783	4795974
3784	-1
3785	-1
3786	4799017
3787	-1
3788	-1
3789	4802060
3790	-1
3791	-1
3792	4805102
3793	-1
3794	-1
3795	4808145
3796	-1
3797	-1
3798	4811188
3799	-1
3800	-1
3801	4814230
3802	-1
3803	-1
3804	4817273
3805	-1
3806	-1
3807	4820316
3808	-1
3809	-1
3810	4823358
3811	-1
3812	-1
3813	4826401
3814	-1
3815	-1
3816	4829444
3817	-1
3818	-1
3819	4832486
3820	-1
3821	-1
3822	4835529
3823	-1
3824	-1
3825	4838572
3826	-1
3827	-1
3828	4841614
3829	-1
3830	-1
3831	4844657
3832	-1
3833	-1
3834	4847700
3835	-1
3836	-1
3837	4850742
3838	-1
3839	-1
3840	4853785
3841	-1
3842	-1
3843	4856828
3844	-1
3845	-1
3846	4859870
3847	-1
3848	-1
3849	-1
3850	4862913
3851	-1
3852	-1
3853	4865956
3854	-1
3855	-1
3856	4868998
3857	-1
3858	-1
3859	4872041
3860	-1
3861	-1
3862	4875084
3863	-1
3864	-1
3865	4878126
3866	-1
3867	-1
3868	4881169
3869	-1
3870	-1
3871	4884212
3872	-1
3873	-1
3874	4887254
3875	-1
3876	-1
3877	4890297
3878	-1
3879	-1
3880	4893340
3881	-1
3882	-1
3883	4896382
3884	-1
3885	-1
3886	4899425
3887	-1
3888	-1
3889	4902468
3890	-1
3891	-1
3892	4905510
3893	-1
3894	-1
3895	4908553
3896	-1
3897	-1
3898	4911596
3899	-1
3900	-1
3901	4914638
3902	-1
3903	-1
3904	4917681
3905	-1
3906	-1
3907	4920724
3908	-1
3909	-1
3910	4923766
3911	-1
3912	-1
3913	4926809
3914	-1
3915	-1
3916	4929852
3917	-1
3918	-1
3919	-1
3920	4932894
3921	-1
3922	-1
3923	4935937
3924	-1
3925	-1
3926	4938980
3927	-1
3928	-1
3929	4942022
3930	-1
3931	-1
3932	4945065
3933	-1
3934	-1
3935	4948108
3936	-1
3937	-1
3938	4951150
3939	-1
3940	-1
3941	4954193
3942	-1
3943	-1
3944	4957236
3945	-1
3946	-1
3947	4960278
3948	-1
3949	-1
3950	4963321
3951	-1
3952	-1
3953	4966364
3954	-1
3955	-1
3956	4969406
3957	-1
3958	-1
3959	4972449
3960	-1
3961	-1
3962	4975492
3963	-1
3964	-1
3965	4978534
3966	-1
3967	-1
3968	4981577
3969	-1
3970	-1
3971	4984620
3972	-1
3973	-1
3974	4987662
3975	-1
3976	-1
3977	4990705
3978	-1
3979	-1
3980	4993748
3981	-1
3982	-1
3983	4996790
3984	-1
3985	-1
3986	4999833
3987	-1
3988	-1
3989	5002876
3990	-1
3991	-1
3992	-1
3993	5005918
3994	-1
3995	-1
3996	5008961
3997	-1
3998	-1
3999	5012004
4000	-1
4001	-1
4002	5015046
4003	-1
4004	-1
4005	5018089
4006	-1
4007	-1
4008	5021132
4009	-1
4010	-1
4011	5024174
4012	-1
4013	-1
4014	5027217
4015	-1
4016	-1
4017	5030260
4018	-1
4019	-1
4020	5033302
4021	-1
4022	-1
4023	5036345
4024	-1
4025	-1
4026	5039388
4027	-1
4028	-1
4029	5042430
4030	-1
4031	-1
4032	5045473
4033	-1
4034	-1
4035	5048516
4036	-1
4037	-1
4038	5051558
4039	-1
4040	-1
4041	5054601
4042	-1
4043	-1
4044	5057644
4045	-1
4046	-1
4047	5060686
4048	-1
4049	-1
4050	5063729
4051	-1
4052	-1
4053	5066772
4054	-1
4055	-1
4056	5069814
4057	-1
4058	-1
4059	5072857
4060	-1
4061	-1
4062	-1
4063	5075900
4064	-1
4065	-1
4066	5078942
4067	-1
4068	-1
4069	5081985
4070	-1
4071	-1
4072	5085028
4073	-1
4074	-1
4075	5088070
4076	-1
4077	-1
4078	5091113
4079	-1
4080	-1
4081	5094156
4082	-1
4083	-1
4084	5097198
4085	-1
4086	-1
4087	5100241
4088	-1
4089	-1
4090	5103284
4091	-1
4092	-1
4093	5106326
4094	-1
4095	-1
4096	5109369
4097	-1
4098	-1
4099	5112412
4100	-1
4101	-1
4102	5115454
4103	-1
4104	-1
4105	5118497
4106	-1
4107	-1
4108	5121540
4109	-1
4110	-1
4111	5124582
4112	-1
4113	-1
4114	5127625
4115	-1
4116	-1
4117	5130668
4118	-1
4119	-1
4120	5133710
4121	-1
4122	-1
4123	5136753
4124	-1
4125	-1
4126	5139796
4127	-1
4128	-1
4129	5142838
4130	-1
4131	-1
4132	5145881
4133	-1
4134	-1
4135	-1
4136	5148924
4137	-1
4138	-1
4139	5151966
4140	-1
4141	-1
4142	5155009
4143	-1
4144	-1
4145	5158052
4146	-1
4147	-1
4148	5161094
4149	-1
4150	-1
4151	5164137
4152	-1
4153	-1
4154	5167180
4155	-1
4156	-1
4157	5170222
4158	-1
4159	-1
4160	5173265
4161	-1
4162	-1
4163	5176308
4164	-1
4165	-1
4166	5179350
4167	-1
4168	-1
4169	5182393
4170	-1
4171	-1
4172	5185436
4173	-1
4174	-1
4175	5188478
4176	-1
4177	-1
4178	5191521
4179	-1
4180	-1
4181	5194564
4182	-1
4183	-1
4184	5197606
4185	-1
4186	-1
4187	5200649
4188	-1
4189	-1
4190	5203692
4191	-1
4192	-1
4193	5206734
4194	-1
4195	-1
4196	5209777
4197	-1
4198	-1
4199	5212820
4200	-1
4201	-1
4202	5215862
4203	-1
4204	-1
4205	-1
4206	5218905
4207	-1
4208	-1
4209	5221948
4210	-1
4211	-1
4212	5224990
4213	-1
4214	-1
4215	5228033
4216	-1
4217	-1
4218	5231076
4219	-1
4220	-1
4221	5234118
4222	-1
4223	-1
4224	5237161
4225	-1
4226	-1
4227	5240204
4228	-1
4229	-1
4230	5243246
4231	-1
4232	-1
4233	5246289
4234	-1
4235	-1
4236	5249332
4237	-1
4238	-1
4239	5252374
4240	-1
4241	-1
4242	5255417
4243	-1
4244	-1
4245	5258460
4246	-1
4247	-1
4248	5261502
4249	-1
4250	-1
4251	5264545
4252	-1
4253	-1
4254	5267588
4255	-1
4256	-1
4257	5270630
4258	-1
4259	-1
4260	5273673
4261	-1
4262	-1
4263	5276716
4264	-1
4265	-1
4266	5279758
4267	-1
4268	-1
4269	5282801
4270	-1
4271	-1
4272	5285844
4273	-1
4274	-1
4275	5288886
4276	-1
4277	-1
4278	-1
4279	5291929
4280	-1
4281	-1
4282	5294972
4283	-1
4284	-1
4285	5298014
4286	-1
4287	-1
4288	5301057
4289	-1
4290	-1
4291	5304100
4292	-1
4293	-1
4294	5307142
4295	-1
4296	-1
4297	5310185
4298	-1
4299	-1
4300	5313228
4301	-1
4302	-1
4303	5316270
4304	-1
4305	-1
4306	5319313
4307	-1
4308	-1
4309	5322356
4310	-1
4311	-1
4312	5325398
4313	-1
4314	-1
4315	5328441
4316	-1
4317	-1
4318	5331484
4319	-1
4320	-1
4321	5334526
4322	-1
4323	-1
4324	5337569
4325	-1
4326	-1
4327	5340612
4328	-1
4329	-1
4330	5343654
4331	-1
4332	-1
4333	5346697
4334	-1
4335	-1
4336	5349740
4337	-1
4338	-1
4339	5352782
4340	-1
4341	-1
4342	5355825
4343	-1
4344	-1
4345	5358868
4346	-1
4347	-1
4348	-1
4349	5361910
4350	-1
4351	-1
4352	5364953
4353	-1
4354	-1
4355	5367996
4356	-1
4357	-1
4358	5371038
4359	-1
4360	-1
4361	5374081
4362	-1
4363	-1
4364	5377124
4365	-1
4366	-1
4367	5380166
4368	-1
4369	-1
4370	5383209
4371	-1
4372	-1
4373	5386252
4374	-1
4375	-1
4376	5389294
4377	-1
4378	-1
4379	5392337
4380	-1
4381	-1
4382	5395380
4383	-1
4384	-1
4385	5398422
4386	-1
4387	-1
4388	5401465
4389	-1
4390	-1
4391	5404508
4392	-1
4393	-1
4394	5407550
4395	-1
4396	-1
4397	5410593
4398	-1
4399	-1
4400	5413636
4401	-1
4402	-1
4403	5416678
4404	-1
4405	-1
4406	5419721
4407	-1
4408	-1
4409	5422764
4410	-1
4411	-1
4412	5425806
4413	-1
4414	-1
4415	5428849
4416	-1
4417	-1
4418	5431892
4419	-1
4420	-1
4421	-1
4422	5434934
4423	-1
4424	-1
4425	5437977
4426	-1
4427	-1
4428	5441020
4429	-1
4430	-1
4431	5444062
4432	-1
4433	-1
4434	5447105
4435	-1
4436	-1
4437	5450148
4438	-1
4439	-1
4440	5453190
4441	-1
4442	-1
4443	5456233
4444	-1
4445	-1
4446	5459276
4447	-1
4448	-1
4449	5462318
4450	-1
4451	-1
4452	5465361
4453	-1
4454	-1
4455	5468404
4456	-1
4457	-1
4458	5471446
4459	-1
4460	-1
4461	5474489
4462	-1
4463	-1
4464	5477532
4465	-1
4466	-1
4467	5480574
4468	-1
4469	-1
4470	5483617
4471	-1
4472	-1
4473	5486660
4474	-1
4475	-1
4476	5489702
4477	-1
4478	-1
4479	5492745
4480	-1
4481	-1
4482	5495788
4483	-1
4484	-1
4485	5498830
4486	-1
4487	-1
4488	5501873
4489	-1
4490	-1
4491	-1
4492	5504916
4493	-1
4494	-1
4495	5507958
4496	-1
4497	-1
4498	5511001
4499	-1
4500	-1
4501	5514044
4502	-1
4503	-1
4504	5517086
4505	-1
4506	-1
4507	5520129
4508	-1
4509	-1
4510	5523172
4511	-1
4512	-1
4513	5526214
4514	-1
4515	-1
4516	5529257
4517	-1
4518	-1
4519	5532300
4520	-1
4521	-1
4522	5535342
4523	-1
4524	-1
4525	5538385
4526	-1
4527	-1
4528	5541428
4529	-1
4530	-1
4531	5544470
4532	-1
4533	-1
4534	5547513
4535	-1
4536	-1
4537	5550556
4538	-1
4539	-1
4540	5553598
4541	-1
4542	-1
4543	5556641
4544	-1
4545	-1
4546	5559684
4547	-1
4548	-1
4549	5562726
4550	-1
4551	-1
4552	5565769
4553	-1
4554	-1
4555	5568812
4556	-1
4557	-1
4558	5571854
4559	-1
4560	-1
4561	-1
4562	5574897
4563	-1
4564	-1
4565	5577940
4566	-1
4567	-1
4568	5580982
4569	-1
4570	-1
4571	5584025
4572	-1
4573	-1
4574	5587068
4575	-1
4576	-1
4577	5590110
4578	-1
4579	-1
4580	5593153
4581	-1
4582	-1
4583	5596196
4584	-1
4585	-1
4586	5599238
4587	-1
4588	-1
4589	5602281
4590	-1
4591	-1
4592	5605324
4593	-1
4594	-1
4595	5608366
4596	-1
4597	-1
4598	5611409
4599	-1
4600	-1
4601	5614452
4602	-1
4603	-1
4604	5617494
4605	-1
4606	-1
4607	5620537
4608	-1
4609	-1
4610	5623580
4611	-1
4612	-1
4613	5626622
4614	-1
4615	-1
4616	5629665
4617	-1
4618	-1
4619	5632708
4620	-1
4621	-1
4622	5635750
4623	-1
4624	-1
4625	5638793
4626	-1
4627	-1
4628	5641836
4629	-1
4630	-1
4631	5644878
4632	-1
4633	-1
4634	-1
4635	5647921
4636	-1
4637	-1
4638	5650964
4639	-1
4640	-1
4641	5654006
4642	-1
4643	-1
4644	5657049
4645	-1
4646	-1
4647	5660092
4648	-1
4649	-1
4650	5663134
4651	-1
4652	-1
4653	5666177
4654	-1
4655	-1
4656	5669220
4657	-1
4658	-1
4659	5672262
4660	-1
4661	-1
4662	5675305
4663	-1
4664	-1
4665	5678348
4666	-1
4667	-1
4668	5681390
4669	-1
4670	-1
4671	5684433
4672	-1
4673	-1
4674	5687476
4675	-1
4676	-1
4677	5690518
4678	-1
4679	-1
4680	5693561
4681	-1
4682	-1
4683	5696604
4684	-1
4685	-1
4686	5699646
4687	-1
4688	-1
4689	5702689
4690	-1
4691	-1
4692	5705732
4693	-1
4694	-1
4695	5708774
4696	-1
4697	-1
4698	5711817
4699	-1
4700	-1
4701	5714860
4702	-1
4703	-1
4704	-1
4705	5717902
4706	-1
4707	-1
4708	5720945
4709	-1
4710	-1
4711	5723988
4712	-1
4713	-1
4714	5727030
4715	-1
4716	-1
4717	5730073
4718	-1
4719	-1
4720	5733116
4721	-1
4722	-1
4723	5736158
4724	-1
4725	-1
4726	5739201
4727	-1
4728	-1
4729	5742244
4730	-1
4731	-1
4732	5745286
4733	-1
4734	-1
4735	5748329
4736	-1
4737	-1
4738	5751372
4739	-1
4740	-1
4741	5754414
4742	-1
4743	-1
4744	5757457
4745	-1
4746	-1
4747	5760500
4748	-1
4749	-1
4750	5763542
4751	-1
4752	-1
4753	5766585
4754	-1
4755	-1
4756	5769628
4757	-1
4758	-1
4759	5772670
4760	-1
4761	-1
4762	5775713
4763	-1
4764	-1
4765	5778756
4766	-1
4767	-1
4768	5781798
4769	-1
4770	-1
4771	5784841
4772	-1
4773	-1
4774	5787884
4775	-1
4776	-1
4777	-1
4778	5790926
4779	-1
4780	-1
4781	5793969
4782	-1
4783	-1
4784	5797012
4785	-1
4786	-1
4787	5800054
4788	-1
4789	-1
4790	5803097
4791	-1
4792	-1
4793	5806140
4794	-1
4795	-1
4796	5809182
4797	-1
4798	-1
4799	5812225
4800	-1
4801	-1
4802	5815268
4803	-1
4804	-1
4805	5818310
4806	-1
4807	-1
4808	5821353
4809	-1
4810	-1
4811	5824396
4812	-1
4813	-1
4814	5827438
4815	-1
4816	-1
4817	5830481
4818	-1
4819	-1
4820	5833524
4821	-1
4822	-1
4823	5836566
4824	-1
4825	-1
4826	5839609
4827	-1
4828	-1
4829	5842652
4830	-1
4831	-1
4832	5845694
4833	-1
4834	-1
4835	5848737
4836	-1
4837	-1
4838	5851780
4839	-1
4840	-1
4841	5854822
4842	-1
4843	-1
4844	5857865
4845	-1
4846	-1
4847	-1
4848	5860908
4849	-1
4850	-1
4851	5863950
4852	-1
4853	-1
4854	5866993
4855	-1
4856	-1
4857	5870036
4858	-1
4859	-1
4860	5873078
4861	-1
4862	-1
4863	5876121
4864	-1
4865	-1
4866	5879164
4867	-1
4868	-1
4869	5882206
4870	-1
4871	-1
4872	5885249
4873	-1
4874	-1
4875	5888292
4876	-1
4877	-1
4878	5891334
4879	-1
4880	-1
4881	5894377
4882	-1
4883	-1
4884	5897420
4885	-1
4886	-1
4887	5900462
4888	-1
4889	-1
4890	5903505
4891	-1
4892	-1
4893	5906548
4894	-1
4895	-1
4896	5909590
4897	-1
4898	-1
4899	5912633
4900	-1
4901	-1
4902	5915676
4903	-1
4904	-1
4905	5918718
4906	-1
4907	-1
4908	5921761
4909	-1
4910	-1
4911	5924804
4912	-1
4913	-1
4914	5927846
4915	-1
4916	-1
4917	5930889
4918	-1
4919	-1
4920	-1
4921	5933932
4922	-1
4923	-1
4924	5936974
4925	-1
4926	-1
4927	5940017
4928	-1
4929	-1
4930	5943060
4931	-1
4932	-1
4933	5946102
4934	-1
4935	-1
4936	5949145
4937	-1
4938	-1
4939	5952188
4940	-1
4941	-1
4942	5955230
4943	-1
4944	-1
4945	5958273
4946	-1
4947	-1
4948	5961316
4949	-1
4950	-1
4951	5964358
4952	-1
4953	-1
4954	5967401
4955	-1
4956	-1
4957	5970444
4958	-1
4959	-1
4960	5973486
4961	-1
4962	-1
4963	5976529
4964	-1
4965	-1
4966	5979572
4967	-1
4968	-1
4969	5982614
4970	-1
4971	-1
4972	5985657
4973	-1
4974	-1
4975	5988700
4976	-1
4977	-1
4978	5991742
4979	-1
4980	-1
4981	5994785
4982	-1
4983	-1
4984	5997828
4985	-1
4986	-1
4987	6000870
4988	-1
4989	-1
4990	-1
4991	6003913
4992	-1
4993	-1
4994	6006956
4995	-1
4996	-1
4997	6009998
4998	-1
4999	-1
5000	6013041
5001	-1
5002	-1
5003	6016084
5004	-1
5005	-1
5006	6019126
5007	-1
5008	-1
5009	6022169
5010	-1
5011	-1
5012	6025212
5013	-1
5014	-1
5015	6028254
5016	-1
5017	-1
5018	6031297
5019	-1
5020	-1
5021	6034340
5022	-1
5023	-1
5024	6037382
5025	-1
5026	-1
5027	6040425
5028	-1
5029	-1
5030	6043468
5031	-1
5032	-1
5033	6046510
5034	-1
5035	-1
5036	6049553
5037	-1
5038	-1
5039	6052596
5040	-1
5041	-1
5042	6055638
5043	-1
5044	-1
5045	6058681
5046	-1
5047	-1
5048	6061724
5049	-1
5050	-1
5051	6064766
5052	-1
5053	-1
5054	6067809
5055	-1
5056	-1
5057	6070852
5058	-1
5059	-1
5060	-1
5061	6073894
5062	-1
5063	-1
5064	6076937
5065	-1
5066	-1
5067	6079980
5068	-1
5069	-1
5070	6083022
5071	-1
5072	-1
5073	6086065
5074	-1
5075	-1
5076	6089108
5077	-1
5078	-1
5079	6092150
5080	-1
5081	-1
5082	6095193
5083	-1
5084	-1
5085	6098236
5086	-1
5087	-1
5088	6101278
5089	-1
5090	-1
5091	6104321
5092	-1
5093	-1
5094	6107364
5095	-1
5096	-1
5097	6110406
5098	-1
5099	-1
5100	6113449
5101	-1
5102	-1
5103	6116492
5104	-1
5105	-1
5106	6119534
5107	-1
5108	-1
5109	6122577
5110	-1
5111	-1
5112	6125620
5113	-1
5114	-1
5115	6128662
5116	-1
5117	-1
5118	6131705
5119	-1
5120	-1
5121	6134748
5122	-1
5123	-1
5124	6137790
5125	-1
5126	-1
5127	6140833
5128	-1
5129	-1
5130	6143876
5131	-1
5132	-1
5133	-1
5134	6146918
5135	-1
5136	-1
5137	6149961
5138	-1
5139	-1
5140	6153004
5141	-1
5142	-1
5143	6156046
5144	-1
5145	-1
5146	6159089
5147	-1
5148	-1
5149	6162132
5150	-1
5151	-1
5152	6165174
5153	-1
5154	-1
5155	6168217
5156	-1
5157	-1
5158	6171260
5159	-1
5160	-1
5161	6174302
5162	-1
5163	-1
5164	6177345
5165	-1
5166	-1
5167	6180388
5168	-1
5169	-1
5170	6183430
5171	-1
5172	-1
5173	6186473
5174	-1
5175	-1
5176	6189516
5177	-1
5178	-1
5179	6192558
5180	-1
5181	-1
5182	6195601
5183	-1
5184	-1
5185	6198644
5186	-1
5187	-1
5188	6201686
5189	-1
5190	-1
5191	6204729
5192	-1
5193	-1
5194	6207772
5195	-1
5196	-1
5197	6210814
5198	-1
5199	-1
5200	6213857
5201	-1
5202	-1
5203	-1
5204	6216900
5205	-1
5206	-1
5207	6219942
5208	-1
5209	-1
5210	6222985
5211	-1
5212	-1
5213	6226028
5214	-1
5215	-1
5216	6229070
5217	-1
5218	-1
5219	6232113
5220	-1
5221	-1
5222	6235156
5223	-1
5224	-1
5225	6238198
5226	-1
5227	-1
5228	6241241
5229	-1
5230	-1
5231	6244284
5232	-1
5233	-1
5234	6247326
5235	-1
5236	-1
5237	6250369
5238	-1
5239	-1
5240	6253412
5241	-1
5242	-1
5243	6256454
5244	-1
5245	-1
5246	6259497
5247	-1
5248	-1
5249	6262540
5250	-1
5251	-1
5252	6265582
5253	-1
5254	-1
5255	6268625
5256	-1
5257	-1
5258	6271668
5259	-1
5260	-1
5261	6274710
5262	-1
5263	-1
5264	6277753
5265	-1
5266	-1
5267	6280796
5268	-1
5269	-1
5270	6283838
5271	-1
5272	-1
5273	6286881
5274	-1
5275	-1
5276	-1
5277	6289924
5278	-1
5279	-1
5280	6292966
5281	-1
5282	-1
5283	6296009
5284	-1
5285	-1
5286	6299052
5287	-1
5288	-1
5289	6302094
5290	-1
5291	-1
5292	6305137
5293	-1
5294	-1
5295	6308180
5296	-1
5297	-1
5298	6311222
5299	-1
5300	-1
5301	6314265
5302	-1
5303	-1
5304	6317308
5305	-1
5306	-1
5307	6320350
5308	-1
5309	-1
5310	6323393
5311	-1
5312	-1
5313	6326436
5314	-1
5315	-1
5316	6329478
5317	-1
5318	-1
5319	6332521
5320	-1
5321	-1
5322	6335564
5323	-1
5324	-1
5325	6338606
5326	-1
5327	-1
5328	6341649
5329	-1
5330	-1
5331	6344692
5332	-1
5333	-1
5334	6347734
5335	-1
5336	-1
5337	6350777
5338	-1
5339	-1
5340	6353820
5341	-1
5342	-1
5343	6356862
5344	-1
5345	-1
5346	-1
5347	6359905
5348	-1
5349	-1
5350	6362948
5351	-1
5352	-1
5353	6365990
5354	-1
5355	-1
5356	6369033
5357	-1
5358	-1
5359	6372076
5360	-1
5361	-1
5362	6375118
5363	-1
5364	-1
5365	6378161
5366	-1
5367	-1
5368	6381204
5369	-1
5370	-1
5371	6384246
5372	-1
5373	-1
5374	6387289
5375	-1
5376	-1
5377	6390332
5378	-1
5379	-1
5380	6393374
5381	-1
5382	-1
5383	6396417
5384	-1
5385	-1
5386	6399460
5387	-1
5388	-1
5389	6402502
5390	-1
5391	-1
5392	6405545
5393	-1
5394	-1
5395	6408588
5396	-1
5397	-1
5398	6411630
5399	-1
5400	-1
5401	6414673
5402	-1
5403	-1
5404	6417716
5405	-1
5406	-1
5407	6420758
5408	-1
5409	-1
5410	6423801
5411	-1
5412	-1
5413	6426844
5414	-1
5415	-1
5416	6429886
5417	-1
5418	-1
5419	-1
5420	6432929
5421	-1
5422	-1
5423	6435972
5424	-1
5425	-1
5426	6439014
5427	-1
5428	-1
5429	6442057
5430	-1
5431	-1
5432	6445100
5433	-1
5434	-1
5435	6448142
5436	-1
5437	-1
5438	6451185
5439	-1
5440	-1
5441	6454228
5442	-1
5443	-1
5444	6457270
5445	-1
5446	-1
5447	6460313
5448	-1
5449	-1
5450	6463356
5451	-1
5452	-1
5453	6466398
5454	-1
5455	-1
5456	6469441
5457	-1
5458	-1
5459	6472484
5460	-1
5461	-1
5462	6475526
5463	-1
5464	-1
5465	6478569
5466	-1
5467	-1
5468	6481612
5469	-1
5470	-1
5471	6484655
5472	-1
5473	-1
5474	6487697
5475	-1
5476	-1
5477	6490740
5478	-1
5479	-1
5480	6493783
5481	-1
5482	-1
5483	6496825
5484	-1
5485	-1
5486	6499868
5487	-1
5488	-1
5489	-1
5490	6502911
5491	-1
5492	-1
5493	6505953
5494	-1
5495	-1
5496	6508996
5497	-1
5498	-1
5499	6512039
5500	-1
5501	-1
5502	6515081
5503	-1
5504	-1
5505	6518124
5506	-1
5507	-1
5508	6521167
5509	-1
5510	-1
5511	6524209
5512	-1
5513	-1
5514	6527252
5515	-1
5516	-1
5517	6530295
5518	-1
5519	-1
5520	6533337
5521	-1
5522	-1
5523	6536380
5524	-1
5525	-1
5526	6539423
5527	-1
5528	-1
5529	6542465
5530	-1
5531	-1
5532	6545508
5533	-1
5534	-1
5535	6548551
5536	-1
5537	-1
5538	6551593
5539	-1
5540	-1
5541	6554636
5542	-1
5543	-1
5544	6557679
5545	-1
5546	-1
5547	6560721
5548	-1
5549	-1
5550	6563764
5551	-1
5552	-1
5553	6566807
5554	-1
5555	-1
5556	6569849
5557	-1
5558	-1
5559	6572892
5560	-1
5561	-1
5562	-1
5563	6575935
5564	-1
5565	-1
5566	6578977
5567	-1
5568	-1
5569	6582020
5570	-1
5571	-1
5572	6585063
5573	-1
5574	-1
5575	6588105
5576	-1
5577	-1
5578	6591148
5579	-1
5580	-1
5581	6594191
5582	-1
5583	-1
5584	6597233
5585	-1
5586	-1
5587	6600276
5588	-1
5589	-1
5590	6603319
5591	-1
5592	-1
5593	6606361
5594	-1
5595	-1
5596	6609404
5597	-1
5598	-1
5599	6612447
5600	-1
5601	-1
5602	6615489
5603	-1
5604	-1
5605	6618532
5606	-1
5607	-1
5608	6621575
5609	-1
5610	-1
5611	6624617
5612	-1
5613	-1
5614	6627660
5615	-1
5616	-1
5617	6630703
5618	-1
5619	-1
5620	6633745
5621	-1
5622	-1
5623	6636788
5624	-1
5625	-1
5626	6639831
5627	-1
5628	-1
5629	6642873
5630	-1
5631	-1
5632	-1
5633	6645916
5634	-1
5635	-1
5636	6648959
5637	-1
5638	-1
5639	6652001
5640	-1
5641	-1
5642	6655044
5643	-1
5644	-1
5645	6658087
5646	-1
5647	-1
5648	6661129
5649	-1
5650	-1
5651	6664172
5652	-1
5653	-1
5654	6667215
5655	-1
5656	-1
5657	6670257
5658	-1
5659	-1
5660	6673300
5661	-1
5662	-1
5663	6676343
5664	-1
5665	-1
5666	6679385
5667	-1
5668	-1
5669	6682428
5670	-1
5671	-1
5672	6685471
5673	-1
5674	-1
5675	6688513
5676	-1
5677	-1
5678	6691556
5679	-1
5680	-1
5681	6694599
5682	-1
5683	-1
5684	6697641
5685	-1
5686	-1
5687	6700684
5688	-1
5689	-1
5690	6703727
5691	-1
5692	-1
5693	6706769
5694	-1
5695	-1
5696	6709812
5697	-1
5698	-1
5699	6712855
5700	-1
5701	-1
5702	-1
5703	6715897
5704	-1
5705	-1
5706	6718940
5707	-1
5708	-1
5709	6721983
5710	-1
5711	-1
5712	6725025
5713	-1
5714	-1
5715	6728068
5716	-1
5717	-1
5718	6731111
5719	-1
5720	-1
5721	6734153
5722	-1
5723	-1
5724	6737196
5725	-1
5726	-1
5727	6740239
5728	-1
5729	-1
5730	6743281
5731	-1
5732	-1
5733	6746324
5734	-1
5735	-1
5736	6749367
5737	-1
5738	-1
5739	6752409
5740	-1
5741	-1
5742	6755452
5743	-1
5744	-1
5745	6758495
5746	-1
5747	-1
5748	6761537
5749	-1
5750	-1
5751	6764580
5752	-1
5753	-1
5754	6767623
5755	-1
5756	-1
5757	6770665
5758	-1
5759	-1
5760	6773708
5761	-1
5762	-1
5763	6776751
5764	-1
5765	-1
5766	6779793
5767	-1
5768	-1
5769	6782836
5770	-1
5771	-1
5772	6785879
5773	-1
5774	-1
5775	-1
5776	6788921
5777	-1
5778	-1
5779	6791964
5780	-1
5781	-1
5782	6795007
5783	-1
5784	-1
5785	6798049
5786	-1
5787	-1
5788	6801092
5789	-1
5790	-1
5791	6804135
5792	-1
5793	-1
5794	6807177
5795	-1
5796	-1
5797	6810220
5798	-1
5799	-1
5800	6813263
5801	-1
5802	-1
5803	6816305
5804	-1
5805	-1
5806	6819348
5807	-1
5808	-1
5809	6822391
5810	-1
5811	-1
5812	6825433
5813	-1
5814	-1
5815	6828476
5816	-1
5817	-1
5818	6831519
5819	-1
5820	-1
5821	6834561
5822	-1
5823	-1
5824	6837604
5825	-1
5826	-1
5827	6840647
5828	-1
5829	-1
5830	6843689
5831	-1
5832	-1
5833	6846732
5834	-1
5835	-1
5836	6849775
5837	-1
5838	-1
5839	6852817
5840	-1
5841	-1
5842	6855860
5843	-1
5844	-1
5845	-1
5846	6858903
5847	-1
5848	-1
5849	6861945
5850	-1
5851	-1
5852	6864988
5853	-1
5854	-1
5855	6868031
5856	-1
5857	-1
5858	6871073
5859	-1
5860	-1
5861	6874116
5862	-1
5863	-1
5864	6877159
5865	-1
5866	-1
5867	6880201
5868	-1
5869	-1
5870	6883244
5871	-1
5872	-1
5873	6886287
5874	-1
5875	-1
5876	6889329
5877	-1
5878	-1
5879	6892372
5880	-1
5881	-1
5882	6895415
5883	-1
5884	-1
5885	6898457
5886	-1
5887	-1
5888	6901500
5889	-1
5890	-1
5891	6904543
5892	-1
5893	-1
5894	6907585
5895	-1
5896	-1
5897	6910628
5898	-1
5899	-1
5900	6913671
5901	-1
5902	-1
5903	6916713
5904	-1
5905	-1
5906	6919756
5907	-1
5908	-1
5909	6922799
5910	-1
5911	-1
5912	6925841
5913	-1
5914	-1
5915	6928884
5916	-1
5917	-1
5918	-1
5919	6931927
5920	-1
5921	-1
5922	6934969
5923	-1
5924	-1
5925	6938012
5926	-1
5927	-1
5928	6941055
5929	-1
5930	-1
5931	6944097
5932	-1
5933	-1
5934	6947140
5935	-1
5936	-1
5937	6950183
5938	-1
5939	-1
5940	6953225
5941	-1
5942	-1
5943	6956268
5944	-1
5945	-1
5946	6959311
5947	-1
5948	-1
5949	6962353
5950	-1
5951	-1
5952	6965396
5953	-1
5954	-1
5955	6968439
5956	-1
5957	-1
5958	6971481
5959	-1
5960	-1
5961	6974524
5962	-1
5963	-1
5964	6977567
5965	-1
5966	-1
5967	6980609
5968	-1
5969	-1
5970	6983652
5971	-1
5972	-1
5973	6986695
5974	-1
5975	-1
5976	6989737
5977	-1
5978	-1
5979	6992780
5980	-1
5981	-1
5982	6995823
5983	-1
5984	-1
5985	6998865
5986	-1
5987	-1
5988	-1
5989	7001908
5990	-1
5991	-1
5992	7004951
5993	-1
5994	-1
5995	7007993
5996	-1
5997	-1
5998	7011036
5999	-1
6000	-1
6001	7014079
6002	-1
6003	-1
6004	7017121
6005	-1
6006	-1
6007	7020164
6008	-1
6009	-1
6010	7023207
6011	-1
6012	-1
6013	7026249
6014	-1
6015	-1
6016	7029292
6017	-1
6018	-1
6019	7032335
6020	-1
6021	-1
6022	7035377
6023	-1
6024	-1
6025	7038420
6026	-1
6027	-1
6028	7041463
6029	-1
6030	-1
6031	7044505
6032	-1
6033	-1
6034	7047548
6035	-1
6036	-1
6037	7050591
6038	-1
6039	-1
6040	7053633
6041	-1
6042	-1
6043	7056676
6044	-1
6045	-1
6046	7059719
6047	-1
6048	-1
6049	7062761
6050	-1
6051	-1
6052	7065804
6053	-1
6054	-1
6055	7068847
6056	-1
6057	-1
6058	7071889
6059	-1
6060	-1
6061	-1
6062	7074932
6063	-1
6064	-1
6065	7077975
6066	-1
6067	-1
6068	7081017
6069	-1
6070	-1
6071	7084060
6072	-1
6073	-1
6074	7087103
6075	-1
6076	-1
6077	7090145
6078	-1
6079	-1
6080	7093188
6081	-1
6082	-1
6083	7096231
6084	-1
6085	-1
6086	7099273
6087	-1
6088	-1
6089	7102316
6090	-1
6091	-1
6092	7105359
6093	-1
6094	-1
6095	7108401
6096	-1
6097	-1
6098	7111444
6099	-1
6100	-1
6101	7114487
6102	-1
6103	-1
6104	7117529
6105	-1
6106	-1
6107	7120572
6108	-1
6109	-1
6110	7123615
6111	-1
6112	-1
6113	7126657
6114	-1
6115	-1
6116	7129700
6117	-1
6118	-1
6119	7132743
6120	-1
6121	-1
6122	7135785
6123	-1
6124	-1
6125	7138828
6126	-1
6127	-1
6128	7141871
6129	-1
6130	-1
6131	-1
6132	7144913
6133	-1
6134	-1
6135	7147956
6136	-1
6137	-1
6138	7150999
6139	-1
6140	-1
6141	7154041
6142	-1
6143	-1
6144	7157084
6145	-1
6146	-1
6147	7160127
6148	-1
6149	-1
6150	7163169
6151	-1
6152	-1
6153	7166212
6154	-1
6155	-1
6156	7169255
6157	-1
6158	-1
6159	7172297
6160	-1
6161	-1
6162	7175340
6163	-1
6164	-1
6165	7178383
6166	-1
6167	-1
6168	7181425
6169	-1
6170	-1
6171	7184468
6172	-1
6173	-1
6174	7187511
6175	-1
6176	-1
6177	7190553
6178	-1
6179	-1
6180	7193596
6181	-1
6182	-1
6183	7196639
6184	-1
6185	-1
6186	7199681
6187	-1
6188	-1
6189	7202724
6190	-1
6191	-1
6192	7205767
6193	-1
6194	-1
6195	7208809
6196	-1
6197	-1
6198	7211852
6199	-1
6200	-1
6201	-1
6202	7214895
6203	-1
6204	-1
6205	7217937
6206	-1
6207	-1
6208	7220980
6209	-1
6210	-1
6211	7224023
6212	-1
6213	-1
6214	7227065
6215	-1
6216	-1
6217	7230108
6218	-1
6219	-1
6220	7233151
6221	-1
6222	-1
6223	7236193
6224	-1
6225	-1
6226	7239236
6227	-1
6228	-1
6229	7242279
6230	-1
6231	-1
6232	7245321
6233	-1
6234	-1
6235	7248364
6236	-1
6237	-1
6238	7251407
6239	-1
6240	-1
6241	7254449
6242	-1
6243	-1
6244	7257492
6245	-1
6246	-1
6247	7260535
6248	-1
6249	-1
6250	7263577
6251	-1
6252	-1
6253	7266620
6254	-1
6255	-1
6256	7269663
6257	-1
6258	-1
6259	7272705
6260	-1
6261	-1
6262	7275748
6263	-1
6264	-1
6265	7278791
6266	-1
6267	-1
6268	7281833
6269	-1
6270	-1
6271	7284876
6272	-1
6273	-1
6274	-1
6275	7287919
6276	-1
6277	-1
6278	7290961
6279	-1
6280	-1
6281	7294004
6282	-1
6283	-1
6284	7297047
6285	-1
6286	-1
6287	7300089
6288	-1
6289	-1
6290	7303132
6291	-1
6292	-1
6293	7306175
6294	-1
6295	-1
6296	7309217
6297	-1
6298	-1
6299	7312260
6300	-1
6301	-1
6302	7315303
6303	-1
6304	-1
6305	7318345
6306	-1
6307	-1
6308	7321388
6309	-1
6310	-1
6311	7324431
6312	-1
6313	-1
6314	7327473
6315	-1
6316	-1
6317	7330516
6318	-1
6319	-1
6320	7333559
6321	-1
6322	-1
6323	7336601
6324	-1
6325	-1
6326	7339644
6327	-1
6328	-1
6329	7342687
6330	-1
6331	-1
6332	7345729
6333	-1
6334	-1
6335	7348772
6336	-1
6337	-1
6338	7351815
6339	-1
6340	-1
6341	7354857
6342	-1
6343	-1
6344	-1
6345	7357900
6346	-1
6347	-1
6348	7360943
6349	-1
6350	-1
6351	7363985
6352	-1
6353	-1
6354	7367028
6355	-1
6356	-1
6357	7370071
6358	-1
6359	-1
6360	7373113
6361	-1
6362	-1
6363	7376156
6364	-1
6365	-1
6366	7379199
6367	-1
6368	-1
6369	7382241
6370	-1
6371	-1
6372	7385284
6373	-1
6374	-1
6375	7388327
6376	-1
6377	-1
6378	7391369
6379	-1
6380	-1
6381	7394412
6382	-1
6383	-1
6384	7397455
6385	-1
6386	-1
6387	7400497
6388	-1
6389	-1
6390	7403540
6391	-1
6392	-1
6393	7406583
6394	-1
6395	-1
6396	7409625
6397	-1
6398	-1
6399	7412668
6400	-1
6401	-1
6402	7415711
6403	-1
6404	-1
6405	7418753
6406	-1
6407	-1
6408	7421796
6409	-1
6410	-1
6411	7424839
6412	-1
6413	-1
6414	7427881
6415	-1
6416	-1
6417	-1
6418	7430924
6419	-1
6420	-1
6421	7433967
6422	-1
6423	-1
6424	7437009
6425	-1
6426	-1
6427	7440052
6428	-1
6429	-1
6430	7443095
6431	-1
6432	-1
6433	7446137
6434	-1
6435	-1
6436	7449180
6437	-1
6438	-1
6439	7452223
6440	-1
6441	-1
6442	7455265
6443	-1
6444	-1
6445	7458308
6446	-1
6447	-1
6448	7461351
6449	-1
6450	-1
6451	7464393
6452	-1
6453	-1
6454	7467436
6455	-1
6456	-1
6457	7470479
6458	-1
6459	-1
6460	7473521
6461	-1
6462	-1
6463	7476564
6464	-1
6465	-1
6466	7479607
6467	-1
6468	-1
6469	7482649
6470	-1
6471	-1
6472	7485692
6473	-1
6474	-1
6475	7488735
6476	-1
6477	-1
6478	7491777
6479	-1
6480	-1
6481	7494820
6482	-1
6483	-1
6484	7497863
6485	-1
6486	-1
6487	-1
6488	7500905
6489	-1
6490	-1
6491	7503948
6492	-1
6493	-1
6494	7506991
6495	-1
6496	-1
6497	7510033
6498	-1
6499	-1
6500	7513076
6501	-1
6502	-1
6503	7516119
6504	-1
6505	-1
6506	7519161
6507	-1
6508	-1
6509	7522204
6510	-1
6511	-1
6512	7525247
6513	-1
6514	-1
6515	7528289
6516	-1
6517	-1
6518	7531332
6519	-1
6520	-1
6521	7534375
6522	-1
6523	-1
6524	7537417
6525	-1
6526	-1
6527	7540460
6528	-1
6529	-1
6530	7543503
6531	-1
6532	-1
6533	7546545
6534	-1
6535	-1
6536	7549588
6537	-1
6538	-1
6539	7552631
6540	-1
6541	-1
6542	7555673
6543	-1
6544	-1
6545	7558716
6546	-1
6547	-1
6548	7561759
6549	-1
6550	-1
6551	7564801
6552	-1
6553	-1
6554	7567844
6555	-1
6556	-1
6557	7570887
6558	-1
6559	-1
6560	-1
6561	7573929
6562	-1
6563	-1
6564	7576972
6565	-1
6566	-1
6567	7580015
6568	-1
6569	-1
6570	7583057
6571	-1
6572	-1
6573	7586100
6574	-1
6575	-1
6576	7589143
6577	-1
6578	-1
6579	7592185
6580	-1
6581	-1
6582	7595228
6583	-1
6584	-1
6585	7598271
6586	-1
6587	-1
6588	7601313
6589	-1
6590	-1
6591	7604356
6592	-1
6593	-1
6594	7607399
6595	-1
6596	-1
6597	7610441
6598	-1
6599	-1
6600	7613484
6601	-1
6602	-1
6603	7616527
6604	-1
6605	-1
6606	7619569
6607	-1
6608	-1
6609	7622612
6610	-1
6611	-1
6612	7625655
6613	-1
6614	-1
6615	7628697
6616	-1
6617	-1
6618	7631740
6619	-1
6620	-1
6621	7634783
6622	-1
6623	-1
6624	7637825
6625	-1
6626	-1
6627	7640868
6628	-1
6629	-1
6630	-1
6631	7643911
6632	-1
6633	-1
6634	7646953
6635	-1
6636	-1
6637	7649996
6638	-1
6639	-1
6640	7653039
6641	-1
6642	-1
6643	7656081
6644	-1
6645	-1
6646	7659124
6647	-1
6648	-1
6649	7662167
6650	-1
6651	-1
6652	7665209
6653	-1
6654	-1
6655	7668252
6656	-1
6657	-1
6658	7671295
6659	-1
6660	-1
6661	7674337
6662	-1
6663	-1
6664	7677380
6665	-1
6666	-1
6667	7680423
6668	-1
6669	-1
6670	7683465
6671	-1
6672	-1
6673	7686508
6674	-1
6675	-1
6676	7689551
6677	-1
6678	-1
6679	7692593
6680	-1
6681	-1
6682	7695636
6683	-1
6684	-1
6685	7698679
6686	-1
6687	-1
6688	7701721
6689	-1
6690	-1
6691	7704764
6692	-1
6693	-1
6694	7707807
6695	-1
6696	-1
6697	7710849
6698	-1
6699	-1
6700	7713892
6701	-1
6702	-1
6703	-1
6704	7716935
6705	-1
6706	-1
6707	7719977
6708	-1
6709	-1
6710	7723020
6711	-1
6712	-1
6713	7726063
6714	-1
6715	-1
6716	7729105
6717	-1
6718	-1
6719	7732148
6720	-1
6721	-1
6722	7735191
6723	-1
6724	-1
6725	7738233
6726	-1
6727	-1
6728	7741276
6729	-1
6730	-1
6731	7744319
6732	-1
6733	-1
6734	7747361
6735	-1
6736	-1
6737	7750404
6738	-1
6739	-1
6740	7753447
6741	-1
6742	-1
6743	7756489
6744	-1
6745	-1
6746	7759532
6747	-1
6748	-1
6749	7762575
6750	-1
6751	-1
6752	7765617
6753	-1
6754	-1
6755	7768660
6756	-1
6757	-1
6758	7771703
6759	-1
6760	-1
6761	7774745
6762	-1
6763	-1
6764	7777788
6765	-1
6766	-1
6767	7780831
6768	-1
6769	-1
6770	7783873
6771	-1
6772	-1
6773	-1
6774	7786916
6775	-1
6776	-1
6777	7789959
6778	-1
6779	-1
6780	7793001
6781	-1
6782	-1
6783	7796044
6784	-1
6785	-1
6786	7799087
6787	-1
6788	-1
6789	7802129
6790	-1
6791	-1
6792	7805172
6793	-1
6794	-1
6795	7808215
6796	-1
6797	-1
6798	7811257
6799	-1
6800	-1
6801	7814300
6802	-1
6803	-1
6804	7817343
6805	-1
6806	-1
6807	7820385
6808	-1
6809	-1
6810	7823428
6811	-1
6812	-1
6813	7826471
6814	-1
6815	-1
6816	7829513
6817	-1
6818	-1
6819	7832556
6820	-1
6821	-1
6822	7835599
6823	-1
6824	-1
6825	7838641
6826	-1
6827	-1
6828	7841684
6829	-1
6830	-1
6831	7844727
6832	-1
6833	-1
6834	7847769
6835	-1
6836	-1
6837	7850812
6838	-1
6839	-1
6840	7853855
6841	-1
6842	-1
6843	-1
6844	7856897
6845	-1
6846	-1
6847	7859940
6848	-1
6849	-1
6850	7862983
6851	-1
6852	-1
6853	7866025
6854	-1
6855	-1
6856	7869068
6857	-1
6858	-1
6859	7872111
6860	-1
6861	-1
6862	7875153
6863	-1
6864	-1
6865	7878196
6866	-1
6867	-1
6868	7881239
6869	-1
6870	-1
6871	7884281
6872	-1
6873	-1
6874	7887324
6875	-1
6876	-1
6877	7890367
6878	-1
6879	-1
6880	7893409
6881	-1
6882	-1
6883	7896452
6884	-1
6885	-1
6886	7899495
6887	-1
6888	-1
6889	7902537
6890	-1
6891	-1
6892	7905580
6893	-1
6894	-1
6895	7908623
6896	-1
6897	-1
6898	7911665
6899	-1
6900	-1
6901	7914708
6902	-1
6903	-1
6904	7917751
6905	-1
6906	-1
6907	7920793
6908	-1
6909	-1
6910	7923836
6911	-1
6912	-1
6913	7926879
6914	-1
6915	-1
6916	-1
6917	7929921
6918	-1
6919	-1
6920	7932964
6921	-1
6922	-1
6923	7936007
6924	-1
6925	-1
6926	7939049
6927	-1
6928	-1
6929	7942092
6930	-1
6931	-1
6932	7945135
6933	-1
6934	-1
6935	7948177
6936	-1
6937	-1
6938	7951220
6939	-1
6940	-1
6941	7954263
6942	-1
6943	-1
6944	7957305
6945	-1
6946	-1
6947	7960348
6948	-1
6949	-1
6950	7963391
6951	-1
6952	-1
6953	7966433
6954	-1
6955	-1
6956	7969476
6957	-1
6958	-1
6959	7972519
6960	-1
6961	-1
6962	7975561
6963	-1
6964	-1
6965	7978604
6966	-1
6967	-1
6968	7981647
6969	-1
6970	-1
6971	7984689
6972	-1
6973	-1
6974	7987732
6975	-1
6976	-1
6977	7990775
6978	-1
6979	-1
6980	7993817
6981	-1
6982	-1
6983	7996860
6984	-1
6985	-1
6986	-1
6987	7999903
6988	-1
6989	-1
6990	8002945
6991	-1
6992	-1
6993	8005988
6994	-1
6995	-1
6996	8009031
6997	-1
6998	-1
6999	8012073
7000	-1
7001	-1
7002	8015116
7003	-1
7004	-1
7005	8018159
7006	-1
7007	-1
7008	8021201
7009	-1
7010	-1
7011	8024244
7012	-1
7013	-1
7014	8027287
7015	-1
7016	-1
7017	8030329
7018	-1
7019	-1
7020	8033372
7021	-1
7022	-1
7023	8036415
7024	-1
7025	-1
7026	8039457
7027	-1
7028	-1
7029	8042500
7030	-1
7031	-1
7032	8045543
7033	-1
7034	-1
7035	8048585
7036	-1
7037	-1
7038	8051628
7039	-1
7040	-1
7041	8054671
7042	-1
7043	-1
7044	8057713
7045	-1
7046	-1
7047	8060756
7048	-1
7049	-1
7050	8063799
7051	-1
7052	-1
7053	8066841
7054	-1
7055	-1
7056	8069884
7057	-1
7058	-1
7059	-1
7060	8072927
7061	-1
7062	-1
7063	8075969
7064	-1
7065	-1
7066	8079012
7067	-1
7068	-1
7069	8082055
7070	-1
7071	-1
7072	8085097
7073	-1
7074	-1
7075	8088140
7076	-1
7077	-1
7078	8091183
7079	-1
7080	-1
7081	8094225
7082	-1
7083	-1
7084	8097268
7085	-1
7086	-1
7087	8100311
7088	-1
7089	-1
7090	8103353
7091	-1
7092	-1
7093	8106396
7094	-1
7095	-1
7096	8109439
7097	-1
7098	-1
7099	8112481
7100	-1
7101	-1
7102	8115524
7103	-1
7104	-1
7105	8118567
7106	-1
7107	-1
7108	8121609
7109	-1
7110	-1
7111	8124652
7112	-1
7113	-1
7114	8127695
7115	-1
7116	-1
7117	8130737
7118	-1
7119	-1
7120	8133780
7121	-1
7122	-1
7123	8136823
7124	-1
7125	-1
7126	8139865
7127	-1
7128	-1
7129	-1
7130	8142908
7131	-1
7132	-1
7133	8145951
7134	-1
7135	-1
7136	8148993
7137	-1
7138	-1
7139	8152036
7140	-1
7141	-1
7142	8155079
7143	-1
7144	-1
7145	8158121
7146	-1
7147	-1
7148	8161164
7149	-1
7150	-1
7151	8164207
7152	-1
7153	-1
7154	8167249
7155	-1
7156	-1
7157	8170292
7158	-1
7159	-1
7160	8173335
7161	-1
7162	-1
7163	8176377
7164	-1
7165	-1
7166	8179420
7167	-1
7168	-1
7169	8182463
7170	-1
7171	-1
7172	8185505
7173	-1
7174	-1
7175	8188548
7176	-1
7177	-1
7178	8191591
7179	-1
7180	-1
7181	8194633
7182	-1
7183	-1
7184	8197676
7185	-1
7186	-1
7187	8200719
7188	-1
7189	-1
7190	8203761
7191	-1
7192	-1
7193	8206804
7194	-1
7195	-1
7196	8209847
7197	-1
7198	-1
7199	8212889
7200	-1
7201	-1
7202	-1
7203	8215932
7204	-1
7205	-1
7206	8218975
7207	-1
7208	-1
7209	8222017
7210	-1
7211	-1
7212	8225060
7213	-1
7214	-1
7215	8228103
7216	-1
7217	-1
7218	8231145
7219	-1
7220	-1
7221	8234188
7222	-1
7223	-1
7224	8237231
7225	-1
7226	-1
7227	8240273
7228	-1
7229	-1
7230	8243316
7231	-1
7232	-1
7233	8246359
7234	-1
7235	-1
7236	8249401
7237	-1
7238	-1
7239	8252444
7240	-1
7241	-1
7242	8255487
7243	-1
7244	-1
7245	8258529
7246	-1
7247	-1
7248	8261572
7249	-1
7250	-1
7251	8264615
7252	-1
7253	-1
7254	8267657
7255	-1
7256	-1
7257	8270700
7258	-1
7259	-1
7260	8273743
7261	-1
7262	-1
7263	8276785
7264	-1
7265	-1
7266	8279828
7267	-1
7268	-1
7269	8282871
7270	-1
7271	-1
7272	-1
7273	8285913
7274	-1
7275	-1
7276	8288956
7277	-1
7278	-1
7279	8291999
7280	-1
7281	-1
7282	8295041
7283	-1
7284	-1
7285	8298084
7286	-1
7287	-1
7288	8301127
7289	-1
7290	-1
7291	8304169
7292	-1
7293	-1
7294	8307212
7295	-1
7296	-1
7297	8310255
7298	-1
7299	-1
7300	8313297
7301	-1
7302	-1
7303	8316340
7304	-1
7305	-1
7306	8319383
7307	-1
7308	-1
7309	8322425
7310	-1
7311	-1
7312	8325468
7313	-1
7314	-1
7315	8328511
7316	-1
7317	-1
7318	8331553
7319	-1
7320	-1
7321	8334596
7322	-1
7323	-1
7324	8337639
7325	-1
7326	-1
7327	8340681
7328	-1
7329	-1
7330	8343724
7331	-1
7332	-1
7333	8346767
7334	-1
7335	-1
7336	8349809
7337	-1
7338	-1
7339	8352852
7340	-1
7341	-1
7342	-1
7343	8355895
7344	-1
7345	-1
7346	8358937
7347	-1
7348	-1
7349	8361980
7350	-1
7351	-1
7352	8365023
7353	-1
7354	-1
7355	8368065
7356	-1
7357	-1
7358	8371108
7359	-1
7360	-1
7361	8374151
7362	-1
7363	-1
7364	8377193
7365	-1
7366	-1
7367	8380236
7368	-1
7369	-1
7370	8383279
7371	-1
7372	-1
7373	8386321
7374	-1
7375	-1
7376	8389364
7377	-1
7378	-1
7379	8392407
7380	-1
7381	-1
7382	8395449
7383	-1
7384	-1
7385	8398492
7386	-1
7387	-1
7388	8401535
7389	-1
7390	-1
7391	8404577
7392	-1
7393	-1
7394	8407620
7395	-1
7396	-1
7397	8410663
7398	-1
7399	-1
7400	8413705
7401	-1
7402	-1
7403	8416748
7404	-1
7405	-1
7406	8419791
7407	-1
7408	-1
7409	8422833
7410	-1
7411	-1
7412	8425876
7413	-1
7414	-1
7415	-1
7416	8428919
7417	-1
7418	-1
7419	8431961
7420	-1
7421	-1
7422	8435004
7423	-1
7424	-1
7425	8438047
7426	-1
7427	-1
7428	8441089
7429	-1
7430	-1
7431	8444132
7432	-1
7433	-1
7434	8447175
7435	-1
7436	-1
7437	8450217
7438	-1
7439	-1
7440	8453260
7441	-1
7442	-1
7443	8456303
7444	-1
7445	-1
7446	8459345
7447	-1
7448	-1
7449	8462388
7450	-1
7451	-1
7452	8465431
7453	-1
7454	-1
7455	8468473
7456	-1
7457	-1
7458	8471516
7459	-1
7460	-1
7461	8474559
7462	-1
7463	-1
7464	8477601
7465	-1
7466	-1
7467	8480644
7468	-1
7469	-1
7470	8483687
7471	-1
7472	-1
7473	8486729
7474	-1
7475	-1
7476	8489772
7477	-1
7478	-1
7479	8492815
7480	-1
7481	-1
7482	8495857
7483	-1
7484	-1
7485	-1
7486	8498900
7487	-1
7488	-1
7489	8501943
7490	-1
7491	-1
7492	8504985
7493	-1
7494	-1
7495	8508028
7496	-1
7497	-1
7498	8511071
7499	-1
7500	-1
7501	8514113
7502	-1
7503	-1
7504	8517156
7505	-1
7506	-1
7507	8520199
7508	-1
7509	-1
7510	8523241
7511	-1
7512	-1
7513	8526284
7514	-1
7515	-1
7516	8529327
7517	-1
7518	-1
7519	8532369
7520	-1
7521	-1
7522	8535412
7523	-1
7524	-1
7525	8538455
7526	-1
7527	-1
7528	8541497
7529	-1
7530	-1
7531	8544540
7532	-1
7533	-1
7534	8547583
7535	-1
7536	-1
7537	8550625
7538	-1
7539	-1
7540	8553668
7541	-1
7542	-1
7543	8556711
7544	-1
7545	-1
7546	8559753
7547	-1
7548	-1
7549	8562796
7550	-1
7551	-1
7552	8565839
7553	-1
7554	-1
7555	8568881
7556	-1
7557	-1
7558	-1
7559	8571924
7560	-1
7561	-1
7562	8574967
7563	-1
7564	-1
7565	8578009
7566	-1
7567	-1
7568	8581052
7569	-1
7570	-1
7571	8584095
7572	-1
7573	-1
7574	8587137
7575	-1
7576	-1
7577	8590180
7578	-1
7579	-1
7580	8593223
7581	-1
7582	-1
7583	8596265
7584	-1
7585	-1
7586	8599308
7587	-1
7588	-1
7589	8602351
7590	-1
7591	-1
7592	8605393
7593	-1
7594	-1
7595	8608436
7596	-1
7597	-1
7598	8611479
7599	-1
7600	-1
7601	8614521
7602	-1
7603	-1
7604	8617564
7605	-1
7606	-1
7607	8620607
7608	-1
7609	-1
7610	8623649
7611	-1
7612	-1
7613	8626692
7614	-1
7615	-1
7616	8629735
7617	-1
7618	-1
7619	8632777
7620	-1
7621	-1
7622	8635820
7623	-1
7624	-1
7625	8638863
7626	-1
7627	-1
7628	-1
7629	8641905
7630	-1
7631	-1
7632	8644948
7633	-1
7634	-1
7635	8647991
7636	-1
7637	-1
7638	8651033
7639	-1
7640	-1
7641	8654076
7642	-1
7643	-1
7644	8657119
7645	-1
7646	-1
7647	8660161
7648	-1
7649	-1
7650	8663204
7651	-1
7652	-1
7653	8666247
7654	-1
7655	-1
7656	8669289
7657	-1
7658	-1
7659	8672332
7660	-1
7661	-1
7662	8675375
7663	-1
7664	-1
7665	8678417
7666	-1
7667	-1
7668	8681460
7669	-1
7670	-1
7671	8684503
7672	-1
7673	-1
7674	8687545
7675	-1
7676	-1
7677	8690588
7678	-1
7679	-1
7680	8693631
7681	-1
7682	-1
7683	8696673
7684	-1
7685	-1
7686	8699716
7687	-1
7688	-1
7689	8702759
7690	-1
7691	-1
7692	8705801
7693	-1
7694	-1
7695	8708844
7696	-1
7697	-1
7698	8711887
7699	-1
7700	-1
7701	-1
7702	8714929
7703	-1
7704	-1
7705	8717972
7706	-1
7707	-1
7708	8721015
7709	-1
7710	-1
7711	8724057
7712	-1
7713	-1
7714	8727100
7715	-1
7716	-1
7717	8730143
7718	-1
7719	-1
7720	8733185
7721	-1
7722	-1
7723	8736228
7724	-1
7725	-1
7726	8739271
7727	-1
7728	-1
7729	8742313
7730	-1
7731	-1
7732	8745356
7733	-1
7734	-1
7735	8748399
7736	-1
7737	-1
7738	8751441
7739	-1
7740	-1
7741	8754484
7742	-1
7743	-1
7744	8757527
7745	-1
7746	-1
7747	8760569
7748	-1
7749	-1
7750	8763612
7751	-1
7752	-1
7753	8766655
7754	-1
7755	-1
7756	8769697
7757	-1
7758	-1
7759	8772740
7760	-1
7761	-1
7762	8775783
7763	-1
7764	-1
7765	8778825
7766	-1
7767	-1
7768	8781868
7769	-1
7770	-1
7771	-1
7772	8784911
7773	-1
7774	-1
7775	8787953
7776	-1
7777	-1
7778	8790996
7779	-1
7780	-1
7781	8794039
7782	-1
7783	-1
7784	8797081
7785	-1
7786	-1
7787	8800124
7788	-1
7789	-1
7790	8803167
7791	-1
7792	-1
7793	8806209
7794	-1
7795	-1
7796	8809252
7797	-1
7798	-1
7799	8812295
7800	-1
7801	-1
7802	8815337
7803	-1
7804	-1
7805	8818380
7806	-1
7807	-1
7808	8821423
7809	-1
7810	-1
7811	8824465
7812	-1
7813	-1
7814	8827508
7815	-1
7816	-1
7817	8830551
7818	-1
7819	-1
7820	8833593
7821	-1
7822	-1
7823	8836636
7824	-1
7825	-1
7826	8839679
7827	-1
7828	-1
7829	8842721
7830	-1
7831	-1
7832	8845764
7833	-1
7834	-1
7835	8848807
7836	-1
7837	-1
7838	8851849
7839	-1
7840	-1
7841	8854892
7842	-1
7843	-1
7844	-1
7845	8857935
7846	-1
7847	-1
7848	8860977
7849	-1
7850	-1
7851	8864020
7852	-1
7853	-1
7854	8867063
7855	-1
7856	-1
7857	8870105
7858	-1
7859	-1
7860	8873148
7861	-1
7862	-1
7863	8876191
7864	-1
7865	-1
7866	8879233
7867	-1
7868	-1
7869	8882276
7870	-1
7871	-1
7872	8885319
7873	-1
7874	-1
7875	8888361
7876	-1
7877	-1
7878	8891404
7879	-1
7880	-1
7881	8894447
7882	-1
7883	-1
7884	8897489
7885	-1
7886	-1
7887	8900532
7888	-1
7889	-1
7890	8903575
7891	-1
7892	-1
7893	8906617
7894	-1
7895	-1
7896	8909660
7897	-1
7898	-1
7899	8912703
7900	-1
7901	-1
7902	8915745
7903	-1
7904	-1
7905	8918788
7906	-1
7907	-1
7908	8921831
7909	-1
7910	-1
7911	8924873
7912	-1
7913	-1
7914	-1
7915	8927916
7916	-1
7917	-1
7918	8930959
7919	-1
7920	-1
7921	8934001
7922	-1
7923	-1
7924	8937044
7925	-1
7926	-1
7927	8940087
7928	-1
7929	-1
7930	8943129
7931	-1
7932	-1
7933	8946172
7934	-1
7935	-1
7936	8949215
7937	-1
7938	-1
7939	8952257
7940	-1
7941	-1
7942	8955300
7943	-1
7944	-1
7945	8958343
7946	-1
7947	-1
7948	8961385
7949	-1
7950	-1
7951	8964428
7952	-1
7953	-1
7954	8967471
7955	-1
7956	-1
7957	8970513
7958	-1
7959	-1
7960	8973556
7961	-1
7962	-1
7963	8976599
7964	-1
7965	-1
7966	8979641
7967	-1
7968	-1
7969	8982684
7970	-1
7971	-1
7972	8985727
7973	-1
7974	-1
7975	8988769
7976	-1
7977	-1
7978	8991812
7979	-1
7980	-1
7981	8994855
7982	-1
7983	-1
7984	-1
7985	8997897
7986	-1
7987	-1
7988	9000940
7989	-1
7990	-1
7991	9003983
7992	-1
7993	-1
7994	9007025
7995	-1
7996	-1
7997	9010068
7998	-1
7999	-1
