0	1008995
1	1010136
2	1011277
3	1012418
4	1013559
5	1014700
6	1015841
7	1016982
8	1018123
9	1019264
10	1020405
11	1021546
12	1022687
13	1023828
14	1024969
15	1026110
16	1027251
17	1028392
18	1029533
19	1030674
20	1031815
21	1032956
22	1034097
23	1035238
24	1036379
25	1037520
26	1038661
27	1039802
28	1040943
29	1042084
30	1043225
31	1044366
32	1045507
33	1046648
34	1047789
35	1048930
36	1050071
37	1051212
38	1052353
39	1053494
40	1054635
41	1055776
42	1056917
43	1058058
44	1059199
45	1060340
46	1061481
47	1062622
48	1063763
49	1064904
50	1066045
51	1067186
52	1068327
53	1069468
54	1070609
55	1071750
56	1072891
57	1074032
58	1075173
59	1076314
60	1077455
61	1078596
62	1079737
63	1080878
64	1082019
65	1083160
66	1084301
67	1085442
68	1086583
69	1087724
70	1088865
71	1090006
72	1091147
73	1092288
74	1093429
75	1094570
76	1095711
77	1096852
78	1097993
79	1099134
80	1100275
81	1101416
82	1102557
83	1103698
84	1104839
85	1105980
86	1107121
87	1108262
88	1109403
89	1110544
90	1111685
91	1112826
92	1113967
93	1115108
94	1116249
95	1117390
96	1118531
97	1119672
98	1120813
99	1121954
100	1123095
101	1124236
102	1125377
103	1126518
104	1127659
105	1128800
106	1129941
107	1131082
108	1132223
109	1133364
110	1134505
111	1135646
112	1136787
113	1137928
114	1139069
115	1140210
116	1141351
117	1142492
118	1143633
119	1144774
120	1145915
121	1147056
122	1148197
123	1149338
124	1150479
125	1151620
126	1152761
127	1153902
128	1155043
129	1156184
130	1157325
131	1158466
132	1159607
133	1160748
134	1161889
135	1163030
136	1164171
137	1165312
138	1166453
139	1167594
140	1168735
141	1169876
142	1171017
143	1172158
144	1173299
145	1174440
146	1175581
147	1176722
148	1177863
149	1179004
150	1180145
151	1181286
152	1182427
153	1183568
154	1184709
155	1185850
156	1186991
157	1188132
158	1189273
159	1190414
160	1191555
161	1192696
162	1193837
163	1194978
164	1196119
165	1197260
166	1198401
167	1199542
168	1200683
169	1201824
170	1202965
171	1204106
172	1205247
173	1206388
174	1207529
175	1208670
176	1209811
177	1210952
178	1212093
179	1213234
180	1214375
181	1215516
182	1216657
183	1217798
184	1218939
185	1220080
186	1221221
187	1222362
188	1223503
189	1224644
190	1225785
191	1226926
192	1228067
193	1229208
194	1230349
195	1231490
196	1232631
197	1233772
198	1234913
199	1236054
200	1237195
201	1238336
202	1239477
203	1240618
204	1241759
205	1242900
206	1244041
207	1245182
208	1246323
209	1247464
210	1248605
211	1249746
212	1250887
213	1252028
214	1253169
215	1254310
216	1255451
217	1256592
218	1257733
219	1258874
220	1260015
221	1261156
222	1262297
223	1263438
224	1264579
225	1265720
226	1266861
227	1268002
228	1269143
229	1270284
230	1271425
231	1272566
232	1273707
233	1274848
234	1275989
235	1277130
236	1278271
237	1279412
238	1280553
239	1281694
240	1282835
241	1283976
242	1285117
243	1286258
244	1287399
245	1288540
246	1289681
247	1290822
248	1291963
249	1293104
250	1294245
251	1295386
252	1296527
253	1297668
254	1298809
255	1299950
256	1301091
257	1302232
258	1303373
259	1304514
260	1305655
261	1306796
262	1307937
263	1309078
264	1310219
265	1311360
266	1312501
267	1313642
268	1314783
269	1315924
270	1317065
271	1318206
272	1319347
273	1320488
274	1321629
275	1322770
276	1323911
277	1325052
278	1326193
279	1327334
280	1328475
281	1329616
282	1330757
283	1331898
284	1333039
285	1334180
286	1335321
287	1336462
288	1337603
289	1338744
290	1339885
291	1341026
292	1342167
293	1343308
294	1344449
295	1345590
296	1346731
297	1347872
298	1349013
299	1350154
300	1351295
301	1352436
302	1353577
303	1354718
304	1355859
305	1357000
306	1358141
307	1359282
308	1360423
309	1361564
310	1362705
311	1363846
312	1364987
313	1366128
314	1367269
315	1368410
316	1369551
317	1370692
318	1371833
319	1372974
320	1374115
321	1375256
322	1376397
323	1377538
324	1378679
325	1379820
326	1380961
327	1382102
328	1383243
329	1384384
330	1385525
331	1386666
332	1387807
333	1388948
334	1390089
335	1391230
336	1392371
337	1393512
338	1394653
339	1395794
340	1396935
341	1398076
342	1399217
343	1400358
344	1401499
345	1402640
346	1403781
347	1404922
348	1406063
349	1407204
350	1408345
351	1409486
352	1410627
353	1411768
354	1412909
355	1414050
356	1415191
357	1416332
358	1417473
359	1418614
360	1419755
361	1420896
362	1422037
363	1423178
364	1424319
365	1425460
366	1426601
367	1427742
368	1428883
369	1430024
370	1431165
371	1432306
372	1433447
373	1434588
374	1435729
375	1436870
376	1438011
377	1439152
378	1440293
379	1441434
380	1442575
381	1443716
382	1444857
383	1445998
384	1447139
385	1448280
386	1449421
387	1450562
388	1451703
389	1452844
390	1453985
391	1455126
392	1456267
393	1457408
394	1458549
395	1459690
396	1460831
397	1461972
398	1463113
399	1464254
400	1465395
401	1466536
402	1467677
403	1468818
404	1469959
405	1471100
406	1472241
407	1473382
408	1474523
409	1475664
410	1476805
411	1477946
412	1479087
413	1480228
414	1481369
415	1482510
416	1483651
417	1484792
418	1485933
419	1487074
420	1488215
421	1489356
422	1490497
423	1491638
424	1492779
425	1493920
426	1495061
427	1496202
428	1497343
429	1498484
430	1499625
431	1500766
432	1501907
433	1503048
434	1504189
435	1505330
436	1506471
437	1507612
438	1508753
439	1509894
440	1511035
441	1512176
442	1513317
443	1514458
444	1515599
445	1516740
446	1517881
447	1519022
448	1520163
449	1521304
450	1522445
451	1523586
452	1524727
453	1525868
454	1527009
455	1528150
456	1529291
457	1530432
458	1531573
459	1532714
460	1533855
461	1534996
462	1536137
463	1537278
464	1538419
465	1539560
466	1540701
467	1541842
468	1542983
469	1544124
470	1545265
471	1546406
472	1547547
473	1548688
474	1549829
475	1550970
476	1552111
477	1553252
478	1554393
479	1555534
480	1556675
481	1557816
482	1558957
483	1560098
484	1561239
485	1562380
486	-1
487	1563521
488	1564662
489	1565803
490	1566944
491	1568085
492	1569226
493	1570367
494	-1
495	1571508
496	1572649
497	1573790
498	1574931
499	1576072
500	1577213
501	1578354
502	-1
503	1579495
504	1580636
505	1581777
506	1582918
507	1584059
508	1585200
509	1586341
510	-1
511	1587482
512	1588623
513	1589764
514	1590905
515	1592046
516	1593187
517	1594328
518	-1
519	1595469
520	1596610
521	1597751
522	1598892
523	1600033
524	1601174
525	1602315
526	-1
527	1603456
528	1604597
529	1605738
530	1606879
531	1608020
532	1609161
533	1610302
534	-1
535	1611443
536	1612584
537	1613725
538	1614866
539	1616007
540	1617148
541	1618289
542	-1
543	1619430
544	1620571
545	1621712
546	1622853
547	1623994
548	1625135
549	1626276
550	-1
551	1627417
552	1628558
553	1629699
554	1630840
555	1631981
556	1633122
557	1634263
558	1635404
559	-1
560	1636545
561	1637686
562	1638827
563	1639968
564	1641109
565	1642250
566	1643391
567	-1
568	1644532
569	1645673
570	1646814
571	1647955
572	1649096
573	1650237
574	1651378
575	-1
576	1652519
577	1653660
578	1654801
579	1655942
580	1657083
581	1658224
582	1659365
583	-1
584	1660506
585	1661647
586	1662788
587	1663929
588	1665070
589	1666211
590	1667352
591	-1
592	1668493
593	1669634
594	1670775
595	1671916
596	1673057
597	1674198
598	1675339
599	-1
600	1676480
601	1677621
602	1678762
603	1679903
604	1681044
605	1682185
606	1683326
607	-1
608	1684467
609	1685608
610	1686749
611	1687890
612	1689031
613	1690172
614	1691313
615	-1
616	1692454
617	1693595
618	1694736
619	1695877
620	1697018
621	1698159
622	1699300
623	-1
624	1700441
625	1701582
626	1702723
627	1703864
628	1705005
629	1706146
630	1707287
631	-1
632	1708428
633	1709569
634	1710710
635	1711851
636	1712992
637	1714133
638	1715274
639	-1
640	1716415
641	1717556
642	1718697
643	1719838
644	1720979
645	1722120
646	1723261
647	1724402
648	-1
649	1725543
650	1726684
651	1727825
652	1728966
653	1730107
654	1731248
655	1732389
656	-1
657	1733530
658	1734671
659	1735812
660	1736953
661	1738094
662	1739235
663	1740376
664	-1
665	1741517
666	1742658
667	1743799
668	1744940
669	1746081
670	1747222
671	1748363
672	-1
673	1749504
674	1750645
675	1751786
676	1752927
677	1754068
678	1755209
679	1756350
680	-1
681	1757491
682	1758632
683	1759773
684	1760914
685	1762055
686	1763196
687	1764337
688	-1
689	1765478
690	1766619
691	1767760
692	1768901
693	1770042
694	1771183
695	1772324
696	-1
697	1773465
698	1774606
699	1775747
700	1776888
701	1778029
702	1779170
703	1780311
704	-1
705	1781452
706	1782593
707	1783734
708	1784875
709	1786016
710	1787157
711	1788298
712	-1
713	1789439
714	1790580
715	1791721
716	1792862
717	1794003
718	1795144
719	1796285
720	-1
721	1797426
722	1798567
723	1799708
724	1800849
725	1801990
726	1803131
727	1804272
728	-1
729	1805413
730	1806554
731	1807695
732	1808836
733	1809977
734	1811118
735	1812259
736	1813400
737	-1
738	1814541
739	1815682
740	1816823
741	1817964
742	1819105
743	1820246
744	1821387
745	-1
746	1822528
747	1823669
748	1824810
749	1825951
750	1827092
751	1828233
752	1829374
753	-1
754	1830515
755	1831656
756	1832797
757	1833938
758	1835079
759	1836220
760	1837361
761	-1
762	1838502
763	1839643
764	1840784
765	1841925
766	1843066
767	1844207
768	1845348
769	-1
770	1846489
771	1847630
772	1848771
773	1849912
774	1851053
775	1852194
776	1853335
777	-1
778	1854476
779	1855617
780	1856758
781	1857899
782	1859040
783	1860181
784	1861322
785	-1
786	1862463
787	1863604
788	1864745
789	1865886
790	1867027
791	1868168
792	1869309
793	-1
794	1870450
795	1871591
796	1872732
797	1873873
798	1875014
799	1876155
800	1877296
801	-1
802	1878437
803	1879578
804	1880719
805	1881860
806	1883001
807	1884142
808	1885283
809	-1
810	1886424
811	1887565
812	1888706
813	1889847
814	1890988
815	1892129
816	1893270
817	-1
818	1894411
819	1895552
820	1896693
821	1897834
822	1898975
823	1900116
824	1901257
825	1902398
826	-1
827	1903539
828	1904680
829	1905821
830	1906962
831	1908103
832	1909244
833	1910385
834	-1
835	1911526
836	1912667
837	1913808
838	1914949
839	1916090
840	1917231
841	1918372
842	-1
843	1919513
844	1920654
845	1921795
846	1922936
847	1924077
848	1925218
849	1926359
850	-1
851	1927500
852	1928641
853	1929782
854	1930923
855	1932064
856	1933205
857	1934346
858	-1
859	1935487
860	1936628
861	1937769
862	1938910
863	1940051
864	1941192
865	1942333
866	-1
867	1943474
868	1944615
869	1945756
870	1946897
871	1948038
872	1949179
873	1950320
874	-1
875	1951461
876	1952602
877	1953743
878	1954884
879	1956025
880	1957166
881	1958307
882	-1
883	1959448
884	1960589
885	1961730
886	1962871
887	1964012
888	1965153
889	1966294
890	-1
891	1967435
892	1968576
893	1969717
894	1970858
895	1971999
896	1973140
897	1974281
898	-1
899	1975422
900	1976563
901	1977704
902	1978845
903	1979986
904	1981127
905	1982268
906	-1
907	1983409
908	1984550
909	1985691
910	1986832
911	1987973
912	1989114
913	1990255
914	1991396
915	-1
916	1992537
917	1993678
918	1994819
919	1995960
920	1997101
921	1998242
922	1999383
923	-1
924	2000524
925	2001665
926	2002806
927	2003947
928	2005088
929	2006229
930	2007370
931	-1
932	2008511
933	2009652
934	2010793
935	2011934
936	2013075
937	2014216
938	2015357
939	-1
940	2016498
941	2017639
942	2018780
943	2019921
944	2021062
945	2022203
946	2023344
947	-1
948	2024485
949	2025626
950	2026767
951	2027908
952	2029049
953	2030190
954	2031331
955	-1
956	2032472
957	2033613
958	2034754
959	2035895
960	2037036
961	2038177
962	2039318
963	-1
964	2040459
965	2041600
966	2042741
967	2043882
968	2045023
969	2046164
970	2047305
971	-1
972	2048446
973	2049587
974	2050728
975	2051869
976	2053010
977	2054151
978	2055292
979	-1
980	2056433
981	2057574
982	2058715
983	2059856
984	2060997
985	2062138
986	2063279
987	-1
988	2064420
989	2065561
990	2066702
991	2067843
992	2068984
993	2070125
994	2071266
995	2072407
996	-1
997	2073548
998	2074689
999	2075830
1000	2076971
1001	2078112
1002	2079253
1003	2080394
1004	-1
1005	2081535
1006	2082676
1007	2083817
1008	2084958
1009	2086099
1010	2087240
1011	2088381
1012	-1
1013	2089522
1014	2090663
1015	2091804
1016	2092945
1017	2094086
1018	2095227
1019	2096368
1020	-1
1021	2097509
1022	2098650
1023	2099791
1024	2100932
1025	2102073
1026	2103214
1027	2104355
1028	-1
1029	2105496
1030	2106637
1031	2107778
1032	2108919
1033	2110060
1034	2111201
1035	2112342
1036	-1
1037	2113483
1038	2114624
1039	2115765
1040	2116906
1041	2118047
1042	2119188
1043	2120329
1044	-1
1045	2121470
1046	2122611
1047	2123752
1048	2124893
1049	2126034
1050	2127175
1051	2128316
1052	-1
1053	2129457
1054	2130598
1055	2131739
1056	2132880
1057	2134021
1058	2135162
1059	2136303
1060	-1
1061	2137444
1062	2138585
1063	2139726
1064	2140867
1065	2142008
1066	2143149
1067	2144290
1068	-1
1069	2145431
1070	2146572
1071	2147713
1072	2148854
1073	2149995
1074	2151136
1075	2152277
1076	-1
1077	2153418
1078	2154559
1079	2155700
1080	2156841
1081	2157982
1082	2159123
1083	2160264
1084	2161405
1085	-1
1086	2162546
1087	2163687
1088	2164828
1089	2165969
1090	2167110
1091	2168251
1092	2169392
1093	-1
1094	2170533
1095	2171674
1096	2172815
1097	2173956
1098	2175097
1099	2176238
1100	2177379
1101	-1
1102	2178520
1103	2179661
1104	2180802
1105	2181943
1106	2183084
1107	2184225
1108	2185366
1109	-1
1110	2186507
1111	2187648
1112	2188789
1113	2189930
1114	2191071
1115	2192212
1116	2193353
1117	-1
1118	2194494
1119	2195635
1120	2196776
1121	2197917
1122	2199058
1123	2200199
1124	2201340
1125	-1
1126	2202481
1127	2203622
1128	2204763
1129	2205904
1130	2207045
1131	2208186
1132	2209327
1133	-1
1134	2210468
1135	2211609
1136	2212750
1137	2213891
1138	2215032
1139	2216173
1140	2217314
1141	-1
1142	2218455
1143	2219596
1144	2220737
1145	2221878
1146	2223019
1147	2224160
1148	2225301
1149	-1
1150	2226442
1151	2227583
1152	2228724
1153	2229865
1154	2231006
1155	2232147
1156	2233288
1157	-1
1158	2234429
1159	2235570
1160	2236711
1161	2237852
1162	2238993
1163	2240134
1164	2241275
1165	-1
1166	2242416
1167	2243557
1168	2244698
1169	2245839
1170	2246980
1171	2248121
1172	2249262
1173	2250403
1174	-1
1175	2251544
1176	2252685
1177	2253826
1178	2254967
1179	2256108
1180	2257249
1181	2258390
1182	-1
1183	2259531
1184	2260672
1185	2261813
1186	2262954
1187	2264095
1188	2265236
1189	2266377
1190	-1
1191	2267518
1192	2268659
1193	2269800
1194	2270941
1195	2272082
1196	2273223
1197	2274364
1198	-1
1199	2275505
1200	2276646
1201	2277787
1202	2278928
1203	2280069
1204	2281210
1205	2282351
1206	-1
1207	2283492
1208	2284633
1209	2285774
1210	2286915
1211	2288056
1212	2289197
1213	2290338
1214	-1
1215	2291479
1216	2292620
1217	2293761
1218	2294902
1219	2296043
1220	2297184
1221	2298325
1222	-1
1223	2299466
1224	2300607
1225	2301748
1226	2302889
1227	2304030
1228	2305171
1229	2306312
1230	-1
1231	2307453
1232	2308594
1233	2309735
1234	2310876
1235	2312017
1236	2313158
1237	2314299
1238	-1
1239	2315440
1240	2316581
1241	2317722
1242	2318863
1243	2320004
1244	2321145
1245	2322286
1246	-1
1247	2323427
1248	2324568
1249	2325709
1250	2326850
1251	2327991
1252	2329132
1253	2330273
1254	-1
1255	2331414
1256	2332555
1257	2333696
1258	2334837
1259	2335978
1260	2337119
1261	2338260
1262	2339401
1263	-1
1264	2340542
1265	2341683
1266	2342824
1267	2343965
1268	2345106
1269	2346247
1270	2347388
1271	-1
1272	2348529
1273	2349670
1274	2350811
1275	2351952
1276	2353093
1277	2354234
1278	2355375
1279	-1
1280	2356516
1281	2357657
1282	2358798
1283	2359939
1284	2361080
1285	2362221
1286	2363362
1287	-1
1288	2364503
1289	2365644
1290	2366785
1291	2367926
1292	2369067
1293	2370208
1294	2371349
1295	-1
1296	2372490
1297	2373631
1298	2374772
1299	2375913
1300	2377054
1301	2378195
1302	2379336
1303	-1
1304	2380477
1305	2381618
1306	2382759
1307	2383900
1308	2385041
1309	2386182
1310	2387323
1311	-1
1312	2388464
1313	2389605
1314	2390746
1315	2391887
1316	2393028
1317	2394169
1318	2395310
1319	-1
1320	2396451
1321	2397592
1322	2398733
1323	2399874
1324	2401015
1325	2402156
1326	2403297
1327	-1
1328	2404438
1329	2405579
1330	2406720
1331	2407861
1332	2409002
1333	2410143
1334	2411284
1335	-1
1336	2412425
1337	2413566
1338	2414707
1339	2415848
1340	2416989
1341	2418130
1342	2419271
1343	-1
1344	2420412
1345	2421553
1346	2422694
1347	2423835
1348	2424976
1349	2426117
1350	2427258
1351	2428399
1352	-1
1353	2429540
1354	2430681
1355	2431822
1356	2432963
1357	2434104
1358	2435245
1359	2436386
1360	-1
1361	2437527
1362	2438668
1363	2439809
1364	2440950
1365	2442091
1366	2443232
1367	2444373
1368	-1
1369	2445514
1370	2446655
1371	2447796
1372	2448937
1373	2450078
1374	2451219
1375	2452360
1376	-1
1377	2453501
1378	2454642
1379	2455783
1380	2456924
1381	2458065
1382	2459206
1383	2460347
1384	-1
1385	2461488
1386	2462629
1387	2463770
1388	2464911
1389	2466052
1390	2467193
1391	2468334
1392	-1
1393	2469475
1394	2470616
1395	2471757
1396	2472898
1397	2474039
1398	2475180
1399	2476321
1400	-1
1401	2477462
1402	2478603
1403	2479744
1404	2480885
1405	2482026
1406	2483167
1407	2484308
1408	-1
1409	2485449
1410	2486590
1411	2487731
1412	2488872
1413	2490013
1414	2491154
1415	2492295
1416	-1
1417	2493436
1418	2494577
1419	2495718
1420	2496859
1421	2498000
1422	2499141
1423	2500282
1424	-1
1425	2501423
1426	2502564
1427	2503705
1428	2504846
1429	2505987
1430	2507128
1431	2508269
1432	-1
1433	2509410
1434	2510551
1435	2511692
1436	2512833
1437	2513974
1438	2515115
1439	2516256
1440	2517397
1441	-1
1442	2518538
1443	2519679
1444	2520820
1445	2521961
1446	2523102
1447	2524243
1448	2525384
1449	-1
1450	2526525
1451	2527666
1452	2528807
1453	2529948
1454	2531089
1455	2532230
1456	2533371
1457	-1
1458	2534512
1459	2535653
1460	2536794
1461	2537935
1462	2539076
1463	2540217
1464	2541358
1465	-1
1466	2542499
1467	2543640
1468	2544781
1469	2545922
1470	2547063
1471	2548204
1472	2549345
1473	-1
1474	2550486
1475	2551627
1476	2552768
1477	2553909
1478	2555050
1479	2556191
1480	2557332
1481	-1
1482	2558473
1483	2559614
1484	2560755
1485	2561896
1486	2563037
1487	2564178
1488	2565319
1489	-1
1490	2566460
1491	2567601
1492	2568742
1493	2569883
1494	2571024
1495	2572165
1496	2573306
1497	-1
1498	2574447
1499	2575588
1500	2576729
1501	2577870
1502	2579011
1503	2580152
1504	2581293
1505	-1
1506	2582434
1507	2583575
1508	2584716
1509	2585857
1510	2586998
1511	2588139
1512	2589280
1513	-1
1514	2590421
1515	2591562
1516	2592703
1517	2593844
1518	2594985
1519	2596126
1520	2597267
1521	2598408
1522	-1
1523	2599549
1524	2600690
1525	2601831
1526	2602972
1527	2604113
1528	2605254
1529	2606395
1530	-1
1531	2607536
1532	2608677
1533	2609818
1534	2610959
1535	2612100
1536	2613241
1537	2614382
1538	-1
1539	2615523
1540	2616664
1541	2617805
1542	2618946
1543	2620087
1544	2621228
1545	2622369
1546	-1
1547	2623510
1548	2624651
1549	2625792
1550	2626933
1551	2628074
1552	2629215
1553	2630356
1554	-1
1555	2631497
1556	2632638
1557	2633779
1558	2634920
1559	2636061
1560	2637202
1561	2638343
1562	-1
1563	2639484
1564	2640625
1565	2641766
1566	2642907
1567	2644048
1568	2645189
1569	2646330
1570	-1
1571	2647471
1572	2648612
1573	2649753
1574	2650894
1575	2652035
1576	2653176
1577	2654317
1578	-1
1579	2655458
1580	2656599
1581	2657740
1582	2658881
1583	2660022
1584	2661163
1585	2662304
1586	-1
1587	2663445
1588	2664586
1589	2665727
1590	2666868
1591	2668009
1592	2669150
1593	2670291
1594	-1
1595	2671432
1596	2672573
1597	2673714
1598	2674855
1599	2675996
1600	2677137
1601	2678278
1602	-1
1603	2679419
1604	2680560
1605	2681701
1606	2682842
1607	2683983
1608	2685124
1609	2686265
1610	2687406
1611	-1
1612	2688547
1613	2689688
1614	2690829
1615	2691970
1616	2693111
1617	2694252
1618	2695393
1619	-1
1620	2696534
1621	2697675
1622	2698816
1623	2699957
1624	2701098
1625	2702239
1626	2703380
1627	-1
1628	2704521
1629	2705662
1630	2706803
1631	2707944
1632	2709085
1633	2710226
1634	2711367
1635	-1
1636	2712508
1637	2713649
1638	2714790
1639	2715931
1640	2717072
1641	2718213
1642	2719354
1643	-1
1644	2720495
1645	2721636
1646	2722777
1647	2723918
1648	2725059
1649	2726200
1650	2727341
1651	-1
1652	2728482
1653	2729623
1654	2730764
1655	2731905
1656	2733046
1657	2734187
1658	2735328
1659	-1
1660	2736469
1661	2737610
1662	2738751
1663	2739892
1664	2741033
1665	2742174
1666	2743315
1667	-1
1668	2744456
1669	2745597
1670	2746738
1671	2747879
1672	2749020
1673	2750161
1674	2751302
1675	-1
1676	2752443
1677	2753584
1678	2754725
1679	2755866
1680	2757007
1681	2758148
1682	2759289
1683	-1
1684	2760430
1685	2761571
1686	2762712
1687	2763853
1688	2764994
1689	2766135
1690	2767276
1691	-1
1692	2768417
1693	2769558
1694	2770699
1695	2771840
1696	2772981
1697	2774122
1698	2775263
1699	2776404
1700	-1
1701	2777545
1702	2778686
1703	2779827
1704	2780968
1705	2782109
1706	2783250
1707	2784391
1708	-1
1709	2785532
1710	2786673
1711	2787814
1712	2788955
1713	2790096
1714	2791237
1715	2792378
1716	-1
1717	2793519
1718	2794660
1719	2795801
1720	2796942
1721	2798083
1722	2799224
1723	2800365
1724	-1
1725	2801506
1726	2802647
1727	2803788
1728	2804929
1729	2806070
1730	2807211
1731	2808352
1732	-1
1733	2809493
1734	2810634
1735	2811775
1736	2812916
1737	2814057
1738	2815198
1739	2816339
1740	-1
1741	2817480
1742	2818621
1743	2819762
1744	2820903
1745	2822044
1746	2823185
1747	2824326
1748	-1
1749	2825467
1750	2826608
1751	2827749
1752	2828890
1753	2830031
1754	2831172
1755	2832313
1756	-1
1757	2833454
1758	2834595
1759	2835736
1760	2836877
1761	2838018
1762	2839159
1763	2840300
1764	-1
1765	2841441
1766	2842582
1767	2843723
1768	2844864
1769	2846005
1770	2847146
1771	2848287
1772	-1
1773	2849428
1774	2850569
1775	2851710
1776	2852851
1777	2853992
1778	2855133
1779	2856274
1780	-1
1781	2857415
1782	2858556
1783	2859697
1784	2860838
1785	2861979
1786	2863120
1787	2864261
1788	2865402
1789	-1
1790	2866543
1791	2867684
1792	2868825
1793	2869966
1794	2871107
1795	2872248
1796	2873389
1797	-1
1798	2874530
1799	2875671
1800	2876812
1801	2877953
1802	2879094
1803	2880235
1804	2881376
1805	-1
1806	2882517
1807	2883658
1808	2884799
1809	2885940
1810	2887081
1811	2888222
1812	2889363
1813	-1
1814	2890504
1815	2891645
1816	2892786
1817	2893927
1818	2895068
1819	2896209
1820	2897350
1821	-1
1822	2898491
1823	2899632
1824	2900773
1825	2901914
1826	2903055
1827	2904196
1828	2905337
1829	-1
1830	2906478
1831	2907619
1832	2908760
1833	2909901
1834	2911042
1835	2912183
1836	2913324
1837	-1
1838	2914465
1839	2915606
1840	2916747
1841	2917888
1842	2919029
1843	2920170
1844	2921311
1845	-1
1846	2922452
1847	2923593
1848	2924734
1849	2925875
1850	2927016
1851	2928157
1852	2929298
1853	-1
1854	2930439
1855	2931580
1856	2932721
1857	2933862
1858	2935003
1859	2936144
1860	2937285
1861	-1
1862	2938426
1863	2939567
1864	2940708
1865	2941849
1866	2942990
1867	2944131
1868	2945272
1869	-1
1870	2946413
1871	2947554
1872	2948695
1873	2949836
1874	2950977
1875	2952118
1876	2953259
1877	2954400
1878	-1
1879	2955541
1880	2956682
1881	2957823
1882	2958964
1883	2960105
1884	2961246
1885	2962387
1886	-1
1887	2963528
1888	2964669
1889	2965810
1890	2966951
1891	2968092
1892	2969233
1893	2970374
1894	-1
1895	2971515
1896	2972656
1897	2973797
1898	2974938
1899	2976079
1900	2977220
1901	2978361
1902	-1
1903	2979502
1904	2980643
1905	2981784
1906	2982925
1907	2984066
1908	2985207
1909	2986348
1910	-1
1911	2987489
1912	2988630
1913	2989771
1914	2990912
1915	2992053
1916	2993194
1917	2994335
1918	-1
1919	2995476
1920	2996617
1921	2997758
1922	2998899
1923	3000040
1924	3001181
1925	3002322
1926	-1
1927	3003463
1928	3004604
1929	3005745
1930	3006886
1931	3008027
1932	3009168
1933	3010309
1934	-1
1935	3011450
1936	3012591
1937	3013732
1938	3014873
1939	3016014
1940	3017155
1941	3018296
1942	-1
1943	3019437
1944	3020578
1945	3021719
1946	3022860
1947	3024001
1948	3025142
1949	3026283
1950	-1
1951	3027424
1952	3028565
1953	3029706
1954	3030847
1955	3031988
1956	3033129
1957	3034270
1958	-1
1959	3035411
1960	3036552
1961	3037693
1962	3038834
1963	3039975
1964	3041116
1965	3042257
1966	3043398
1967	-1
1968	3044539
1969	3045680
1970	3046821
1971	3047962
1972	3049103
1973	3050244
1974	3051385
1975	-1
1976	3052526
1977	3053667
1978	3054808
1979	3055949
1980	3057090
1981	3058231
1982	3059372
1983	-1
1984	3060513
1985	3061654
1986	3062795
1987	3063936
1988	3065077
1989	3066218
1990	3067359
1991	-1
1992	3068500
1993	3069641
1994	3070782
1995	3071923
1996	3073064
1997	3074205
1998	3075346
1999	-1
2000	3076487
2001	3077628
2002	3078769
2003	3079910
2004	3081051
2005	3082192
2006	3083333
2007	-1
2008	3084474
2009	3085615
2010	3086756
2011	3087897
2012	3089038
2013	3090179
2014	3091320
2015	-1
2016	3092461
2017	3093602
2018	3094743
2019	3095884
2020	3097025
2021	3098166
2022	3099307
2023	-1
2024	3100448
2025	3101589
2026	3102730
2027	3103871
2028	3105012
2029	3106153
2030	3107294
2031	-1
2032	3108435
2033	3109576
2034	3110717
2035	3111858
2036	3112999
2037	3114140
2038	3115281
2039	-1
2040	3116422
2041	3117563
2042	3118704
2043	3119845
2044	3120986
2045	3122127
2046	3123268
2047	-1
2048	3124409
2049	3125550
2050	3126691
2051	3127832
2052	3128973
2053	3130114
2054	3131255
2055	3132396
2056	-1
2057	3133537
2058	3134678
2059	3135819
2060	3136960
2061	3138101
2062	3139242
2063	3140383
2064	-1
2065	3141524
2066	3142665
2067	3143806
2068	3144947
2069	3146088
2070	3147229
2071	3148370
2072	-1
2073	3149511
2074	3150652
2075	3151793
2076	3152934
2077	3154075
2078	3155216
2079	3156357
2080	-1
2081	3157498
2082	3158639
2083	3159780
2084	3160921
2085	3162062
2086	3163203
2087	3164344
2088	-1
2089	3165485
2090	3166626
2091	3167767
2092	3168908
2093	3170049
2094	3171190
2095	3172331
2096	-1
2097	3173472
2098	3174613
2099	3175754
2100	3176895
2101	3178036
2102	3179177
2103	3180318
2104	-1
2105	3181459
2106	3182600
2107	3183741
2108	3184882
2109	3186023
2110	3187164
2111	3188305
2112	-1
2113	3189446
2114	3190587
2115	3191728
2116	3192869
2117	3194010
2118	3195151
2119	3196292
2120	-1
2121	3197433
2122	3198574
2123	3199715
2124	3200856
2125	3201997
2126	3203138
2127	3204279
2128	-1
2129	3205420
2130	3206561
2131	3207702
2132	3208843
2133	3209984
2134	3211125
2135	3212266
2136	3213407
2137	-1
2138	3214548
2139	3215689
2140	3216830
2141	3217971
2142	3219112
2143	3220253
2144	3221394
2145	-1
2146	3222535
2147	3223676
2148	3224817
2149	3225958
2150	3227099
2151	3228240
2152	3229381
2153	-1
2154	3230522
2155	3231663
2156	3232804
2157	3233945
2158	3235086
2159	3236227
2160	3237368
2161	-1
2162	3238509
2163	3239650
2164	3240791
2165	3241932
2166	3243073
2167	3244214
2168	3245355
2169	-1
2170	3246496
2171	3247637
2172	3248778
2173	3249919
2174	3251060
2175	3252201
2176	3253342
2177	-1
2178	3254483
2179	3255624
2180	3256765
2181	3257906
2182	3259047
2183	3260188
2184	3261329
2185	-1
2186	3262470
2187	3263611
2188	3264752
2189	3265893
2190	3267034
2191	3268175
2192	3269316
2193	-1
2194	3270457
2195	3271598
2196	3272739
2197	3273880
2198	3275021
2199	3276162
2200	3277303
2201	-1
2202	3278444
2203	3279585
2204	3280726
2205	3281867
2206	3283008
2207	3284149
2208	3285290
2209	-1
2210	3286431
2211	3287572
2212	3288713
2213	3289854
2214	3290995
2215	3292136
2216	3293277
2217	-1
2218	3294418
2219	3295559
2220	3296700
2221	3297841
2222	3298982
2223	3300123
2224	3301264
2225	3302405
2226	-1
2227	3303546
2228	3304687
2229	3305828
2230	3306969
2231	3308110
2232	3309251
2233	3310392
2234	-1
2235	3311533
2236	3312674
2237	3313815
2238	3314956
2239	3316097
2240	3317238
2241	3318379
2242	-1
2243	3319520
2244	3320661
2245	3321802
2246	3322943
2247	3324084
2248	3325225
2249	3326366
2250	-1
2251	3327507
2252	3328648
2253	3329789
2254	3330930
2255	3332071
2256	3333212
2257	3334353
2258	-1
2259	3335494
2260	3336635
2261	3337776
2262	3338917
2263	3340058
2264	3341199
2265	3342340
2266	-1
2267	3343481
2268	3344622
2269	3345763
2270	3346904
2271	3348045
2272	3349186
2273	3350327
2274	-1
2275	3351468
2276	3352609
2277	3353750
2278	3354891
2279	3356032
2280	3357173
2281	3358314
2282	-1
2283	3359455
2284	3360596
2285	3361737
2286	3362878
2287	3364019
2288	3365160
2289	3366301
2290	-1
2291	3367442
2292	3368583
2293	3369724
2294	3370865
2295	3372006
2296	3373147
2297	3374288
2298	-1
2299	3375429
2300	3376570
2301	3377711
2302	3378852
2303	3379993
2304	3381134
2305	3382275
2306	-1
2307	3383416
2308	3384557
2309	3385698
2310	3386839
2311	3387980
2312	3389121
2313	3390262
2314	3391403
2315	-1
2316	3392544
2317	3393685
2318	3394826
2319	3395967
2320	3397108
2321	3398249
2322	3399390
2323	-1
2324	3400531
2325	3401672
2326	3402813
2327	3403954
2328	3405095
2329	3406236
2330	3407377
2331	-1
2332	3408518
2333	3409659
2334	3410800
2335	3411941
2336	3413082
2337	3414223
2338	3415364
2339	-1
2340	3416505
2341	3417646
2342	3418787
2343	3419928
2344	3421069
2345	3422210
2346	3423351
2347	-1
2348	3424492
2349	3425633
2350	3426774
2351	3427915
2352	3429056
2353	3430197
2354	3431338
2355	-1
2356	3432479
2357	3433620
2358	3434761
2359	3435902
2360	3437043
2361	3438184
2362	3439325
2363	-1
2364	3440466
2365	3441607
2366	3442748
2367	3443889
2368	3445030
2369	3446171
2370	3447312
2371	-1
2372	3448453
2373	3449594
2374	3450735
2375	3451876
2376	3453017
2377	3454158
2378	3455299
2379	-1
2380	3456440
2381	3457581
2382	3458722
2383	3459863
2384	3461004
2385	3462145
2386	3463286
2387	-1
2388	3464427
2389	3465568
2390	3466709
2391	3467850
2392	3468991
2393	3470132
2394	3471273
2395	-1
2396	3472414
2397	3473555
2398	3474696
2399	3475837
2400	3476978
2401	3478119
2402	3479260
2403	3480401
2404	-1
2405	3481542
2406	3482683
2407	3483824
2408	3484965
2409	3486106
2410	3487247
2411	3488388
2412	-1
2413	3489529
2414	3490670
2415	3491811
2416	3492952
2417	3494093
2418	3495234
2419	3496375
2420	-1
2421	3497516
2422	3498657
2423	3499798
2424	3500939
2425	3502080
2426	3503221
2427	3504362
2428	-1
2429	3505503
2430	3506644
2431	3507785
2432	3508926
2433	3510067
2434	3511208
2435	3512349
2436	-1
2437	3513490
2438	3514631
2439	3515772
2440	3516913
2441	3518054
2442	3519195
2443	3520336
2444	-1
2445	3521477
2446	3522618
2447	3523759
2448	3524900
2449	3526041
2450	3527182
2451	3528323
2452	-1
2453	3529464
2454	3530605
2455	3531746
2456	3532887
2457	3534028
2458	3535169
2459	3536310
2460	-1
2461	3537451
2462	3538592
2463	3539733
2464	3540874
2465	3542015
2466	3543156
2467	3544297
2468	-1
2469	3545438
2470	3546579
2471	3547720
2472	3548861
2473	3550002
2474	3551143
2475	3552284
2476	-1
2477	3553425
2478	3554566
2479	3555707
2480	3556848
2481	3557989
2482	3559130
2483	3560271
2484	-1
2485	3561412
2486	3562553
2487	3563694
2488	3564835
2489	3565976
2490	3567117
2491	3568258
2492	3569399
2493	-1
2494	3570540
2495	3571681
2496	3572822
2497	3573963
2498	3575104
2499	3576245
2500	3577386
2501	-1
2502	3578527
2503	3579668
2504	3580809
2505	3581950
2506	3583091
2507	3584232
2508	3585373
2509	-1
2510	3586514
2511	3587655
2512	3588796
2513	3589937
2514	3591078
2515	3592219
2516	3593360
2517	-1
2518	3594501
2519	3595642
2520	3596783
2521	3597924
2522	3599065
2523	3600206
2524	3601347
2525	-1
2526	3602488
2527	3603629
2528	3604770
2529	3605911
2530	3607052
2531	3608193
2532	3609334
2533	-1
2534	3610475
2535	3611616
2536	3612757
2537	3613898
2538	3615039
2539	3616180
2540	3617321
2541	-1
2542	3618462
2543	3619603
2544	3620744
2545	3621885
2546	3623026
2547	3624167
2548	3625308
2549	-1
2550	3626449
2551	3627590
2552	3628731
2553	3629872
2554	3631013
2555	3632154
2556	3633295
2557	-1
2558	3634436
2559	3635577
2560	3636718
2561	3637859
2562	3639000
2563	3640141
2564	3641282
2565	-1
2566	3642423
2567	3643564
2568	3644705
2569	3645846
2570	3646987
2571	3648128
2572	3649269
2573	-1
2574	3650410
2575	3651551
2576	3652692
2577	3653833
2578	3654974
2579	3656115
2580	3657256
2581	3658397
2582	-1
2583	3659538
2584	3660679
2585	3661820
2586	3662961
2587	3664102
2588	3665243
2589	3666384
2590	-1
2591	3667525
2592	3668666
2593	3669807
2594	3670948
2595	3672089
2596	3673230
2597	3674371
2598	-1
2599	3675512
2600	3676653
2601	3677794
2602	3678935
2603	3680076
2604	3681217
2605	3682358
2606	-1
2607	3683499
2608	3684640
2609	3685781
2610	3686922
2611	3688063
2612	3689204
2613	3690345
2614	-1
2615	3691486
2616	3692627
2617	3693768
2618	3694909
2619	3696050
2620	3697191
2621	3698332
2622	-1
2623	3699473
2624	3700614
2625	3701755
2626	3702896
2627	3704037
2628	3705178
2629	3706319
2630	-1
2631	3707460
2632	3708601
2633	3709742
2634	3710883
2635	3712024
2636	3713165
2637	3714306
2638	-1
2639	3715447
2640	3716588
2641	3717729
2642	3718870
2643	3720011
2644	3721152
2645	3722293
2646	-1
2647	3723434
2648	3724575
2649	3725716
2650	3726857
2651	3727998
2652	3729139
2653	3730280
2654	-1
2655	3731421
2656	3732562
2657	3733703
2658	3734844
2659	3735985
2660	3737126
2661	3738267
2662	3739408
2663	-1
2664	3740549
2665	3741690
2666	3742831
2667	3743972
2668	3745113
2669	3746254
2670	3747395
2671	-1
2672	3748536
2673	3749677
2674	3750818
2675	3751959
2676	3753100
2677	3754241
2678	3755382
2679	-1
2680	3756523
2681	3757664
2682	3758805
2683	3759946
2684	3761087
2685	3762228
2686	3763369
2687	-1
2688	3764510
2689	3765651
2690	3766792
2691	3767933
2692	3769074
2693	3770215
2694	3771356
2695	-1
2696	3772497
2697	3773638
2698	3774779
2699	3775920
2700	3777061
2701	3778202
2702	3779343
2703	-1
2704	3780484
2705	3781625
2706	3782766
2707	3783907
2708	3785048
2709	3786189
2710	3787330
2711	-1
2712	3788471
2713	3789612
2714	3790753
2715	3791894
2716	3793035
2717	3794176
2718	3795317
2719	-1
2720	3796458
2721	3797599
2722	3798740
2723	3799881
2724	3801022
2725	3802163
2726	3803304
2727	-1
2728	3804445
2729	3805586
2730	3806727
2731	3807868
2732	3809009
2733	3810150
2734	3811291
2735	-1
2736	3812432
2737	3813573
2738	3814714
2739	3815855
2740	3816996
2741	3818137
2742	3819278
2743	-1
2744	3820419
2745	3821560
2746	3822701
2747	3823842
2748	3824983
2749	3826124
2750	3827265
2751	3828406
2752	-1
2753	3829547
2754	3830688
2755	3831829
2756	3832970
2757	3834111
2758	3835252
2759	3836393
2760	-1
2761	3837534
2762	3838675
2763	3839816
2764	3840957
2765	3842098
2766	3843239
2767	3844380
2768	-1
2769	3845521
2770	3846662
2771	3847803
2772	3848944
2773	3850085
2774	3851226
2775	3852367
2776	-1
2777	3853508
2778	3854649
2779	3855790
2780	3856931
2781	3858072
2782	3859213
2783	3860354
2784	-1
2785	3861495
2786	3862636
2787	3863777
2788	3864918
2789	3866059
2790	3867200
2791	3868341
2792	-1
2793	3869482
2794	3870623
2795	3871764
2796	3872905
2797	3874046
2798	3875187
2799	3876328
2800	-1
2801	3877469
2802	3878610
2803	3879751
2804	3880892
2805	3882033
2806	3883174
2807	3884315
2808	-1
2809	3885456
2810	3886597
2811	3887738
2812	3888879
2813	3890020
2814	3891161
2815	3892302
2816	-1
2817	3893443
2818	3894584
2819	3895725
2820	3896866
2821	3898007
2822	3899148
2823	3900289
2824	-1
2825	3901430
2826	3902571
2827	3903712
2828	3904853
2829	3905994
2830	3907135
2831	3908276
2832	-1
2833	3909417
2834	3910558
2835	3911699
2836	3912840
2837	3913981
2838	3915122
2839	3916263
2840	3917404
2841	-1
2842	3918545
2843	3919686
2844	3920827
2845	3921968
2846	3923109
2847	3924250
2848	3925391
2849	-1
2850	3926532
2851	3927673
2852	3928814
2853	3929955
2854	3931096
2855	3932237
2856	3933378
2857	-1
2858	3934519
2859	3935660
2860	3936801
2861	3937942
2862	3939083
2863	3940224
2864	3941365
2865	-1
2866	3942506
2867	3943647
2868	3944788
2869	3945929
2870	3947070
2871	3948211
2872	3949352
2873	-1
2874	3950493
2875	3951634
2876	3952775
2877	3953916
2878	3955057
2879	3956198
2880	3957339
2881	-1
2882	3958480
2883	3959621
2884	3960762
2885	3961903
2886	3963044
2887	3964185
2888	3965326
2889	-1
2890	3966467
2891	3967608
2892	3968749
2893	3969890
2894	3971031
2895	3972172
2896	3973313
2897	-1
2898	3974454
2899	3975595
2900	3976736
2901	3977877
2902	3979018
2903	3980159
2904	3981300
2905	-1
2906	3982441
2907	3983582
2908	3984723
2909	3985864
2910	3987005
2911	3988146
2912	3989287
2913	-1
2914	3990428
2915	3991569
2916	3992710
2917	3993851
2918	3994992
2919	3996133
2920	3997274
2921	-1
2922	3998415
2923	3999556
2924	4000697
2925	4001838
2926	4002979
2927	4004120
2928	4005261
2929	4006402
2930	-1
2931	4007543
2932	4008684
2933	4009825
2934	4010966
2935	4012107
2936	4013248
2937	4014389
2938	-1
2939	4015530
2940	4016671
2941	4017812
2942	4018953
2943	4020094
2944	4021235
2945	4022376
2946	-1
2947	4023517
2948	4024658
2949	4025799
2950	4026940
2951	4028081
2952	4029222
2953	4030363
2954	-1
2955	4031504
2956	4032645
2957	4033786
2958	4034927
2959	4036068
2960	4037209
2961	4038350
2962	-1
2963	4039491
2964	4040632
2965	4041773
2966	4042914
2967	4044055
2968	4045196
2969	4046337
2970	-1
2971	4047478
2972	4048619
2973	4049760
2974	4050901
2975	4052042
2976	4053183
2977	4054324
2978	-1
2979	4055465
2980	4056606
2981	4057747
2982	4058888
2983	4060029
2984	4061170
2985	4062311
2986	-1
2987	4063452
2988	4064593
2989	4065734
2990	4066875
2991	4068016
2992	4069157
2993	4070298
2994	-1
2995	4071439
2996	4072580
2997	4073721
2998	4074862
2999	4076003
3000	4077144
3001	4078285
3002	-1
3003	4079426
3004	4080567
3005	4081708
3006	4082849
3007	4083990
3008	4085131
3009	4086272
3010	-1
3011	4087413
3012	4088554
3013	4089695
3014	4090836
3015	4091977
3016	4093118
3017	4094259
3018	4095400
3019	-1
3020	4096541
3021	4097682
3022	4098823
3023	4099964
3024	4101105
3025	4102246
3026	4103387
3027	-1
3028	4104528
3029	4105669
3030	4106810
3031	4107951
3032	4109092
3033	4110233
3034	4111374
3035	-1
3036	4112515
3037	4113656
3038	4114797
3039	4115938
3040	4117079
3041	4118220
3042	4119361
3043	-1
3044	4120502
3045	4121643
3046	4122784
3047	4123925
3048	4125066
3049	4126207
3050	4127348
3051	-1
3052	4128489
3053	4129630
3054	4130771
3055	4131912
3056	4133053
3057	4134194
3058	4135335
3059	-1
3060	4136476
3061	4137617
3062	4138758
3063	4139899
3064	4141040
3065	4142181
3066	4143322
3067	-1
3068	4144463
3069	4145604
3070	4146745
3071	4147886
3072	4149027
3073	4150168
3074	4151309
3075	-1
3076	4152450
3077	4153591
3078	4154732
3079	4155873
3080	4157014
3081	4158155
3082	4159296
3083	-1
3084	4160437
3085	4161578
3086	4162719
3087	4163860
3088	4165001
3089	4166142
3090	4167283
3091	-1
3092	4168424
3093	4169565
3094	4170706
3095	4171847
3096	4172988
3097	4174129
3098	4175270
3099	-1
3100	4176411
3101	4177552
3102	4178693
3103	4179834
3104	4180975
3105	4182116
3106	4183257
3107	4184398
3108	-1
3109	4185539
3110	4186680
3111	4187821
3112	4188962
3113	4190103
3114	4191244
3115	4192385
3116	-1
3117	4193526
3118	4194667
3119	4195808
3120	4196949
3121	4198090
3122	4199231
3123	4200372
3124	-1
3125	4201513
3126	4202654
3127	4203795
3128	4204936
3129	4206077
3130	4207218
3131	4208359
3132	-1
3133	4209500
3134	4210641
3135	4211782
3136	4212923
3137	4214064
3138	4215205
3139	4216346
3140	-1
3141	4217487
3142	4218628
3143	4219769
3144	4220910
3145	4222051
3146	4223192
3147	4224333
3148	-1
3149	4225474
3150	4226615
3151	4227756
3152	4228897
3153	4230038
3154	4231179
3155	4232320
3156	-1
3157	4233461
3158	4234602
3159	4235743
3160	4236884
3161	4238025
3162	4239166
3163	4240307
3164	-1
3165	4241448
3166	4242589
3167	4243730
3168	4244871
3169	4246012
3170	4247153
3171	4248294
3172	-1
3173	4249435
3174	4250576
3175	4251717
3176	4252858
3177	4253999
3178	4255140
3179	4256281
3180	-1
3181	4257422
3182	4258563
3183	4259704
3184	4260845
3185	4261986
3186	4263127
3187	4264268
3188	-1
3189	4265409
3190	4266550
3191	4267691
3192	4268832
3193	4269973
3194	4271114
3195	4272255
3196	4273396
3197	-1
3198	4274537
3199	4275678
3200	4276819
3201	4277960
3202	4279101
3203	4280242
3204	4281383
3205	-1
3206	4282524
3207	4283665
3208	4284806
3209	4285947
3210	4287088
3211	4288229
3212	4289370
3213	-1
3214	4290511
3215	4291652
3216	4292793
3217	4293934
3218	4295075
3219	4296216
3220	4297357
3221	-1
3222	4298498
3223	4299639
3224	4300780
3225	4301921
3226	4303062
3227	4304203
3228	4305344
3229	-1
3230	4306485
3231	4307626
3232	4308767
3233	4309908
3234	4311049
3235	4312190
3236	4313331
3237	-1
3238	4314472
3239	4315613
3240	4316754
3241	4317895
3242	4319036
3243	4320177
3244	4321318
3245	-1
3246	4322459
3247	4323600
3248	4324741
3249	4325882
3250	4327023
3251	4328164
3252	4329305
3253	-1
3254	4330446
3255	4331587
3256	4332728
3257	4333869
3258	4335010
3259	4336151
3260	4337292
3261	-1
3262	4338433
3263	4339574
3264	4340715
3265	4341856
3266	4342997
3267	4344138
3268	4345279
3269	-1
3270	4346420
3271	4347561
3272	4348702
3273	4349843
3274	4350984
3275	4352125
3276	4353266
3277	4354407
3278	-1
3279	4355548
3280	4356689
3281	4357830
3282	4358971
3283	4360112
3284	4361253
3285	4362394
3286	-1
3287	4363535
3288	4364676
3289	4365817
3290	4366958
3291	4368099
3292	4369240
3293	4370381
3294	-1
3295	4371522
3296	4372663
3297	4373804
3298	4374945
3299	4376086
3300	4377227
3301	4378368
3302	-1
3303	4379509
3304	4380650
3305	4381791
3306	4382932
3307	4384073
3308	4385214
3309	4386355
3310	-1
3311	4387496
3312	4388637
3313	4389778
3314	4390919
3315	4392060
3316	4393201
3317	4394342
3318	-1
3319	4395483
3320	4396624
3321	4397765
3322	4398906
3323	4400047
3324	4401188
3325	4402329
3326	-1
3327	4403470
3328	4404611
3329	4405752
3330	4406893
3331	4408034
3332	4409175
3333	4410316
3334	-1
3335	4411457
3336	4412598
3337	4413739
3338	4414880
3339	4416021
3340	4417162
3341	4418303
3342	-1
3343	4419444
3344	4420585
3345	4421726
3346	4422867
3347	4424008
3348	4425149
3349	4426290
3350	-1
3351	4427431
3352	4428572
3353	4429713
3354	4430854
3355	4431995
3356	4433136
3357	4434277
3358	-1
3359	4435418
3360	4436559
3361	4437700
3362	4438841
3363	4439982
3364	4441123
3365	4442264
3366	4443405
3367	-1
3368	4444546
3369	4445687
3370	4446828
3371	4447969
3372	4449110
3373	4450251
3374	4451392
3375	-1
3376	4452533
3377	4453674
3378	4454815
3379	4455956
3380	4457097
3381	4458238
3382	4459379
3383	-1
3384	4460520
3385	4461661
3386	4462802
3387	4463943
3388	4465084
3389	4466225
3390	4467366
3391	-1
3392	4468507
3393	4469648
3394	4470789
3395	4471930
3396	4473071
3397	4474212
3398	4475353
3399	-1
3400	4476494
3401	4477635
3402	4478776
3403	4479917
3404	4481058
3405	4482199
3406	4483340
3407	-1
3408	4484481
3409	4485622
3410	4486763
3411	4487904
3412	4489045
3413	4490186
3414	4491327
3415	-1
3416	4492468
3417	4493609
3418	4494750
3419	4495891
3420	4497032
3421	4498173
3422	4499314
3423	-1
3424	4500455
3425	4501596
3426	4502737
3427	4503878
3428	4505019
3429	4506160
3430	4507301
3431	-1
3432	4508442
3433	4509583
3434	4510724
3435	4511865
3436	4513006
3437	4514147
3438	4515288
3439	-1
3440	4516429
3441	4517570
3442	4518711
3443	4519852
3444	4520993
3445	4522134
3446	4523275
3447	-1
3448	4524416
3449	4525557
3450	4526698
3451	4527839
3452	4528980
3453	4530121
3454	4531262
3455	4532403
3456	-1
3457	4533544
3458	4534685
3459	4535826
3460	4536967
3461	4538108
3462	4539249
3463	4540390
3464	-1
3465	4541531
3466	4542672
3467	4543813
3468	4544954
3469	4546095
3470	4547236
3471	4548377
3472	-1
3473	4549518
3474	4550659
3475	4551800
3476	4552941
3477	4554082
3478	4555223
3479	4556364
3480	-1
3481	4557505
3482	4558646
3483	4559787
3484	4560928
3485	4562069
3486	4563210
3487	4564351
3488	-1
3489	4565492
3490	4566633
3491	4567774
3492	4568915
3493	4570056
3494	4571197
3495	4572338
3496	-1
3497	4573479
3498	4574620
3499	4575761
3500	4576902
3501	4578043
3502	4579184
3503	4580325
3504	-1
3505	4581466
3506	4582607
3507	4583748
3508	4584889
3509	4586030
3510	4587171
3511	4588312
3512	-1
3513	4589453
3514	4590594
3515	4591735
3516	4592876
3517	4594017
3518	4595158
3519	4596299
3520	-1
3521	4597440
3522	4598581
3523	4599722
3524	4600863
3525	4602004
3526	4603145
3527	4604286
3528	-1
3529	4605427
3530	4606568
3531	4607709
3532	4608850
3533	4609991
3534	4611132
3535	4612273
3536	-1
3537	4613414
3538	4614555
3539	4615696
3540	4616837
3541	4617978
3542	4619119
3543	4620260
3544	4621401
3545	-1
3546	4622542
3547	4623683
3548	4624824
3549	4625965
3550	4627106
3551	4628247
3552	4629388
3553	-1
3554	4630529
3555	4631670
3556	4632811
3557	4633952
3558	4635093
3559	4636234
3560	4637375
3561	-1
3562	4638516
3563	4639657
3564	4640798
3565	4641939
3566	4643080
3567	4644221
3568	4645362
3569	-1
3570	4646503
3571	4647644
3572	4648785
3573	4649926
3574	4651067
3575	4652208
3576	4653349
3577	-1
3578	4654490
3579	4655631
3580	4656772
3581	4657913
3582	4659054
3583	4660195
3584	4661336
3585	-1
3586	4662477
3587	4663618
3588	4664759
3589	4665900
3590	4667041
3591	4668182
3592	4669323
3593	-1
3594	4670464
3595	4671605
3596	4672746
3597	4673887
3598	4675028
3599	4676169
3600	4677310
3601	-1
3602	4678451
3603	4679592
3604	4680733
3605	4681874
3606	4683015
3607	4684156
3608	4685297
3609	-1
3610	4686438
3611	4687579
3612	4688720
3613	4689861
3614	4691002
3615	4692143
3616	4693284
3617	-1
3618	4694425
3619	4695566
3620	4696707
3621	4697848
3622	4698989
3623	4700130
3624	4701271
3625	-1
3626	4702412
3627	4703553
3628	4704694
3629	4705835
3630	4706976
3631	4708117
3632	4709258
3633	4710399
3634	-1
3635	4711540
3636	4712681
3637	4713822
3638	4714963
3639	4716104
3640	4717245
3641	4718386
3642	-1
3643	4719527
3644	4720668
3645	4721809
3646	4722950
3647	4724091
3648	4725232
3649	4726373
3650	-1
3651	4727514
3652	4728655
3653	4729796
3654	4730937
3655	4732078
3656	4733219
3657	4734360
3658	-1
3659	4735501
3660	4736642
3661	4737783
3662	4738924
3663	4740065
3664	4741206
3665	4742347
3666	-1
3667	4743488
3668	4744629
3669	4745770
3670	4746911
3671	4748052
3672	4749193
3673	4750334
3674	-1
3675	4751475
3676	4752616
3677	4753757
3678	4754898
3679	4756039
3680	4757180
3681	4758321
3682	-1
3683	4759462
3684	4760603
3685	4761744
3686	4762885
3687	4764026
3688	4765167
3689	4766308
3690	-1
3691	4767449
3692	4768590
3693	4769731
3694	4770872
3695	4772013
3696	4773154
3697	4774295
3698	-1
3699	4775436
3700	4776577
3701	4777718
3702	4778859
3703	4780000
3704	4781141
3705	4782282
3706	-1
3707	4783423
3708	4784564
3709	4785705
3710	4786846
3711	4787987
3712	4789128
3713	4790269
3714	-1
3715	4791410
3716	4792551
3717	4793692
3718	4794833
3719	4795974
3720	4797115
3721	4798256
3722	4799397
3723	-1
3724	4800538
3725	4801679
3726	4802820
3727	4803961
3728	4805102
3729	4806243
3730	4807384
3731	-1
3732	4808525
3733	4809666
3734	4810807
3735	4811948
3736	4813089
3737	4814230
3738	4815371
3739	-1
3740	4816512
3741	4817653
3742	4818794
3743	4819935
3744	4821076
3745	4822217
3746	4823358
3747	-1
3748	4824499
3749	4825640
3750	4826781
3751	4827922
3752	4829063
3753	4830204
3754	4831345
3755	-1
3756	4832486
3757	4833627
3758	4834768
3759	4835909
3760	4837050
3761	4838191
3762	4839332
3763	-1
3764	4840473
3765	4841614
3766	4842755
3767	4843896
3768	4845037
3769	4846178
3770	4847319
3771	-1
3772	4848460
3773	4849601
3774	4850742
3775	4851883
3776	4853024
3777	4854165
3778	4855306
3779	-1
3780	4856447
3781	4857588
3782	4858729
3783	4859870
3784	4861011
3785	4862152
3786	4863293
3787	-1
3788	4864434
3789	4865575
3790	4866716
3791	4867857
3792	4868998
3793	4870139
3794	4871280
3795	-1
3796	4872421
3797	4873562
3798	4874703
3799	4875844
3800	4876985
3801	4878126
3802	4879267
3803	4880408
3804	-1
3805	4881549
3806	4882690
3807	4883831
3808	4884972
3809	4886113
3810	4887254
3811	4888395
3812	-1
3813	4889536
3814	4890677
3815	4891818
3816	4892959
3817	4894100
3818	4895241
3819	4896382
3820	-1
3821	4897523
3822	4898664
3823	4899805
3824	4900946
3825	4902087
3826	4903228
3827	4904369
3828	-1
3829	4905510
3830	4906651
3831	4907792
3832	4908933
3833	4910074
3834	4911215
3835	4912356
3836	-1
3837	4913497
3838	4914638
3839	4915779
3840	4916920
3841	4918061
3842	4919202
3843	4920343
3844	-1
3845	4921484
3846	4922625
3847	4923766
3848	4924907
3849	4926048
3850	4927189
3851	4928330
3852	-1
3853	4929471
3854	4930612
3855	4931753
3856	4932894
3857	4934035
3858	4935176
3859	4936317
3860	-1
3861	4937458
3862	4938599
3863	4939740
3864	4940881
3865	4942022
3866	4943163
3867	4944304
3868	-1
3869	4945445
3870	4946586
3871	4947727
3872	4948868
3873	4950009
3874	4951150
3875	4952291
3876	-1
3877	4953432
3878	4954573
3879	4955714
3880	4956855
3881	4957996
3882	4959137
3883	4960278
3884	-1
3885	4961419
3886	4962560
3887	4963701
3888	4964842
3889	4965983
3890	4967124
3891	4968265
3892	4969406
3893	-1
3894	4970547
3895	4971688
3896	4972829
3897	4973970
3898	4975111
3899	4976252
3900	4977393
3901	-1
3902	4978534
3903	4979675
3904	4980816
3905	4981957
3906	4983098
3907	4984239
3908	4985380
3909	-1
3910	4986521
3911	4987662
3912	4988803
3913	4989944
3914	4991085
3915	4992226
3916	4993367
3917	-1
3918	4994508
3919	4995649
3920	4996790
3921	4997931
3922	4999072
3923	5000213
3924	5001354
3925	-1
3926	5002495
3927	5003636
3928	5004777
3929	5005918
3930	5007059
3931	5008200
3932	5009341
3933	-1
3934	5010482
3935	5011623
3936	5012764
3937	5013905
3938	5015046
3939	5016187
3940	5017328
3941	-1
3942	5018469
3943	5019610
3944	5020751
3945	5021892
3946	5023033
3947	5024174
3948	5025315
3949	-1
3950	5026456
3951	5027597
3952	5028738
3953	5029879
3954	5031020
3955	5032161
3956	5033302
3957	-1
3958	5034443
3959	5035584
3960	5036725
3961	5037866
3962	5039007
3963	5040148
3964	5041289
3965	-1
3966	5042430
3967	5043571
3968	5044712
3969	5045853
3970	5046994
3971	5048135
3972	5049276
3973	-1
3974	5050417
3975	5051558
3976	5052699
3977	5053840
3978	5054981
3979	5056122
3980	5057263
3981	5058404
3982	-1
3983	5059545
3984	5060686
3985	5061827
3986	5062968
3987	5064109
3988	5065250
3989	5066391
3990	-1
3991	5067532
3992	5068673
3993	5069814
3994	5070955
3995	5072096
3996	5073237
3997	5074378
3998	-1
3999	5075519
4000	5076660
4001	5077801
4002	5078942
4003	5080083
4004	5081224
4005	5082365
4006	-1
4007	5083506
4008	5084647
4009	5085788
4010	5086929
4011	5088070
4012	5089211
4013	5090352
4014	-1
4015	5091493
4016	5092634
4017	5093775
4018	5094916
4019	5096057
4020	5097198
4021	5098339
4022	-1
4023	5099480
4024	5100621
4025	5101762
4026	5102903
4027	5104044
4028	5105185
4029	5106326
4030	-1
4031	5107467
4032	5108608
4033	5109749
4034	5110890
4035	5112031
4036	5113172
4037	5114313
4038	-1
4039	5115454
4040	5116595
4041	5117736
4042	5118877
4043	5120018
4044	5121159
4045	5122300
4046	-1
4047	5123441
4048	5124582
4049	5125723
4050	5126864
4051	5128005
4052	5129146
4053	5130287
4054	-1
4055	5131428
4056	5132569
4057	5133710
4058	5134851
4059	5135992
4060	5137133
4061	5138274
4062	-1
4063	5139415
4064	5140556
4065	5141697
4066	5142838
4067	5143979
4068	5145120
4069	5146261
4070	5147402
4071	-1
4072	5148543
4073	5149684
4074	5150825
4075	5151966
4076	5153107
4077	5154248
4078	5155389
4079	-1
4080	5156530
4081	5157671
4082	5158812
4083	5159953
4084	5161094
4085	5162235
4086	5163376
4087	-1
4088	5164517
4089	5165658
4090	5166799
4091	5167940
4092	5169081
4093	5170222
4094	5171363
4095	-1
4096	5172504
4097	5173645
4098	5174786
4099	5175927
4100	5177068
4101	5178209
4102	5179350
4103	-1
4104	5180491
4105	5181632
4106	5182773
4107	5183914
4108	5185055
4109	5186196
4110	5187337
4111	-1
4112	5188478
4113	5189619
4114	5190760
4115	5191901
4116	5193042
4117	5194183
4118	5195324
4119	-1
4120	5196465
4121	5197606
4122	5198747
4123	5199888
4124	5201029
4125	5202170
4126	5203311
4127	-1
4128	5204452
4129	5205593
4130	5206734
4131	5207875
4132	5209016
4133	5210157
4134	5211298
4135	-1
4136	5212439
4137	5213580
4138	5214721
4139	5215862
4140	5217003
4141	5218144
4142	5219285
4143	-1
4144	5220426
4145	5221567
4146	5222708
4147	5223849
4148	5224990
4149	5226131
4150	5227272
4151	-1
4152	5228413
4153	5229554
4154	5230695
4155	5231836
4156	5232977
4157	5234118
4158	5235259
4159	5236400
4160	-1
4161	5237541
4162	5238682
4163	5239823
4164	5240964
4165	5242105
4166	5243246
4167	5244387
4168	-1
4169	5245528
4170	5246669
4171	5247810
4172	5248951
4173	5250092
4174	5251233
4175	5252374
4176	-1
4177	5253515
4178	5254656
4179	5255797
4180	5256938
4181	5258079
4182	5259220
4183	5260361
4184	-1
4185	5261502
4186	5262643
4187	5263784
4188	5264925
4189	5266066
4190	5267207
4191	5268348
4192	-1
4193	5269489
4194	5270630
4195	5271771
4196	5272912
4197	5274053
4198	5275194
4199	5276335
4200	-1
4201	5277476
4202	5278617
4203	5279758
4204	5280899
4205	5282040
4206	5283181
4207	5284322
4208	-1
4209	5285463
4210	5286604
4211	5287745
4212	5288886
4213	5290027
4214	5291168
4215	5292309
4216	-1
4217	5293450
4218	5294591
4219	5295732
4220	5296873
4221	5298014
4222	5299155
4223	5300296
4224	-1
4225	5301437
4226	5302578
4227	5303719
4228	5304860
4229	5306001
4230	5307142
4231	5308283
4232	-1
4233	5309424
4234	5310565
4235	5311706
4236	5312847
4237	5313988
4238	5315129
4239	5316270
4240	-1
4241	5317411
4242	5318552
4243	5319693
4244	5320834
4245	5321975
4246	5323116
4247	5324257
4248	5325398
4249	-1
4250	5326539
4251	5327680
4252	5328821
4253	5329962
4254	5331103
4255	5332244
4256	5333385
4257	-1
4258	5334526
4259	5335667
4260	5336808
4261	5337949
4262	5339090
4263	5340231
4264	5341372
4265	-1
4266	5342513
4267	5343654
4268	5344795
4269	5345936
4270	5347077
4271	5348218
4272	5349359
4273	-1
4274	5350500
4275	5351641
4276	5352782
4277	5353923
4278	5355064
4279	5356205
4280	5357346
4281	-1
4282	5358487
4283	5359628
4284	5360769
4285	5361910
4286	5363051
4287	5364192
4288	5365333
4289	-1
4290	5366474
4291	5367615
4292	5368756
4293	5369897
4294	5371038
4295	5372179
4296	5373320
4297	-1
4298	5374461
4299	5375602
4300	5376743
4301	5377884
4302	5379025
4303	5380166
4304	5381307
4305	-1
4306	5382448
4307	5383589
4308	5384730
4309	5385871
4310	5387012
4311	5388153
4312	5389294
4313	-1
4314	5390435
4315	5391576
4316	5392717
4317	5393858
4318	5394999
4319	5396140
4320	5397281
4321	-1
4322	5398422
4323	5399563
4324	5400704
4325	5401845
4326	5402986
4327	5404127
4328	5405268
4329	-1
4330	5406409
4331	5407550
4332	5408691
4333	5409832
4334	5410973
4335	5412114
4336	5413255
4337	5414396
4338	-1
4339	5415537
4340	5416678
4341	5417819
4342	5418960
4343	5420101
4344	5421242
4345	5422383
4346	-1
4347	5423524
4348	5424665
4349	5425806
4350	5426947
4351	5428088
4352	5429229
4353	5430370
4354	-1
4355	5431511
4356	5432652
4357	5433793
4358	5434934
4359	5436075
4360	5437216
4361	5438357
4362	-1
4363	5439498
4364	5440639
4365	5441780
4366	5442921
4367	5444062
4368	5445203
4369	5446344
4370	-1
4371	5447485
4372	5448626
4373	5449767
4374	5450908
4375	5452049
4376	5453190
4377	5454331
4378	-1
4379	5455472
4380	5456613
4381	5457754
4382	5458895
4383	5460036
4384	5461177
4385	5462318
4386	-1
4387	5463459
4388	5464600
4389	5465741
4390	5466882
4391	5468023
4392	5469164
4393	5470305
4394	-1
4395	5471446
4396	5472587
4397	5473728
4398	5474869
4399	5476010
4400	5477151
4401	5478292
4402	-1
4403	5479433
4404	5480574
4405	5481715
4406	5482856
4407	5483997
4408	5485138
4409	5486279
4410	-1
4411	5487420
4412	5488561
4413	5489702
4414	5490843
4415	5491984
4416	5493125
4417	5494266
4418	5495407
4419	-1
4420	5496548
4421	5497689
4422	5498830
4423	5499971
4424	5501112
4425	5502253
4426	5503394
4427	-1
4428	5504535
4429	5505676
4430	5506817
4431	5507958
4432	5509099
4433	5510240
4434	5511381
4435	-1
4436	5512522
4437	5513663
4438	5514804
4439	5515945
4440	5517086
4441	5518227
4442	5519368
4443	-1
4444	5520509
4445	5521650
4446	5522791
4447	5523932
4448	5525073
4449	5526214
4450	5527355
4451	-1
4452	5528496
4453	5529637
4454	5530778
4455	5531919
4456	5533060
4457	5534201
4458	5535342
4459	-1
4460	5536483
4461	5537624
4462	5538765
4463	5539906
4464	5541047
4465	5542188
4466	5543329
4467	-1
4468	5544470
4469	5545611
4470	5546752
4471	5547893
4472	5549034
4473	5550175
4474	5551316
4475	-1
4476	5552457
4477	5553598
4478	5554739
4479	5555880
4480	5557021
4481	5558162
4482	5559303
4483	-1
4484	5560444
4485	5561585
4486	5562726
4487	5563867
4488	5565008
4489	5566149
4490	5567290
4491	-1
4492	5568431
4493	5569572
4494	5570713
4495	5571854
4496	5572995
4497	5574136
4498	5575277
4499	-1
4500	5576418
4501	5577559
4502	5578700
4503	5579841
4504	5580982
4505	5582123
4506	5583264
4507	5584405
4508	-1
4509	5585546
4510	5586687
4511	5587828
4512	5588969
4513	5590110
4514	5591251
4515	5592392
4516	-1
4517	5593533
4518	5594674
4519	5595815
4520	5596956
4521	5598097
4522	5599238
4523	5600379
4524	-1
4525	5601520
4526	5602661
4527	5603802
4528	5604943
4529	5606084
4530	5607225
4531	5608366
4532	-1
4533	5609507
4534	5610648
4535	5611789
4536	5612930
4537	5614071
4538	5615212
4539	5616353
4540	-1
4541	5617494
4542	5618635
4543	5619776
4544	5620917
4545	5622058
4546	5623199
4547	5624340
4548	-1
4549	5625481
4550	5626622
4551	5627763
4552	5628904
4553	5630045
4554	5631186
4555	5632327
4556	-1
4557	5633468
4558	5634609
4559	5635750
4560	5636891
4561	5638032
4562	5639173
4563	5640314
4564	-1
4565	5641455
4566	5642596
4567	5643737
4568	5644878
4569	5646019
4570	5647160
4571	5648301
4572	-1
4573	5649442
4574	5650583
4575	5651724
4576	5652865
4577	5654006
4578	5655147
4579	5656288
4580	-1
4581	5657429
4582	5658570
4583	5659711
4584	5660852
4585	5661993
4586	5663134
4587	5664275
4588	-1
4589	5665416
4590	5666557
4591	5667698
4592	5668839
4593	5669980
4594	5671121
4595	5672262
4596	5673403
4597	-1
4598	5674544
4599	5675685
4600	5676826
4601	5677967
4602	5679108
4603	5680249
4604	5681390
4605	-1
4606	5682531
4607	5683672
4608	5684813
4609	5685954
4610	5687095
4611	5688236
4612	5689377
4613	-1
4614	5690518
4615	5691659
4616	5692800
4617	5693941
4618	5695082
4619	5696223
4620	5697364
4621	-1
4622	5698505
4623	5699646
4624	5700787
4625	5701928
4626	5703069
4627	5704210
4628	5705351
4629	-1
4630	5706492
4631	5707633
4632	5708774
4633	5709915
4634	5711056
4635	5712197
4636	5713338
4637	-1
4638	5714479
4639	5715620
4640	5716761
4641	5717902
4642	5719043
4643	5720184
4644	5721325
4645	-1
4646	5722466
4647	5723607
4648	5724748
4649	5725889
4650	5727030
4651	5728171
4652	5729312
4653	-1
4654	5730453
4655	5731594
4656	5732735
4657	5733876
4658	5735017
4659	5736158
4660	5737299
4661	-1
4662	5738440
4663	5739581
4664	5740722
4665	5741863
4666	5743004
4667	5744145
4668	5745286
4669	-1
4670	5746427
4671	5747568
4672	5748709
4673	5749850
4674	5750991
4675	5752132
4676	5753273
4677	-1
4678	5754414
4679	5755555
4680	5756696
4681	5757837
4682	5758978
4683	5760119
4684	5761260
4685	5762401
4686	-1
4687	5763542
4688	5764683
4689	5765824
4690	5766965
4691	5768106
4692	5769247
4693	5770388
4694	-1
4695	5771529
4696	5772670
4697	5773811
4698	5774952
4699	5776093
4700	5777234
4701	5778375
4702	-1
4703	5779516
4704	5780657
4705	5781798
4706	5782939
4707	5784080
4708	5785221
4709	5786362
4710	-1
4711	5787503
4712	5788644
4713	5789785
4714	5790926
4715	5792067
4716	5793208
4717	5794349
4718	-1
4719	5795490
4720	5796631
4721	5797772
4722	5798913
4723	5800054
4724	5801195
4725	5802336
4726	-1
4727	5803477
4728	5804618
4729	5805759
4730	5806900
4731	5808041
4732	5809182
4733	5810323
4734	-1
4735	5811464
4736	5812605
4737	5813746
4738	5814887
4739	5816028
4740	5817169
4741	5818310
4742	-1
4743	5819451
4744	5820592
4745	5821733
4746	5822874
4747	5824015
4748	5825156
4749	5826297
4750	-1
4751	5827438
4752	5828579
4753	5829720
4754	5830861
4755	5832002
4756	5833143
4757	5834284
4758	-1
4759	5835425
4760	5836566
4761	5837707
4762	5838848
4763	5839989
4764	5841130
4765	5842271
4766	-1
4767	5843412
4768	5844553
4769	5845694
4770	5846835
4771	5847976
4772	5849117
4773	5850258
4774	5851399
4775	-1
4776	5852540
4777	5853681
4778	5854822
4779	5855963
4780	5857104
4781	5858245
4782	5859386
4783	-1
4784	5860527
4785	5861668
4786	5862809
4787	5863950
4788	5865091
4789	5866232
4790	5867373
4791	-1
4792	5868514
4793	5869655
4794	5870796
4795	5871937
4796	5873078
4797	5874219
4798	5875360
4799	-1
4800	5876501
4801	5877642
4802	5878783
4803	5879924
4804	5881065
4805	5882206
4806	5883347
4807	-1
4808	5884488
4809	5885629
4810	5886770
4811	5887911
4812	5889052
4813	5890193
4814	5891334
4815	-1
4816	5892475
4817	5893616
4818	5894757
4819	5895898
4820	5897039
4821	5898180
4822	5899321
4823	-1
4824	5900462
4825	5901603
4826	5902744
4827	5903885
4828	5905026
4829	5906167
4830	5907308
4831	-1
4832	5908449
4833	5909590
4834	5910731
4835	5911872
4836	5913013
4837	5914154
4838	5915295
4839	-1
4840	5916436
4841	5917577
4842	5918718
4843	5919859
4844	5921000
4845	5922141
4846	5923282
4847	-1
4848	5924423
4849	5925564
4850	5926705
4851	5927846
4852	5928987
4853	5930128
4854	5931269
4855	-1
4856	5932410
4857	5933551
4858	5934692
4859	5935833
4860	5936974
4861	5938115
4862	5939256
4863	5940397
4864	-1
4865	5941538
4866	5942679
4867	5943820
4868	5944961
4869	5946102
4870	5947243
4871	5948384
4872	-1
4873	5949525
4874	5950666
4875	5951807
4876	5952948
4877	5954089
4878	5955230
4879	5956371
4880	-1
4881	5957512
4882	5958653
4883	5959794
4884	5960935
4885	5962076
4886	5963217
4887	5964358
4888	-1
4889	5965499
4890	5966640
4891	5967781
4892	5968922
4893	5970063
4894	5971204
4895	5972345
4896	-1
4897	5973486
4898	5974627
4899	5975768
4900	5976909
4901	5978050
4902	5979191
4903	5980332
4904	-1
4905	5981473
4906	5982614
4907	5983755
4908	5984896
4909	5986037
4910	5987178
4911	5988319
4912	-1
4913	5989460
4914	5990601
4915	5991742
4916	5992883
4917	5994024
4918	5995165
4919	5996306
4920	-1
4921	5997447
4922	5998588
4923	5999729
4924	6000870
4925	6002011
4926	6003152
4927	6004293
4928	-1
4929	6005434
4930	6006575
4931	6007716
4932	6008857
4933	6009998
4934	6011139
4935	6012280
4936	-1
4937	6013421
4938	6014562
4939	6015703
4940	6016844
4941	6017985
4942	6019126
4943	6020267
4944	6021408
4945	-1
4946	6022549
4947	6023690
4948	6024831
4949	6025972
4950	6027113
4951	6028254
4952	6029395
4953	-1
4954	6030536
4955	6031677
4956	6032818
4957	6033959
4958	6035100
4959	6036241
4960	6037382
4961	-1
4962	6038523
4963	6039664
4964	6040805
4965	6041946
4966	6043087
4967	6044228
4968	6045369
4969	-1
4970	6046510
4971	6047651
4972	6048792
4973	6049933
4974	6051074
4975	6052215
4976	6053356
4977	-1
4978	6054497
4979	6055638
4980	6056779
4981	6057920
4982	6059061
4983	6060202
4984	6061343
4985	-1
4986	6062484
4987	6063625
4988	6064766
4989	6065907
4990	6067048
4991	6068189
4992	6069330
4993	-1
4994	6070471
4995	6071612
4996	6072753
4997	6073894
4998	6075035
4999	6076176
5000	6077317
5001	-1
5002	6078458
5003	6079599
5004	6080740
5005	6081881
5006	6083022
5007	6084163
5008	6085304
5009	-1
5010	6086445
5011	6087586
5012	6088727
5013	6089868
5014	6091009
5015	6092150
5016	6093291
5017	-1
5018	6094432
5019	6095573
5020	6096714
5021	6097855
5022	6098996
5023	6100137
5024	6101278
5025	-1
5026	6102419
5027	6103560
5028	6104701
5029	6105842
5030	6106983
5031	6108124
5032	6109265
5033	6110406
5034	-1
5035	6111547
5036	6112688
5037	6113829
5038	6114970
5039	6116111
5040	6117252
5041	6118393
5042	-1
5043	6119534
5044	6120675
5045	6121816
5046	6122957
5047	6124098
5048	6125239
5049	6126380
5050	-1
5051	6127521
5052	6128662
5053	6129803
5054	6130944
5055	6132085
5056	6133226
5057	6134367
5058	-1
5059	6135508
5060	6136649
5061	6137790
5062	6138931
5063	6140072
5064	6141213
5065	6142354
5066	-1
5067	6143495
5068	6144636
5069	6145777
5070	6146918
5071	6148059
5072	6149200
5073	6150341
5074	-1
5075	6151482
5076	6152623
5077	6153764
5078	6154905
5079	6156046
5080	6157187
5081	6158328
5082	-1
5083	6159469
5084	6160610
5085	6161751
5086	6162892
5087	6164033
5088	6165174
5089	6166315
5090	-1
5091	6167456
5092	6168597
5093	6169738
5094	6170879
5095	6172020
5096	6173161
5097	6174302
5098	-1
5099	6175443
5100	6176584
5101	6177725
5102	6178866
5103	6180007
5104	6181148
5105	6182289
5106	-1
5107	6183430
5108	6184571
5109	6185712
5110	6186853
5111	6187994
5112	6189135
5113	6190276
5114	-1
5115	6191417
5116	6192558
5117	6193699
5118	6194840
5119	6195981
5120	6197122
5121	6198263
5122	6199404
5123	-1
5124	6200545
5125	6201686
5126	6202827
5127	6203968
5128	6205109
5129	6206250
5130	6207391
5131	-1
5132	6208532
5133	6209673
5134	6210814
5135	6211955
5136	6213096
5137	6214237
5138	6215378
5139	-1
5140	6216519
5141	6217660
5142	6218801
5143	6219942
5144	6221083
5145	6222224
5146	6223365
5147	-1
5148	6224506
5149	6225647
5150	6226788
5151	6227929
5152	6229070
5153	6230211
5154	6231352
5155	-1
5156	6232493
5157	6233634
5158	6234775
5159	6235916
5160	6237057
5161	6238198
5162	6239339
5163	-1
5164	6240480
5165	6241621
5166	6242762
5167	6243903
5168	6245044
5169	6246185
5170	6247326
5171	-1
5172	6248467
5173	6249608
5174	6250749
5175	6251890
5176	6253031
5177	6254172
5178	6255313
5179	-1
5180	6256454
5181	6257595
5182	6258736
5183	6259877
5184	6261018
5185	6262159
5186	6263300
5187	-1
5188	6264441
5189	6265582
5190	6266723
5191	6267864
5192	6269005
5193	6270146
5194	6271287
5195	-1
5196	6272428
5197	6273569
5198	6274710
5199	6275851
5200	6276992
5201	6278133
5202	6279274
5203	-1
5204	6280415
5205	6281556
5206	6282697
5207	6283838
5208	6284979
5209	6286120
5210	6287261
5211	6288402
5212	-1
5213	6289543
5214	6290684
5215	6291825
5216	6292966
5217	6294107
5218	6295248
5219	6296389
5220	-1
5221	6297530
5222	6298671
5223	6299812
5224	6300953
5225	6302094
5226	6303235
5227	6304376
5228	-1
5229	6305517
5230	6306658
5231	6307799
5232	6308940
5233	6310081
5234	6311222
5235	6312363
5236	-1
5237	6313504
5238	6314645
5239	6315786
5240	6316927
5241	6318068
5242	6319209
5243	6320350
5244	-1
5245	6321491
5246	6322632
5247	6323773
5248	6324914
5249	6326055
5250	6327196
5251	6328337
5252	-1
5253	6329478
5254	6330619
5255	6331760
5256	6332901
5257	6334042
5258	6335183
5259	6336324
5260	-1
5261	6337465
5262	6338606
5263	6339747
5264	6340888
5265	6342029
5266	6343170
5267	6344311
5268	-1
5269	6345452
5270	6346593
5271	6347734
5272	6348875
5273	6350016
5274	6351157
5275	6352298
5276	-1
5277	6353439
5278	6354580
5279	6355721
5280	6356862
5281	6358003
5282	6359144
5283	6360285
5284	-1
5285	6361426
5286	6362567
5287	6363708
5288	6364849
5289	6365990
5290	6367131
5291	6368272
5292	-1
5293	6369413
5294	6370554
5295	6371695
5296	6372836
5297	6373977
5298	6375118
5299	6376259
5300	6377400
5301	-1
5302	6378541
5303	6379682
5304	6380823
5305	6381964
5306	6383105
5307	6384246
5308	6385387
5309	-1
5310	6386528
5311	6387669
5312	6388810
5313	6389951
5314	6391092
5315	6392233
5316	6393374
5317	-1
5318	6394515
5319	6395656
5320	6396797
5321	6397938
5322	6399079
5323	6400220
5324	6401361
5325	-1
5326	6402502
5327	6403643
5328	6404784
5329	6405925
5330	6407066
5331	6408207
5332	6409348
5333	-1
5334	6410489
5335	6411630
5336	6412771
5337	6413912
5338	6415053
5339	6416194
5340	6417335
5341	-1
5342	6418476
5343	6419617
5344	6420758
5345	6421899
5346	6423040
5347	6424181
5348	6425322
5349	-1
5350	6426463
5351	6427604
5352	6428745
5353	6429886
5354	6431027
5355	6432168
5356	6433309
5357	-1
5358	6434450
5359	6435591
5360	6436732
5361	6437873
5362	6439014
5363	6440155
5364	6441296
5365	-1
5366	6442437
5367	6443578
5368	6444719
5369	6445860
5370	6447001
5371	6448142
5372	6449283
5373	-1
5374	6450424
5375	6451565
5376	6452706
5377	6453847
5378	6454988
5379	6456129
5380	6457270
5381	-1
5382	6458411
5383	6459552
5384	6460693
5385	6461834
5386	6462975
5387	6464116
5388	6465257
5389	6466398
5390	-1
5391	6467539
5392	6468680
5393	6469821
5394	6470962
5395	6472103
5396	6473244
5397	6474385
5398	-1
5399	6475526
5400	6476667
5401	6477808
5402	6478949
5403	6480090
5404	6481231
5405	6482372
5406	-1
5407	6483513
5408	6484654
5409	6485795
5410	6486936
5411	6488077
5412	6489218
5413	6490359
5414	-1
5415	6491500
5416	6492641
5417	6493782
5418	6494923
5419	6496064
5420	6497205
5421	6498346
5422	-1
5423	6499487
5424	6500628
5425	6501769
5426	6502910
5427	6504051
5428	6505192
5429	6506333
5430	-1
5431	6507474
5432	6508615
5433	6509756
5434	6510897
5435	6512038
5436	6513179
5437	6514320
5438	-1
5439	6515461
5440	6516602
5441	6517743
5442	6518884
5443	6520025
5444	6521166
5445	6522307
5446	-1
5447	6523448
5448	6524589
5449	6525730
5450	6526871
5451	6528012
5452	6529153
5453	6530294
5454	-1
5455	6531435
5456	6532576
5457	6533717
5458	6534858
5459	6535999
5460	6537140
5461	6538281
5462	-1
5463	6539422
5464	6540563
5465	6541704
5466	6542845
5467	6543986
5468	6545127
5469	6546268
5470	-1
5471	6547409
5472	6548550
5473	6549691
5474	6550832
5475	6551973
5476	6553114
5477	6554255
5478	6555396
5479	-1
5480	6556537
5481	6557678
5482	6558819
5483	6559960
5484	6561101
5485	6562242
5486	6563383
5487	-1
5488	6564524
5489	6565665
5490	6566806
5491	6567947
5492	6569088
5493	6570229
5494	6571370
5495	-1
5496	6572511
5497	6573652
5498	6574793
5499	6575934
5500	6577075
5501	6578216
5502	6579357
5503	-1
5504	6580498
5505	6581639
5506	6582780
5507	6583921
5508	6585062
5509	6586203
5510	6587344
5511	-1
5512	6588485
5513	6589626
5514	6590767
5515	6591908
5516	6593049
5517	6594190
5518	6595331
5519	-1
5520	6596472
5521	6597613
5522	6598754
5523	6599895
5524	6601036
5525	6602177
5526	6603318
5527	-1
5528	6604459
5529	6605600
5530	6606741
5531	6607882
5532	6609023
5533	6610164
5534	6611305
5535	-1
5536	6612446
5537	6613587
5538	6614728
5539	6615869
5540	6617010
5541	6618151
5542	6619292
5543	-1
5544	6620433
5545	6621574
5546	6622715
5547	6623856
5548	6624997
5549	6626138
5550	6627279
5551	-1
5552	6628420
5553	6629561
5554	6630702
5555	6631843
5556	6632984
5557	6634125
5558	6635266
5559	6636407
5560	-1
5561	6637548
5562	6638689
5563	6639830
5564	6640971
5565	6642112
5566	6643253
5567	6644394
5568	-1
5569	6645535
5570	6646676
5571	6647817
5572	6648958
5573	6650099
5574	6651240
5575	6652381
5576	-1
5577	6653522
5578	6654663
5579	6655804
5580	6656945
5581	6658086
5582	6659227
5583	6660368
5584	-1
5585	6661509
5586	6662650
5587	6663791
5588	6664932
5589	6666073
5590	6667214
5591	6668355
5592	-1
5593	6669496
5594	6670637
5595	6671778
5596	6672919
5597	6674060
5598	6675201
5599	6676342
5600	-1
5601	6677483
5602	6678624
5603	6679765
5604	6680906
5605	6682047
5606	6683188
5607	6684329
5608	-1
5609	6685470
5610	6686611
5611	6687752
5612	6688893
5613	6690034
5614	6691175
5615	6692316
5616	-1
5617	6693457
5618	6694598
5619	6695739
5620	6696880
5621	6698021
5622	6699162
5623	6700303
5624	-1
5625	6701444
5626	6702585
5627	6703726
5628	6704867
5629	6706008
5630	6707149
5631	6708290
5632	-1
5633	6709431
5634	6710572
5635	6711713
5636	6712854
5637	6713995
5638	6715136
5639	6716277
5640	-1
5641	6717418
5642	6718559
5643	6719700
5644	6720841
5645	6721982
5646	6723123
5647	6724264
5648	6725405
5649	-1
5650	6726546
5651	6727687
5652	6728828
5653	6729969
5654	6731110
5655	6732251
5656	6733392
5657	-1
5658	6734533
5659	6735674
5660	6736815
5661	6737956
5662	6739097
5663	6740238
5664	6741379
5665	-1
5666	6742520
5667	6743661
5668	6744802
5669	6745943
5670	6747084
5671	6748225
5672	6749366
5673	-1
5674	6750507
5675	6751648
5676	6752789
5677	6753930
5678	6755071
5679	6756212
5680	6757353
5681	-1
5682	6758494
5683	6759635
5684	6760776
5685	6761917
5686	6763058
5687	6764199
5688	6765340
5689	-1
5690	6766481
5691	6767622
5692	6768763
5693	6769904
5694	6771045
5695	6772186
5696	6773327
5697	-1
5698	6774468
5699	6775609
5700	6776750
5701	6777891
5702	6779032
5703	6780173
5704	6781314
5705	-1
5706	6782455
5707	6783596
5708	6784737
5709	6785878
5710	6787019
5711	6788160
5712	6789301
5713	-1
5714	6790442
5715	6791583
5716	6792724
5717	6793865
5718	6795006
5719	6796147
5720	6797288
5721	-1
5722	6798429
5723	6799570
5724	6800711
5725	6801852
5726	6802993
5727	6804134
5728	6805275
5729	-1
5730	6806416
5731	6807557
5732	6808698
5733	6809839
5734	6810980
5735	6812121
5736	6813262
5737	6814403
5738	-1
5739	6815544
5740	6816685
5741	6817826
5742	6818967
5743	6820108
5744	6821249
5745	6822390
5746	-1
5747	6823531
5748	6824672
5749	6825813
5750	6826954
5751	6828095
5752	6829236
5753	6830377
5754	-1
5755	6831518
5756	6832659
5757	6833800
5758	6834941
5759	6836082
5760	6837223
5761	6838364
5762	-1
5763	6839505
5764	6840646
5765	6841787
5766	6842928
5767	6844069
5768	6845210
5769	6846351
5770	-1
5771	6847492
5772	6848633
5773	6849774
5774	6850915
5775	6852056
5776	6853197
5777	6854338
5778	-1
5779	6855479
5780	6856620
5781	6857761
5782	6858902
5783	6860043
5784	6861184
5785	6862325
5786	-1
5787	6863466
5788	6864607
5789	6865748
5790	6866889
5791	6868030
5792	6869171
5793	6870312
5794	-1
5795	6871453
5796	6872594
5797	6873735
5798	6874876
5799	6876017
5800	6877158
5801	6878299
5802	-1
5803	6879440
5804	6880581
5805	6881722
5806	6882863
5807	6884004
5808	6885145
5809	6886286
5810	-1
5811	6887427
5812	6888568
5813	6889709
5814	6890850
5815	6891991
5816	6893132
5817	6894273
5818	-1
5819	6895414
5820	6896555
5821	6897696
5822	6898837
5823	6899978
5824	6901119
5825	6902260
5826	6903401
5827	-1
5828	6904542
5829	6905683
5830	6906824
5831	6907965
5832	6909106
5833	6910247
5834	6911388
5835	-1
5836	6912529
5837	6913670
5838	6914811
5839	6915952
5840	6917093
5841	6918234
5842	6919375
5843	-1
5844	6920516
5845	6921657
5846	6922798
5847	6923939
5848	6925080
5849	6926221
5850	6927362
5851	-1
5852	6928503
5853	6929644
5854	6930785
5855	6931926
5856	6933067
5857	6934208
5858	6935349
5859	-1
5860	6936490
5861	6937631
5862	6938772
5863	6939913
5864	6941054
5865	6942195
5866	6943336
5867	-1
5868	6944477
5869	6945618
5870	6946759
5871	6947900
5872	6949041
5873	6950182
5874	6951323
5875	-1
5876	6952464
5877	6953605
5878	6954746
5879	6955887
5880	6957028
5881	6958169
5882	6959310
5883	-1
5884	6960451
5885	6961592
5886	6962733
5887	6963874
5888	6965015
5889	6966156
5890	6967297
5891	-1
5892	6968438
5893	6969579
5894	6970720
5895	6971861
5896	6973002
5897	6974143
5898	6975284
5899	-1
5900	6976425
5901	6977566
5902	6978707
5903	6979848
5904	6980989
5905	6982130
5906	6983271
5907	-1
5908	6984412
5909	6985553
5910	6986694
5911	6987835
5912	6988976
5913	6990117
5914	6991258
5915	6992399
5916	-1
5917	6993540
5918	6994681
5919	6995822
5920	6996963
5921	6998104
5922	6999245
5923	7000386
5924	-1
5925	7001527
5926	7002668
5927	7003809
5928	7004950
5929	7006091
5930	7007232
5931	7008373
5932	-1
5933	7009514
5934	7010655
5935	7011796
5936	7012937
5937	7014078
5938	7015219
5939	7016360
5940	-1
5941	7017501
5942	7018642
5943	7019783
5944	7020924
5945	7022065
5946	7023206
5947	7024347
5948	-1
5949	7025488
5950	7026629
5951	7027770
5952	7028911
5953	7030052
5954	7031193
5955	7032334
5956	-1
5957	7033475
5958	7034616
5959	7035757
5960	7036898
5961	7038039
5962	7039180
5963	7040321
5964	-1
5965	7041462
5966	7042603
5967	7043744
5968	7044885
5969	7046026
5970	7047167
5971	7048308
5972	-1
5973	7049449
5974	7050590
5975	7051731
5976	7052872
5977	7054013
5978	7055154
5979	7056295
5980	-1
5981	7057436
5982	7058577
5983	7059718
5984	7060859
5985	7062000
5986	7063141
5987	7064282
5988	-1
5989	7065423
5990	7066564
5991	7067705
5992	7068846
5993	7069987
5994	7071128
5995	7072269
5996	-1
5997	7073410
5998	7074551
5999	7075692
6000	7076833
6001	7077974
6002	7079115
6003	7080256
6004	7081397
6005	-1
6006	7082538
6007	7083679
6008	7084820
6009	7085961
6010	7087102
6011	7088243
6012	7089384
6013	-1
6014	7090525
6015	7091666
6016	7092807
6017	7093948
6018	7095089
6019	7096230
6020	7097371
6021	-1
6022	7098512
6023	7099653
6024	7100794
6025	7101935
6026	7103076
6027	7104217
6028	7105358
6029	-1
6030	7106499
6031	7107640
6032	7108781
6033	7109922
6034	7111063
6035	7112204
6036	7113345
6037	-1
6038	7114486
6039	7115627
6040	7116768
6041	7117909
6042	7119050
6043	7120191
6044	7121332
6045	-1
6046	7122473
6047	7123614
6048	7124755
6049	7125896
6050	7127037
6051	7128178
6052	7129319
6053	-1
6054	7130460
6055	7131601
6056	7132742
6057	7133883
6058	7135024
6059	7136165
6060	7137306
6061	-1
6062	7138447
6063	7139588
6064	7140729
6065	7141870
6066	7143011
6067	7144152
6068	7145293
6069	-1
6070	7146434
6071	7147575
6072	7148716
6073	7149857
6074	7150998
6075	7152139
6076	7153280
6077	-1
6078	7154421
6079	7155562
6080	7156703
6081	7157844
6082	7158985
6083	7160126
6084	7161267
6085	7162408
6086	-1
6087	7163549
6088	7164690
6089	7165831
6090	7166972
6091	7168113
6092	7169254
6093	7170395
6094	-1
6095	7171536
6096	7172677
6097	7173818
6098	7174959
6099	7176100
6100	7177241
6101	7178382
6102	-1
6103	7179523
6104	7180664
6105	7181805
6106	7182946
6107	7184087
6108	7185228
6109	7186369
6110	-1
6111	7187510
6112	7188651
6113	7189792
6114	7190933
6115	7192074
6116	7193215
6117	7194356
6118	-1
6119	7195497
6120	7196638
6121	7197779
6122	7198920
6123	7200061
6124	7201202
6125	7202343
6126	-1
6127	7203484
6128	7204625
6129	7205766
6130	7206907
6131	7208048
6132	7209189
6133	7210330
6134	-1
6135	7211471
6136	7212612
6137	7213753
6138	7214894
6139	7216035
6140	7217176
6141	7218317
6142	-1
6143	7219458
6144	7220599
6145	7221740
6146	7222881
6147	7224022
6148	7225163
6149	7226304
6150	-1
6151	7227445
6152	7228586
6153	7229727
6154	7230868
6155	7232009
6156	7233150
6157	7234291
6158	-1
6159	7235432
6160	7236573
6161	7237714
6162	7238855
6163	7239996
6164	7241137
6165	7242278
6166	-1
6167	7243419
6168	7244560
6169	7245701
6170	7246842
6171	7247983
6172	7249124
6173	7250265
6174	7251406
6175	-1
6176	7252547
6177	7253688
6178	7254829
6179	7255970
6180	7257111
6181	7258252
6182	7259393
6183	-1
6184	7260534
6185	7261675
6186	7262816
6187	7263957
6188	7265098
6189	7266239
6190	7267380
6191	-1
6192	7268521
6193	7269662
6194	7270803
6195	7271944
6196	7273085
6197	7274226
6198	7275367
6199	-1
6200	7276508
6201	7277649
6202	7278790
6203	7279931
6204	7281072
6205	7282213
6206	7283354
6207	-1
6208	7284495
6209	7285636
6210	7286777
6211	7287918
6212	7289059
6213	7290200
6214	7291341
6215	-1
6216	7292482
6217	7293623
6218	7294764
6219	7295905
6220	7297046
6221	7298187
6222	7299328
6223	-1
6224	7300469
6225	7301610
6226	7302751
6227	7303892
6228	7305033
6229	7306174
6230	7307315
6231	-1
6232	7308456
6233	7309597
6234	7310738
6235	7311879
6236	7313020
6237	7314161
6238	7315302
6239	-1
6240	7316443
6241	7317584
6242	7318725
6243	7319866
6244	7321007
6245	7322148
6246	7323289
6247	-1
6248	7324430
6249	7325571
6250	7326712
6251	7327853
6252	7328994
6253	7330135
6254	7331276
6255	-1
6256	7332417
6257	7333558
6258	7334699
6259	7335840
6260	7336981
6261	7338122
6262	7339263
6263	7340404
6264	-1
6265	7341545
6266	7342686
6267	7343827
6268	7344968
6269	7346109
6270	7347250
6271	7348391
6272	-1
6273	7349532
6274	7350673
6275	7351814
6276	7352955
6277	7354096
6278	7355237
6279	7356378
6280	-1
6281	7357519
6282	7358660
6283	7359801
6284	7360942
6285	7362083
6286	7363224
6287	7364365
6288	-1
6289	7365506
6290	7366647
6291	7367788
6292	7368929
6293	7370070
6294	7371211
6295	7372352
6296	-1
6297	7373493
6298	7374634
6299	7375775
6300	7376916
6301	7378057
6302	7379198
6303	7380339
6304	-1
6305	7381480
6306	7382621
6307	7383762
6308	7384903
6309	7386044
6310	7387185
6311	7388326
6312	-1
6313	7389467
6314	7390608
6315	7391749
6316	7392890
6317	7394031
6318	7395172
6319	7396313
6320	-1
6321	7397454
6322	7398595
6323	7399736
6324	7400877
6325	7402018
6326	7403159
6327	7404300
6328	-1
6329	7405441
6330	7406582
6331	7407723
6332	7408864
6333	7410005
6334	7411146
6335	7412287
6336	-1
6337	7413428
6338	7414569
6339	7415710
6340	7416851
6341	7417992
6342	7419133
6343	7420274
6344	-1
6345	7421415
6346	7422556
6347	7423697
6348	7424838
6349	7425979
6350	7427120
6351	7428261
6352	7429402
6353	-1
6354	7430543
6355	7431684
6356	7432825
6357	7433966
6358	7435107
6359	7436248
6360	7437389
6361	-1
6362	7438530
6363	7439671
6364	7440812
6365	7441953
6366	7443094
6367	7444235
6368	7445376
6369	-1
6370	7446517
6371	7447658
6372	7448799
6373	7449940
6374	7451081
6375	7452222
6376	7453363
6377	-1
6378	7454504
6379	7455645
6380	7456786
6381	7457927
6382	7459068
6383	7460209
6384	7461350
6385	-1
6386	7462491
6387	7463632
6388	7464773
6389	7465914
6390	7467055
6391	7468196
6392	7469337
6393	-1
6394	7470478
6395	7471619
6396	7472760
6397	7473901
6398	7475042
6399	7476183
6400	7477324
6401	-1
6402	7478465
6403	7479606
6404	7480747
6405	7481888
6406	7483029
6407	7484170
6408	7485311
6409	-1
6410	7486452
6411	7487593
6412	7488734
6413	7489875
6414	7491016
6415	7492157
6416	7493298
6417	-1
6418	7494439
6419	7495580
6420	7496721
6421	7497862
6422	7499003
6423	7500144
6424	7501285
6425	-1
6426	7502426
6427	7503567
6428	7504708
6429	7505849
6430	7506990
6431	7508131
6432	7509272
6433	-1
6434	7510413
6435	7511554
6436	7512695
6437	7513836
6438	7514977
6439	7516118
6440	7517259
6441	7518400
6442	-1
6443	7519541
6444	7520682
6445	7521823
6446	7522964
6447	7524105
6448	7525246
6449	7526387
6450	-1
6451	7527528
6452	7528669
6453	7529810
6454	7530951
6455	7532092
6456	7533233
6457	7534374
6458	-1
6459	7535515
6460	7536656
6461	7537797
6462	7538938
6463	7540079
6464	7541220
6465	7542361
6466	-1
6467	7543502
6468	7544643
6469	7545784
6470	7546925
6471	7548066
6472	7549207
6473	7550348
6474	-1
6475	7551489
6476	7552630
6477	7553771
6478	7554912
6479	7556053
6480	7557194
6481	7558335
6482	-1
6483	7559476
6484	7560617
6485	7561758
6486	7562899
6487	7564040
6488	7565181
6489	7566322
6490	-1
6491	7567463
6492	7568604
6493	7569745
6494	7570886
6495	7572027
6496	7573168
6497	7574309
6498	-1
6499	7575450
6500	7576591
6501	7577732
6502	7578873
6503	7580014
6504	7581155
6505	7582296
6506	-1
6507	7583437
6508	7584578
6509	7585719
6510	7586860
6511	7588001
6512	7589142
6513	7590283
6514	-1
6515	7591424
6516	7592565
6517	7593706
6518	7594847
6519	7595988
6520	7597129
6521	7598270
6522	-1
6523	7599411
6524	7600552
6525	7601693
6526	7602834
6527	7603975
6528	7605116
6529	7606257
6530	7607398
6531	-1
6532	7608539
6533	7609680
6534	7610821
6535	7611962
6536	7613103
6537	7614244
6538	7615385
6539	-1
6540	7616526
6541	7617667
6542	7618808
6543	7619949
6544	7621090
6545	7622231
6546	7623372
6547	-1
6548	7624513
6549	7625654
6550	7626795
6551	7627936
6552	7629077
6553	7630218
6554	7631359
6555	-1
6556	7632500
6557	7633641
6558	7634782
6559	7635923
6560	7637064
6561	7638205
6562	7639346
6563	-1
6564	7640487
6565	7641628
6566	7642769
6567	7643910
6568	7645051
6569	7646192
6570	7647333
6571	-1
6572	7648474
6573	7649615
6574	7650756
6575	7651897
6576	7653038
6577	7654179
6578	7655320
6579	-1
6580	7656461
6581	7657602
6582	7658743
6583	7659884
6584	7661025
6585	7662166
6586	7663307
6587	-1
6588	7664448
6589	7665589
6590	7666730
6591	7667871
6592	7669012
6593	7670153
6594	7671294
6595	-1
6596	7672435
6597	7673576
6598	7674717
6599	7675858
6600	7676999
6601	7678140
6602	7679281
6603	-1
6604	7680422
6605	7681563
6606	7682704
6607	7683845
6608	7684986
6609	7686127
6610	7687268
6611	-1
6612	7688409
6613	7689550
6614	7690691
6615	7691832
6616	7692973
6617	7694114
6618	7695255
6619	7696396
6620	-1
6621	7697537
6622	7698678
6623	7699819
6624	7700960
6625	7702101
6626	7703242
6627	7704383
6628	-1
6629	7705524
6630	7706665
6631	7707806
6632	7708947
6633	7710088
6634	7711229
6635	7712370
6636	-1
6637	7713511
6638	7714652
6639	7715793
6640	7716934
6641	7718075
6642	7719216
6643	7720357
6644	-1
6645	7721498
6646	7722639
6647	7723780
6648	7724921
6649	7726062
6650	7727203
6651	7728344
6652	-1
6653	7729485
6654	7730626
6655	7731767
6656	7732908
6657	7734049
6658	7735190
6659	7736331
6660	-1
6661	7737472
6662	7738613
6663	7739754
6664	7740895
6665	7742036
6666	7743177
6667	7744318
6668	-1
6669	7745459
6670	7746600
6671	7747741
6672	7748882
6673	7750023
6674	7751164
6675	7752305
6676	-1
6677	7753446
6678	7754587
6679	7755728
6680	7756869
6681	7758010
6682	7759151
6683	7760292
6684	-1
6685	7761433
6686	7762574
6687	7763715
6688	7764856
6689	7765997
6690	7767138
6691	7768279
6692	-1
6693	7769420
6694	7770561
6695	7771702
6696	7772843
6697	7773984
6698	7775125
6699	7776266
6700	7777407
6701	-1
6702	7778548
6703	7779689
6704	7780830
6705	7781971
6706	7783112
6707	7784253
6708	7785394
6709	-1
6710	7786535
6711	7787676
6712	7788817
6713	7789958
6714	7791099
6715	7792240
6716	7793381
6717	-1
6718	7794522
6719	7795663
6720	7796804
6721	7797945
6722	7799086
6723	7800227
6724	7801368
6725	-1
6726	7802509
6727	7803650
6728	7804791
6729	7805932
6730	7807073
6731	7808214
6732	7809355
6733	-1
6734	7810496
6735	7811637
6736	7812778
6737	7813919
6738	7815060
6739	7816201
6740	7817342
6741	-1
6742	7818483
6743	7819624
6744	7820765
6745	7821906
6746	7823047
6747	7824188
6748	7825329
6749	-1
6750	7826470
6751	7827611
6752	7828752
6753	7829893
6754	7831034
6755	7832175
6756	7833316
6757	-1
6758	7834457
6759	7835598
6760	7836739
6761	7837880
6762	7839021
6763	7840162
6764	7841303
6765	-1
6766	7842444
6767	7843585
6768	7844726
6769	7845867
6770	7847008
6771	7848149
6772	7849290
6773	-1
6774	7850431
6775	7851572
6776	7852713
6777	7853854
6778	7854995
6779	7856136
6780	7857277
6781	-1
6782	7858418
6783	7859559
6784	7860700
6785	7861841
6786	7862982
6787	7864123
6788	7865264
6789	7866405
6790	-1
6791	7867546
6792	7868687
6793	7869828
6794	7870969
6795	7872110
6796	7873251
6797	7874392
6798	-1
6799	7875533
6800	7876674
6801	7877815
6802	7878956
6803	7880097
6804	7881238
6805	7882379
6806	-1
6807	7883520
6808	7884661
6809	7885802
6810	7886943
6811	7888084
6812	7889225
6813	7890366
6814	-1
6815	7891507
6816	7892648
6817	7893789
6818	7894930
6819	7896071
6820	7897212
6821	7898353
6822	-1
6823	7899494
6824	7900635
6825	7901776
6826	7902917
6827	7904058
6828	7905199
6829	7906340
6830	-1
6831	7907481
6832	7908622
6833	7909763
6834	7910904
6835	7912045
6836	7913186
6837	7914327
6838	-1
6839	7915468
6840	7916609
6841	7917750
6842	7918891
6843	7920032
6844	7921173
6845	7922314
6846	-1
6847	7923455
6848	7924596
6849	7925737
6850	7926878
6851	7928019
6852	7929160
6853	7930301
6854	-1
6855	7931442
6856	7932583
6857	7933724
6858	7934865
6859	7936006
6860	7937147
6861	7938288
6862	-1
6863	7939429
6864	7940570
6865	7941711
6866	7942852
6867	7943993
6868	7945134
6869	7946275
6870	-1
6871	7947416
6872	7948557
6873	7949698
6874	7950839
6875	7951980
6876	7953121
6877	7954262
6878	7955403
6879	-1
6880	7956544
6881	7957685
6882	7958826
6883	7959967
6884	7961108
6885	7962249
6886	7963390
6887	-1
6888	7964531
6889	7965672
6890	7966813
6891	7967954
6892	7969095
6893	7970236
6894	7971377
6895	-1
6896	7972518
6897	7973659
6898	7974800
6899	7975941
6900	7977082
6901	7978223
6902	7979364
6903	-1
6904	7980505
6905	7981646
6906	7982787
6907	7983928
6908	7985069
6909	7986210
6910	7987351
6911	-1
6912	7988492
6913	7989633
6914	7990774
6915	7991915
6916	7993056
6917	7994197
6918	7995338
6919	-1
6920	7996479
6921	7997620
6922	7998761
6923	7999902
6924	8001043
6925	8002184
6926	8003325
6927	-1
6928	8004466
6929	8005607
6930	8006748
6931	8007889
6932	8009030
6933	8010171
6934	8011312
6935	-1
6936	8012453
6937	8013594
6938	8014735
6939	8015876
6940	8017017
6941	8018158
6942	8019299
6943	-1
6944	8020440
6945	8021581
6946	8022722
6947	8023863
6948	8025004
6949	8026145
6950	8027286
6951	-1
6952	8028427
6953	8029568
6954	8030709
6955	8031850
6956	8032991
6957	8034132
6958	8035273
6959	-1
6960	8036414
6961	8037555
6962	8038696
6963	8039837
6964	8040978
6965	8042119
6966	8043260
6967	8044401
6968	-1
6969	8045542
6970	8046683
6971	8047824
6972	8048965
6973	8050106
6974	8051247
6975	8052388
6976	-1
6977	8053529
6978	8054670
6979	8055811
6980	8056952
6981	8058093
6982	8059234
6983	8060375
6984	-1
6985	8061516
6986	8062657
6987	8063798
6988	8064939
6989	8066080
6990	8067221
6991	8068362
6992	-1
6993	8069503
6994	8070644
6995	8071785
6996	8072926
6997	8074067
6998	8075208
6999	8076349
7000	-1
7001	8077490
7002	8078631
7003	8079772
7004	8080913
7005	8082054
7006	8083195
7007	8084336
7008	-1
7009	8085477
7010	8086618
7011	8087759
7012	8088900
7013	8090041
7014	8091182
7015	8092323
7016	-1
7017	8093464
7018	8094605
7019	8095746
7020	8096887
7021	8098028
7022	8099169
7023	8100310
7024	-1
7025	8101451
7026	8102592
7027	8103733
7028	8104874
7029	8106015
7030	8107156
7031	8108297
7032	-1
7033	8109438
7034	8110579
7035	8111720
7036	8112861
7037	8114002
7038	8115143
7039	8116284
7040	-1
7041	8117425
7042	8118566
7043	8119707
7044	8120848
7045	8121989
7046	8123130
7047	8124271
7048	-1
7049	8125412
7050	8126553
7051	8127694
7052	8128835
7053	8129976
7054	8131117
7055	8132258
7056	8133399
7057	-1
7058	8134540
7059	8135681
7060	8136822
7061	8137963
7062	8139104
7063	8140245
7064	8141386
7065	-1
7066	8142527
7067	8143668
7068	8144809
7069	8145950
7070	8147091
7071	8148232
7072	8149373
7073	-1
7074	8150514
7075	8151655
7076	8152796
7077	8153937
7078	8155078
7079	8156219
7080	8157360
7081	-1
7082	8158501
7083	8159642
7084	8160783
7085	8161924
7086	8163065
7087	8164206
7088	8165347
7089	-1
7090	8166488
7091	8167629
7092	8168770
7093	8169911
7094	8171052
7095	8172193
7096	8173334
7097	-1
7098	8174475
7099	8175616
7100	8176757
7101	8177898
7102	8179039
7103	8180180
7104	8181321
7105	-1
7106	8182462
7107	8183603
7108	8184744
7109	8185885
7110	8187026
7111	8188167
7112	8189308
7113	-1
7114	8190449
7115	8191590
7116	8192731
7117	8193872
7118	8195013
7119	8196154
7120	8197295
7121	-1
7122	8198436
7123	8199577
7124	8200718
7125	8201859
7126	8203000
7127	8204141
7128	8205282
7129	-1
7130	8206423
7131	8207564
7132	8208705
7133	8209846
7134	8210987
7135	8212128
7136	8213269
7137	-1
7138	8214410
7139	8215551
7140	8216692
7141	8217833
7142	8218974
7143	8220115
7144	8221256
7145	8222397
7146	-1
7147	8223538
7148	8224679
7149	8225820
7150	8226961
7151	8228102
7152	8229243
7153	8230384
7154	-1
7155	8231525
7156	8232666
7157	8233807
7158	8234948
7159	8236089
7160	8237230
7161	8238371
7162	-1
7163	8239512
7164	8240653
7165	8241794
7166	8242935
7167	8244076
7168	8245217
7169	8246358
7170	-1
7171	8247499
7172	8248640
7173	8249781
7174	8250922
7175	8252063
7176	8253204
7177	8254345
7178	-1
7179	8255486
7180	8256627
7181	8257768
7182	8258909
7183	8260050
7184	8261191
7185	8262332
7186	-1
7187	8263473
7188	8264614
7189	8265755
7190	8266896
7191	8268037
7192	8269178
7193	8270319
7194	-1
7195	8271460
7196	8272601
7197	8273742
7198	8274883
7199	8276024
7200	8277165
7201	8278306
7202	-1
7203	8279447
7204	8280588
7205	8281729
7206	8282870
7207	8284011
7208	8285152
7209	8286293
7210	-1
7211	8287434
7212	8288575
7213	8289716
7214	8290857
7215	8291998
7216	8293139
7217	8294280
7218	-1
7219	8295421
7220	8296562
7221	8297703
7222	8298844
7223	8299985
7224	8301126
7225	8302267
7226	8303408
7227	-1
7228	8304549
7229	8305690
7230	8306831
7231	8307972
7232	8309113
7233	8310254
7234	8311395
7235	-1
7236	8312536
7237	8313677
7238	8314818
7239	8315959
7240	8317100
7241	8318241
7242	8319382
7243	-1
7244	8320523
7245	8321664
7246	8322805
7247	8323946
7248	8325087
7249	8326228
7250	8327369
7251	-1
7252	8328510
7253	8329651
7254	8330792
7255	8331933
7256	8333074
7257	8334215
7258	8335356
7259	-1
7260	8336497
7261	8337638
7262	8338779
7263	8339920
7264	8341061
7265	8342202
7266	8343343
7267	-1
7268	8344484
7269	8345625
7270	8346766
7271	8347907
7272	8349048
7273	8350189
7274	8351330
7275	-1
7276	8352471
7277	8353612
7278	8354753
7279	8355894
7280	8357035
7281	8358176
7282	8359317
7283	-1
7284	8360458
7285	8361599
7286	8362740
7287	8363881
7288	8365022
7289	8366163
7290	8367304
7291	-1
7292	8368445
7293	8369586
7294	8370727
7295	8371868
7296	8373009
7297	8374150
7298	8375291
7299	-1
7300	8376432
7301	8377573
7302	8378714
7303	8379855
7304	8380996
7305	8382137
7306	8383278
7307	-1
7308	8384419
7309	8385560
7310	8386701
7311	8387842
7312	8388983
7313	8390124
7314	8391265
7315	8392406
7316	-1
7317	8393547
7318	8394688
7319	8395829
7320	8396970
7321	8398111
7322	8399252
7323	8400393
7324	-1
7325	8401534
7326	8402675
7327	8403816
7328	8404957
7329	8406098
7330	8407239
7331	8408380
7332	-1
7333	8409521
7334	8410662
7335	8411803
7336	8412944
7337	8414085
7338	8415226
7339	8416367
7340	-1
7341	8417508
7342	8418649
7343	8419790
7344	8420931
7345	8422072
7346	8423213
7347	8424354
7348	-1
7349	8425495
7350	8426636
7351	8427777
7352	8428918
7353	8430059
7354	8431200
7355	8432341
7356	-1
7357	8433482
7358	8434623
7359	8435764
7360	8436905
7361	8438046
7362	8439187
7363	8440328
7364	-1
7365	8441469
7366	8442610
7367	8443751
7368	8444892
7369	8446033
7370	8447174
7371	8448315
7372	-1
7373	8449456
7374	8450597
7375	8451738
7376	8452879
7377	8454020
7378	8455161
7379	8456302
7380	-1
7381	8457443
7382	8458584
7383	8459725
7384	8460866
7385	8462007
7386	8463148
7387	8464289
7388	-1
7389	8465430
7390	8466571
7391	8467712
7392	8468853
7393	8469994
7394	8471135
7395	8472276
7396	-1
7397	8473417
7398	8474558
7399	8475699
7400	8476840
7401	8477981
7402	8479122
7403	8480263
7404	8481404
7405	-1
7406	8482545
7407	8483686
7408	8484827
7409	8485968
7410	8487109
7411	8488250
7412	8489391
7413	-1
7414	8490532
7415	8491673
7416	8492814
7417	8493955
7418	8495096
7419	8496237
7420	8497378
7421	-1
7422	8498519
7423	8499660
7424	8500801
7425	8501942
7426	8503083
7427	8504224
7428	8505365
7429	-1
7430	8506506
7431	8507647
7432	8508788
7433	8509929
7434	8511070
7435	8512211
7436	8513352
7437	-1
7438	8514493
7439	8515634
7440	8516775
7441	8517916
7442	8519057
7443	8520198
7444	8521339
7445	-1
7446	8522480
7447	8523621
7448	8524762
7449	8525903
7450	8527044
7451	8528185
7452	8529326
7453	-1
7454	8530467
7455	8531608
7456	8532749
7457	8533890
7458	8535031
7459	8536172
7460	8537313
7461	-1
7462	8538454
7463	8539595
7464	8540736
7465	8541877
7466	8543018
7467	8544159
7468	8545300
7469	-1
7470	8546441
7471	8547582
7472	8548723
7473	8549864
7474	8551005
7475	8552146
7476	8553287
7477	-1
7478	8554428
7479	8555569
7480	8556710
7481	8557851
7482	8558992
7483	8560133
7484	8561274
7485	-1
7486	8562415
7487	8563556
7488	8564697
7489	8565838
7490	8566979
7491	8568120
7492	8569261
7493	8570402
7494	-1
7495	8571543
7496	8572684
7497	8573825
7498	8574966
7499	8576107
7500	8577248
7501	8578389
7502	-1
7503	8579530
7504	8580671
7505	8581812
7506	8582953
7507	8584094
7508	8585235
7509	8586376
7510	-1
7511	8587517
7512	8588658
7513	8589799
7514	8590940
7515	8592081
7516	8593222
7517	8594363
7518	-1
7519	8595504
7520	8596645
7521	8597786
7522	8598927
7523	8600068
7524	8601209
7525	8602350
7526	-1
7527	8603491
7528	8604632
7529	8605773
7530	8606914
7531	8608055
7532	8609196
7533	8610337
7534	-1
7535	8611478
7536	8612619
7537	8613760
7538	8614901
7539	8616042
7540	8617183
7541	8618324
7542	-1
7543	8619465
7544	8620606
7545	8621747
7546	8622888
7547	8624029
7548	8625170
7549	8626311
7550	-1
7551	8627452
7552	8628593
7553	8629734
7554	8630875
7555	8632016
7556	8633157
7557	8634298
7558	-1
7559	8635439
7560	8636580
7561	8637721
7562	8638862
7563	8640003
7564	8641144
7565	8642285
7566	-1
7567	8643426
7568	8644567
7569	8645708
7570	8646849
7571	8647990
7572	8649131
7573	8650272
7574	-1
7575	8651413
7576	8652554
7577	8653695
7578	8654836
7579	8655977
7580	8657118
7581	8658259
7582	8659400
7583	-1
7584	8660541
7585	8661682
7586	8662823
7587	8663964
7588	8665105
7589	8666246
7590	8667387
7591	-1
7592	8668528
7593	8669669
7594	8670810
7595	8671951
7596	8673092
7597	8674233
7598	8675374
7599	-1
7600	8676515
7601	8677656
7602	8678797
7603	8679938
7604	8681079
7605	8682220
7606	8683361
7607	-1
7608	8684502
7609	8685643
7610	8686784
7611	8687925
7612	8689066
7613	8690207
7614	8691348
7615	-1
7616	8692489
7617	8693630
7618	8694771
7619	8695912
7620	8697053
7621	8698194
7622	8699335
7623	-1
7624	8700476
7625	8701617
7626	8702758
7627	8703899
7628	8705040
7629	8706181
7630	8707322
7631	-1
7632	8708463
7633	8709604
7634	8710745
7635	8711886
7636	8713027
7637	8714168
7638	8715309
7639	-1
7640	8716450
7641	8717591
7642	8718732
7643	8719873
7644	8721014
7645	8722155
7646	8723296
7647	-1
7648	8724437
7649	8725578
7650	8726719
7651	8727860
7652	8729001
7653	8730142
7654	8731283
7655	-1
7656	8732424
7657	8733565
7658	8734706
7659	8735847
7660	8736988
7661	8738129
7662	8739270
7663	-1
7664	8740411
7665	8741552
7666	8742693
7667	8743834
7668	8744975
7669	8746116
7670	8747257
7671	8748398
7672	-1
7673	8749539
7674	8750680
7675	8751821
7676	8752962
7677	8754103
7678	8755244
7679	8756385
7680	-1
7681	8757526
7682	8758667
7683	8759808
7684	8760949
7685	8762090
7686	8763231
7687	8764372
7688	-1
7689	8765513
7690	8766654
7691	8767795
7692	8768936
7693	8770077
7694	8771218
7695	8772359
7696	-1
7697	8773500
7698	8774641
7699	8775782
7700	8776923
7701	8778064
7702	8779205
7703	8780346
7704	-1
7705	8781487
7706	8782628
7707	8783769
7708	8784910
7709	8786051
7710	8787192
7711	8788333
7712	-1
7713	8789474
7714	8790615
7715	8791756
7716	8792897
7717	8794038
7718	8795179
7719	8796320
7720	-1
7721	8797461
7722	8798602
7723	8799743
7724	8800884
7725	8802025
7726	8803166
7727	8804307
7728	-1
7729	8805448
7730	8806589
7731	8807730
7732	8808871
7733	8810012
7734	8811153
7735	8812294
7736	-1
7737	8813435
7738	8814576
7739	8815717
7740	8816858
7741	8817999
7742	8819140
7743	8820281
7744	-1
7745	8821422
7746	8822563
7747	8823704
7748	8824845
7749	8825986
7750	8827127
7751	8828268
7752	-1
7753	8829409
7754	8830550
7755	8831691
7756	8832832
7757	8833973
7758	8835114
7759	8836255
7760	8837396
7761	-1
7762	8838537
7763	8839678
7764	8840819
7765	8841960
7766	8843101
7767	8844242
7768	8845383
7769	-1
7770	8846524
7771	8847665
7772	8848806
7773	8849947
7774	8851088
7775	8852229
7776	8853370
7777	-1
7778	8854511
7779	8855652
7780	8856793
7781	8857934
7782	8859075
7783	8860216
7784	8861357
7785	-1
7786	8862498
7787	8863639
7788	8864780
7789	8865921
7790	8867062
7791	8868203
7792	8869344
7793	-1
7794	8870485
7795	8871626
7796	8872767
7797	8873908
7798	8875049
7799	8876190
7800	8877331
7801	-1
7802	8878472
7803	8879613
7804	8880754
7805	8881895
7806	8883036
7807	8884177
7808	8885318
7809	-1
7810	8886459
7811	8887600
7812	8888741
7813	8889882
7814	8891023
7815	8892164
7816	8893305
7817	-1
7818	8894446
7819	8895587
7820	8896728
7821	8897869
7822	8899010
7823	8900151
7824	8901292
7825	-1
7826	8902433
7827	8903574
7828	8904715
7829	8905856
7830	8906997
7831	8908138
7832	8909279
7833	-1
7834	8910420
7835	8911561
7836	8912702
7837	8913843
7838	8914984
7839	8916125
7840	8917266
7841	8918407
7842	-1
7843	8919548
7844	8920689
7845	8921830
7846	8922971
7847	8924112
7848	8925253
7849	8926394
7850	-1
7851	8927535
7852	8928676
7853	8929817
7854	8930958
7855	8932099
7856	8933240
7857	8934381
7858	-1
7859	8935522
7860	8936663
7861	8937804
7862	8938945
7863	8940086
7864	8941227
7865	8942368
7866	-1
7867	8943509
7868	8944650
7869	8945791
7870	8946932
7871	8948073
7872	8949214
7873	8950355
7874	-1
7875	8951496
7876	8952637
7877	8953778
7878	8954919
7879	8956060
7880	8957201
7881	8958342
7882	-1
7883	8959483
7884	8960624
7885	8961765
7886	8962906
7887	8964047
7888	8965188
7889	8966329
7890	-1
7891	8967470
7892	8968611
7893	8969752
7894	8970893
7895	8972034
7896	8973175
7897	8974316
7898	-1
7899	8975457
7900	8976598
7901	8977739
7902	8978880
7903	8980021
7904	8981162
7905	8982303
7906	-1
7907	8983444
7908	8984585
7909	8985726
7910	8986867
7911	8988008
7912	8989149
7913	8990290
7914	-1
7915	8991431
7916	8992572
7917	8993713
7918	8994854
7919	8995995
7920	8997136
7921	8998277
7922	-1
7923	8999418
7924	9000559
7925	9001700
7926	9002841
7927	9003982
7928	9005123
7929	9006264
7930	9007405
7931	-1
7932	9008546
7933	9009687
7934	9010828
7935	9011969
7936	9013110
7937	9014251
7938	9015392
7939	-1
7940	9016533
7941	9017674
7942	9018815
7943	9019956
7944	9021097
7945	9022238
7946	9023379
7947	-1
7948	9024520
7949	9025661
7950	9026802
7951	9027943
7952	9029084
7953	9030225
7954	9031366
7955	-1
7956	9032507
7957	9033648
7958	9034789
7959	9035930
7960	9037071
7961	9038212
7962	9039353
7963	-1
7964	9040494
7965	9041635
7966	9042776
7967	9043917
7968	9045058
7969	9046199
7970	9047340
7971	-1
7972	9048481
7973	9049622
7974	9050763
7975	9051904
7976	9053045
7977	9054186
7978	9055327
7979	-1
7980	9056468
7981	9057609
7982	9058750
7983	9059891
7984	9061032
7985	9062173
7986	9063314
7987	-1
7988	9064455
7989	9065596
7990	9066737
7991	9067878
7992	9069019
7993	9070160
7994	9071301
7995	-1
7996	9072442
7997	9073583
7998	9074724
7999	9075865
