0	1010136
1	1012418
2	-1
3	1014700
4	-1
5	1016982
6	-1
7	1019264
8	-1
9	-1
10	1021546
11	-1
12	1023828
13	-1
14	1026110
15	-1
16	-1
17	1028392
18	-1
19	1030674
20	-1
21	1032956
22	-1
23	1035238
24	-1
25	-1
26	1037520
27	-1
28	1039802
29	-1
30	1042084
31	-1
32	1044366
33	-1
34	-1
35	1046648
36	-1
37	1048930
38	-1
39	1051212
40	-1
41	-1
42	1053494
43	-1
44	1055776
45	-1
46	1058058
47	-1
48	1060340
49	-1
50	-1
51	1062622
52	-1
53	1064904
54	-1
55	1067186
56	-1
57	-1
58	1069468
59	-1
60	1071750
61	-1
62	1074032
63	-1
64	1076314
65	-1
66	-1
67	1078596
68	-1
69	1080878
70	-1
71	1083160
72	-1
73	-1
74	1085442
75	-1
76	1087724
77	-1
78	1090006
79	-1
80	1092288
81	-1
82	-1
83	1094570
84	-1
85	1096852
86	-1
87	1099134
88	-1
89	-1
90	1101416
91	-1
92	1103698
93	-1
94	1105980
95	-1
96	1108262
97	-1
98	-1
99	1110544
100	-1
101	1112826
102	-1
103	1115108
104	-1
105	-1
106	1117390
107	-1
108	1119672
109	-1
110	1121954
111	-1
112	1124236
113	-1
114	-1
115	1126518
116	-1
117	1128800
118	-1
119	1131082
120	-1
121	1133364
122	-1
123	-1
124	1135646
125	-1
126	1137928
127	-1
128	1140210
129	-1
130	-1
131	1142492
132	-1
133	1144774
134	-1
135	1147056
136	-1
137	1149338
138	-1
139	-1
140	1151620
141	-1
142	1153902
143	-1
144	1156184
145	-1
146	-1
147	1158466
148	-1
149	1160748
150	-1
151	1163030
152	-1
153	1165312
154	-1
155	-1
156	1167594
157	-1
158	1169876
159	-1
160	1172158
161	-1
162	-1
163	1174440
164	-1
165	1176722
166	-1
167	1179004
168	-1
169	1181286
170	-1
171	-1
172	1183568
173	-1
174	1185850
175	-1
176	1188132
177	-1
178	-1
179	1190414
180	-1
181	1192696
182	-1
183	1194978
184	-1
185	1197260
186	-1
187	-1
188	1199542
189	-1
190	1201824
191	-1
192	1204106
193	-1
194	-1
195	1206388
196	-1
197	1208670
198	-1
199	1210952
200	-1
201	1213234
202	-1
203	-1
204	1215516
205	-1
206	1217798
207	-1
208	1220080
209	-1
210	1222362
211	-1
212	-1
213	1224644
214	-1
215	1226926
216	-1
217	1229208
218	-1
219	-1
220	1231490
221	-1
222	1233772
223	-1
224	1236054
225	-1
226	1238336
227	-1
228	-1
229	1240618
230	-1
231	1242900
232	-1
233	1245182
234	-1
235	-1
236	1247464
237	-1
238	1249746
239	-1
240	1252028
241	-1
242	1254310
243	-1
244	-1
245	1256592
246	-1
247	1258874
248	-1
249	1261156
250	-1
251	-1
252	1263438
253	-1
254	1265720
255	-1
256	1268002
257	-1
258	1270284
259	-1
260	-1
261	1272566
262	-1
263	1274848
264	-1
265	1277130
266	-1
267	-1
268	1279412
269	-1
270	1281694
271	-1
272	1283976
273	-1
274	1286258
275	-1
276	-1
277	1288540
278	-1
279	1290822
280	-1
281	1293104
282	-1
283	-1
284	1295386
285	-1
286	1297668
287	-1
288	1299950
289	-1
290	1302232
291	-1
292	-1
293	1304514
294	-1
295	1306796
296	-1
297	1309078
298	-1
299	1311360
300	-1
301	-1
302	1313642
303	-1
304	1315924
305	-1
306	1318206
307	-1
308	-1
309	1320488
310	-1
311	1322770
312	-1
313	1325052
314	-1
315	1327334
316	-1
317	-1
318	1329616
319	-1
320	1331898
321	-1
322	1334180
323	-1
324	-1
325	1336462
326	-1
327	1338744
328	-1
329	1341026
330	-1
331	1343308
332	-1
333	-1
334	1345590
335	-1
336	1347872
337	-1
338	1350154
339	-1
340	-1
341	1352436
342	-1
343	1354718
344	-1
345	1357000
346	-1
347	1359282
348	-1
349	-1
350	1361564
351	-1
352	1363846
353	-1
354	1366128
355	-1
356	-1
357	1368410
358	-1
359	1370692
360	-1
361	1372974
362	-1
363	1375256
364	-1
365	-1
366	1377538
367	-1
368	1379820
369	-1
370	1382102
371	-1
372	-1
373	1384384
374	-1
375	1386666
376	-1
377	1388948
378	-1
379	1391230
380	-1
381	-1
382	1393512
383	-1
384	1395794
385	-1
386	1398076
387	-1
388	1400358
389	-1
390	-1
391	1402640
392	-1
393	1404922
394	-1
395	1407204
396	-1
397	-1
398	1409486
399	-1
400	1411768
401	-1
402	1414050
403	-1
404	1416332
405	-1
406	-1
407	1418614
408	-1
409	1420896
410	-1
411	1423178
412	-1
413	-1
414	1425460
415	-1
416	1427742
417	-1
418	1430024
419	-1
420	1432306
421	-1
422	-1
423	1434588
424	-1
425	1436870
426	-1
427	1439152
428	-1
429	-1
430	1441434
431	-1
432	1443716
433	-1
434	1445998
435	-1
436	1448280
437	-1
438	-1
439	1450562
440	-1
441	1452844
442	-1
443	1455126
444	-1
445	-1
446	1457408
447	-1
448	1459690
449	-1
450	1461972
451	-1
452	1464254
453	-1
454	-1
455	1466536
456	-1
457	1468818
458	-1
459	1471100
460	-1
461	-1
462	1473382
463	-1
464	1475664
465	-1
466	1477946
467	-1
468	1480228
469	-1
470	-1
471	1482510
472	-1
473	1484792
474	-1
475	1487074
476	-1
477	1489356
478	-1
479	-1
480	1491638
481	-1
482	1493920
483	-1
484	1496202
485	-1
486	-1
487	1498484
488	-1
489	1500766
490	-1
491	1503048
492	-1
493	1505330
494	-1
495	-1
496	1507612
497	-1
498	1509894
499	-1
500	1512176
501	-1
502	-1
503	1514458
504	-1
505	1516740
506	-1
507	1519022
508	-1
509	1521304
510	-1
511	-1
512	1523586
513	-1
514	1525868
515	-1
516	1528150
517	-1
518	-1
519	1530432
520	-1
521	1532714
522	-1
523	1534996
524	-1
525	1537278
526	-1
527	-1
528	1539560
529	-1
530	1541842
531	-1
532	1544124
533	-1
534	-1
535	1546406
536	-1
537	1548688
538	-1
539	1550970
540	-1
541	1553252
542	-1
543	-1
544	1555534
545	-1
546	1557816
547	-1
548	1560098
549	-1
550	-1
551	1562380
552	-1
553	1564662
554	-1
555	1566944
556	-1
557	1569226
558	-1
559	-1
560	1571508
561	-1
562	1573790
563	-1
564	1576072
565	-1
566	1578354
567	-1
568	-1
569	1580636
570	-1
571	1582918
572	-1
573	1585200
574	-1
575	-1
576	1587482
577	-1
578	1589764
579	-1
580	1592046
581	-1
582	1594328
583	-1
584	-1
585	1596610
586	-1
587	1598892
588	-1
589	1601174
590	-1
591	-1
592	1603456
593	-1
594	1605738
595	-1
596	1608020
597	-1
598	1610302
599	-1
600	-1
601	1612584
602	-1
603	1614866
604	-1
605	1617148
606	-1
607	-1
608	1619430
609	-1
610	1621712
611	-1
612	1623994
613	-1
614	1626276
615	-1
616	-1
617	1628558
618	-1
619	1630840
620	-1
621	1633122
622	-1
623	-1
624	1635404
625	-1
626	1637686
627	-1
628	1639968
629	-1
630	1642250
631	-1
632	-1
633	1644532
634	-1
635	1646814
636	-1
637	1649096
638	-1
639	-1
640	1651378
641	-1
642	1653660
643	-1
644	1655942
645	-1
646	1658224
647	-1
648	-1
649	1660506
650	-1
651	1662788
652	-1
653	1665070
654	-1
655	1667352
656	-1
657	-1
658	1669634
659	-1
660	1671916
661	-1
662	1674198
663	-1
664	-1
665	1676480
666	-1
667	1678762
668	-1
669	1681044
670	-1
671	1683326
672	-1
673	-1
674	1685608
675	-1
676	1687890
677	-1
678	1690172
679	-1
680	-1
681	1692454
682	-1
683	1694736
684	-1
685	1697018
686	-1
687	1699300
688	-1
689	-1
690	1701582
691	-1
692	1703864
693	-1
694	1706146
695	-1
696	-1
697	1708428
698	-1
699	1710710
700	-1
701	1712992
702	-1
703	1715274
704	-1
705	-1
706	1717556
707	-1
708	1719838
709	-1
710	1722120
711	-1
712	-1
713	1724402
714	-1
715	1726684
716	-1
717	1728966
718	-1
719	1731248
720	-1
721	-1
722	1733530
723	-1
724	1735812
725	-1
726	1738094
727	-1
728	-1
729	1740376
730	-1
731	1742658
732	-1
733	1744940
734	-1
735	1747222
736	-1
737	-1
738	1749504
739	-1
740	1751786
741	-1
742	1754068
743	-1
744	1756350
745	-1
746	-1
747	1758632
748	-1
749	1760914
750	-1
751	1763196
752	-1
753	-1
754	1765478
755	-1
756	1767760
757	-1
758	1770042
759	-1
760	1772324
761	-1
762	-1
763	1774606
764	-1
765	1776888
766	-1
767	1779170
768	-1
769	-1
770	1781452
771	-1
772	1783734
773	-1
774	1786016
775	-1
776	1788298
777	-1
778	-1
779	1790580
780	-1
781	1792862
782	-1
783	1795144
784	-1
785	-1
786	1797426
787	-1
788	1799708
789	-1
790	1801990
791	-1
792	1804272
793	-1
794	-1
795	1806554
796	-1
797	1808836
798	-1
799	1811118
800	-1
801	-1
802	1813400
803	-1
804	1815682
805	-1
806	1817964
807	-1
808	1820246
809	-1
810	-1
811	1822528
812	-1
813	1824810
814	-1
815	1827092
816	-1
817	-1
818	1829374
819	-1
820	1831656
821	-1
822	1833938
823	-1
824	1836220
825	-1
826	-1
827	1838502
828	-1
829	1840784
830	-1
831	1843066
832	-1
833	1845348
834	-1
835	-1
836	1847630
837	-1
838	1849912
839	-1
840	1852194
841	-1
842	-1
843	1854476
844	-1
845	1856758
846	-1
847	1859040
848	-1
849	1861322
850	-1
851	-1
852	1863604
853	-1
854	1865886
855	-1
856	1868168
857	-1
858	-1
859	1870450
860	-1
861	1872732
862	-1
863	1875014
864	-1
865	1877296
866	-1
867	-1
868	1879578
869	-1
870	1881860
871	-1
872	1884142
873	-1
874	-1
875	1886424
876	-1
877	1888706
878	-1
879	1890988
880	-1
881	1893270
882	-1
883	-1
884	1895552
885	-1
886	1897834
887	-1
888	1900116
889	-1
890	-1
891	1902398
892	-1
893	1904680
894	-1
895	1906962
896	-1
897	1909244
898	-1
899	-1
900	1911526
901	-1
902	1913808
903	-1
904	1916090
905	-1
906	-1
907	1918372
908	-1
909	1920654
910	-1
911	1922936
912	-1
913	1925218
914	-1
915	-1
916	1927500
917	-1
918	1929782
919	-1
920	1932064
921	-1
922	1934346
923	-1
924	-1
925	1936628
926	-1
927	1938910
928	-1
929	1941192
930	-1
931	-1
932	1943474
933	-1
934	1945756
935	-1
936	1948038
937	-1
938	1950320
939	-1
940	-1
941	1952602
942	-1
943	1954884
944	-1
945	1957166
946	-1
947	-1
948	1959448
949	-1
950	1961730
951	-1
952	1964012
953	-1
954	1966294
955	-1
956	-1
957	1968576
958	-1
959	1970858
960	-1
961	1973140
962	-1
963	-1
964	1975422
965	-1
966	1977704
967	-1
968	1979986
969	-1
970	1982268
971	-1
972	-1
973	1984550
974	-1
975	1986832
976	-1
977	1989114
978	-1
979	-1
980	1991396
981	-1
982	1993678
983	-1
984	1995960
985	-1
986	1998242
987	-1
988	-1
989	2000524
990	-1
991	2002806
992	-1
993	2005088
994	-1
995	2007370
996	-1
997	-1
998	2009652
999	-1
1000	2011934
1001	-1
1002	2014216
1003	-1
1004	-1
1005	2016498
1006	-1
1007	2018780
1008	-1
1009	2021062
1010	-1
1011	2023344
1012	-1
1013	-1
1014	2025626
1015	-1
1016	2027908
1017	-1
1018	2030190
1019	-1
1020	-1
1021	2032472
1022	-1
1023	2034754
1024	-1
1025	2037036
1026	-1
1027	2039318
1028	-1
1029	-1
1030	2041600
1031	-1
1032	2043882
1033	-1
1034	2046164
1035	-1
1036	-1
1037	2048446
1038	-1
1039	2050728
1040	-1
1041	2053010
1042	-1
1043	2055292
1044	-1
1045	-1
1046	2057574
1047	-1
1048	2059856
1049	-1
1050	2062138
1051	-1
1052	-1
1053	2064420
1054	-1
1055	2066702
1056	-1
1057	2068984
1058	-1
1059	2071266
1060	-1
1061	-1
1062	2073548
1063	-1
1064	2075830
1065	-1
1066	2078112
1067	-1
1068	-1
1069	2080394
1070	-1
1071	2082676
1072	-1
1073	2084958
1074	-1
1075	2087240
1076	-1
1077	-1
1078	2089522
1079	-1
1080	2091804
1081	-1
1082	2094086
1083	-1
1084	2096368
1085	-1
1086	-1
1087	2098650
1088	-1
1089	2100932
1090	-1
1091	2103214
1092	-1
1093	-1
1094	2105496
1095	-1
1096	2107778
1097	-1
1098	2110060
1099	-1
1100	2112342
1101	-1
1102	-1
1103	2114624
1104	-1
1105	2116906
1106	-1
1107	2119188
1108	-1
1109	-1
1110	2121470
1111	-1
1112	2123752
1113	-1
1114	2126034
1115	-1
1116	2128316
1117	-1
1118	-1
1119	2130598
1120	-1
1121	2132880
1122	-1
1123	2135162
1124	-1
1125	-1
1126	2137444
1127	-1
1128	2139726
1129	-1
1130	2142008
1131	-1
1132	2144290
1133	-1
1134	-1
1135	2146572
1136	-1
1137	2148854
1138	-1
1139	2151136
1140	-1
1141	-1
1142	2153418
1143	-1
1144	2155700
1145	-1
1146	2157982
1147	-1
1148	2160264
1149	-1
1150	-1
1151	2162546
1152	-1
1153	2164828
1154	-1
1155	2167110
1156	-1
1157	-1
1158	2169392
1159	-1
1160	2171674
1161	-1
1162	2173956
1163	-1
1164	2176238
1165	-1
1166	-1
1167	2178520
1168	-1
1169	2180802
1170	-1
1171	2183084
1172	-1
1173	2185366
1174	-1
1175	-1
1176	2187648
1177	-1
1178	2189930
1179	-1
1180	2192212
1181	-1
1182	-1
1183	2194494
1184	-1
1185	2196776
1186	-1
1187	2199058
1188	-1
1189	2201340
1190	-1
1191	-1
1192	2203622
1193	-1
1194	2205904
1195	-1
1196	2208186
1197	-1
1198	-1
1199	2210468
1200	-1
1201	2212750
1202	-1
1203	2215032
1204	-1
1205	2217314
1206	-1
1207	-1
1208	2219596
1209	-1
1210	2221878
1211	-1
1212	2224160
1213	-1
1214	-1
1215	2226442
1216	-1
1217	2228724
1218	-1
1219	2231006
1220	-1
1221	2233288
1222	-1
1223	-1
1224	2235570
1225	-1
1226	2237852
1227	-1
1228	2240134
1229	-1
1230	-1
1231	2242416
1232	-1
1233	2244698
1234	-1
1235	2246980
1236	-1
1237	2249262
1238	-1
1239	-1
1240	2251544
1241	-1
1242	2253826
1243	-1
1244	2256108
1245	-1
1246	-1
1247	2258390
1248	-1
1249	2260672
1250	-1
1251	2262954
1252	-1
1253	2265236
1254	-1
1255	-1
1256	2267518
1257	-1
1258	2269800
1259	-1
1260	2272082
1261	-1
1262	2274364
1263	-1
1264	-1
1265	2276646
1266	-1
1267	2278928
1268	-1
1269	2281210
1270	-1
1271	-1
1272	2283492
1273	-1
1274	2285774
1275	-1
1276	2288056
1277	-1
1278	2290338
1279	-1
1280	-1
1281	2292620
1282	-1
1283	2294902
1284	-1
1285	2297184
1286	-1
1287	-1
1288	2299466
1289	-1
1290	2301748
1291	-1
1292	2304030
1293	-1
1294	2306312
1295	-1
1296	-1
1297	2308594
1298	-1
1299	2310876
1300	-1
1301	2313158
1302	-1
1303	-1
1304	2315440
1305	-1
1306	2317722
1307	-1
1308	2320004
1309	-1
1310	2322286
1311	-1
1312	-1
1313	2324568
1314	-1
1315	2326850
1316	-1
1317	2329132
1318	-1
1319	-1
1320	2331414
1321	-1
1322	2333696
1323	-1
1324	2335978
1325	-1
1326	2338260
1327	-1
1328	-1
1329	2340542
1330	-1
1331	2342824
1332	-1
1333	2345106
1334	-1
1335	-1
1336	2347388
1337	-1
1338	2349670
1339	-1
1340	2351952
1341	-1
1342	2354234
1343	-1
1344	-1
1345	2356516
1346	-1
1347	2358798
1348	-1
1349	2361080
1350	-1
1351	2363362
1352	-1
1353	-1
1354	2365644
1355	-1
1356	2367926
1357	-1
1358	2370208
1359	-1
1360	-1
1361	2372490
1362	-1
1363	2374772
1364	-1
1365	2377054
1366	-1
1367	2379336
1368	-1
1369	-1
1370	2381618
1371	-1
1372	2383900
1373	-1
1374	2386182
1375	-1
1376	-1
1377	2388464
1378	-1
1379	2390746
1380	-1
1381	2393028
1382	-1
1383	2395310
1384	-1
1385	-1
1386	2397592
1387	-1
1388	2399874
1389	-1
1390	2402156
1391	-1
1392	-1
1393	2404438
1394	-1
1395	2406720
1396	-1
1397	2409002
1398	-1
1399	2411284
1400	-1
1401	-1
1402	2413566
1403	-1
1404	2415848
1405	-1
1406	2418130
1407	-1
1408	-1
1409	2420412
1410	-1
1411	2422694
1412	-1
1413	2424976
1414	-1
1415	2427258
1416	-1
1417	-1
1418	2429540
1419	-1
1420	2431822
1421	-1
1422	2434104
1423	-1
1424	-1
1425	2436386
1426	-1
1427	2438668
1428	-1
1429	2440950
1430	-1
1431	2443232
1432	-1
1433	-1
1434	2445514
1435	-1
1436	2447796
1437	-1
1438	2450078
1439	-1
1440	2452360
1441	-1
1442	-1
1443	2454642
1444	-1
1445	2456924
1446	-1
1447	2459206
1448	-1
1449	-1
1450	2461488
1451	-1
1452	2463770
1453	-1
1454	2466052
1455	-1
1456	2468334
1457	-1
1458	-1
1459	2470616
1460	-1
1461	2472898
1462	-1
1463	2475180
1464	-1
1465	-1
1466	2477462
1467	-1
1468	2479744
1469	-1
1470	2482026
1471	-1
1472	2484308
1473	-1
1474	-1
1475	2486590
1476	-1
1477	2488872
1478	-1
1479	2491154
1480	-1
1481	-1
1482	2493436
1483	-1
1484	2495718
1485	-1
1486	2498000
1487	-1
1488	2500282
1489	-1
1490	-1
1491	2502564
1492	-1
1493	2504846
1494	-1
1495	2507128
1496	-1
1497	-1
1498	2509410
1499	-1
1500	2511692
1501	-1
1502	2513974
1503	-1
1504	2516256
1505	-1
1506	-1
1507	2518538
1508	-1
1509	2520820
1510	-1
1511	2523102
1512	-1
1513	-1
1514	2525384
1515	-1
1516	2527666
1517	-1
1518	2529948
1519	-1
1520	2532230
1521	-1
1522	-1
1523	2534512
1524	-1
1525	2536794
1526	-1
1527	2539076
1528	-1
1529	2541358
1530	-1
1531	-1
1532	2543640
1533	-1
1534	2545922
1535	-1
1536	2548204
1537	-1
1538	-1
1539	2550486
1540	-1
1541	2552768
1542	-1
1543	2555050
1544	-1
1545	2557332
1546	-1
1547	-1
1548	2559614
1549	-1
1550	2561896
1551	-1
1552	2564178
1553	-1
1554	-1
1555	2566460
1556	-1
1557	2568742
1558	-1
1559	2571024
1560	-1
1561	2573306
1562	-1
1563	-1
1564	2575588
1565	-1
1566	2577870
1567	-1
1568	2580152
1569	-1
1570	-1
1571	2582434
1572	-1
1573	2584716
1574	-1
1575	2586998
1576	-1
1577	2589280
1578	-1
1579	-1
1580	2591562
1581	-1
1582	2593844
1583	-1
1584	2596126
1585	-1
1586	-1
1587	2598408
1588	-1
1589	2600690
1590	-1
1591	2602972
1592	-1
1593	2605254
1594	-1
1595	-1
1596	2607536
1597	-1
1598	2609818
1599	-1
1600	2612100
1601	-1
1602	-1
1603	2614382
1604	-1
1605	2616664
1606	-1
1607	2618946
1608	-1
1609	2621228
1610	-1
1611	-1
1612	2623510
1613	-1
1614	2625792
1615	-1
1616	2628074
1617	-1
1618	2630356
1619	-1
1620	-1
1621	2632638
1622	-1
1623	2634920
1624	-1
1625	2637202
1626	-1
1627	-1
1628	2639484
1629	-1
1630	2641766
1631	-1
1632	2644048
1633	-1
1634	2646330
1635	-1
1636	-1
1637	2648612
1638	-1
1639	2650894
1640	-1
1641	2653176
1642	-1
1643	-1
1644	2655458
1645	-1
1646	2657740
1647	-1
1648	2660022
1649	-1
1650	2662304
1651	-1
1652	-1
1653	2664586
1654	-1
1655	2666868
1656	-1
1657	2669150
1658	-1
1659	-1
1660	2671432
1661	-1
1662	2673714
1663	-1
1664	2675996
1665	-1
1666	2678278
1667	-1
1668	-1
1669	2680560
1670	-1
1671	2682842
1672	-1
1673	2685124
1674	-1
1675	-1
1676	2687406
1677	-1
1678	2689688
1679	-1
1680	2691970
1681	-1
1682	2694252
1683	-1
1684	-1
1685	2696534
1686	-1
1687	2698816
1688	-1
1689	2701098
1690	-1
1691	-1
1692	2703380
1693	-1
1694	2705662
1695	-1
1696	2707944
1697	-1
1698	2710226
1699	-1
1700	-1
1701	2712508
1702	-1
1703	2714790
1704	-1
1705	2717072
1706	-1
1707	2719354
1708	-1
1709	-1
1710	2721636
1711	-1
1712	2723918
1713	-1
1714	2726200
1715	-1
1716	-1
1717	2728482
1718	-1
1719	2730764
1720	-1
1721	2733046
1722	-1
1723	2735328
1724	-1
1725	-1
1726	2737610
1727	-1
1728	2739892
1729	-1
1730	2742174
1731	-1
1732	-1
1733	2744456
1734	-1
1735	2746738
1736	-1
1737	2749020
1738	-1
1739	2751302
1740	-1
1741	-1
1742	2753584
1743	-1
1744	2755866
1745	-1
1746	2758148
1747	-1
1748	-1
1749	2760430
1750	-1
1751	2762712
1752	-1
1753	2764994
1754	-1
1755	2767276
1756	-1
1757	-1
1758	2769558
1759	-1
1760	2771840
1761	-1
1762	2774122
1763	-1
1764	-1
1765	2776404
1766	-1
1767	2778686
1768	-1
1769	2780968
1770	-1
1771	2783250
1772	-1
1773	-1
1774	2785532
1775	-1
1776	2787814
1777	-1
1778	2790096
1779	-1
1780	-1
1781	2792378
1782	-1
1783	2794660
1784	-1
1785	2796942
1786	-1
1787	2799224
1788	-1
1789	-1
1790	2801506
1791	-1
1792	2803788
1793	-1
1794	2806070
1795	-1
1796	2808352
1797	-1
1798	-1
1799	2810634
1800	-1
1801	2812916
1802	-1
1803	2815198
1804	-1
1805	-1
1806	2817480
1807	-1
1808	2819762
1809	-1
1810	2822044
1811	-1
1812	2824326
1813	-1
1814	-1
1815	2826608
1816	-1
1817	2828890
1818	-1
1819	2831172
1820	-1
1821	-1
1822	2833454
1823	-1
1824	2835736
1825	-1
1826	2838018
1827	-1
1828	2840300
1829	-1
1830	-1
1831	2842582
1832	-1
1833	2844864
1834	-1
1835	2847146
1836	-1
1837	-1
1838	2849428
1839	-1
1840	2851710
1841	-1
1842	2853992
1843	-1
1844	2856274
1845	-1
1846	-1
1847	2858556
1848	-1
1849	2860838
1850	-1
1851	2863120
1852	-1
1853	-1
1854	2865402
1855	-1
1856	2867684
1857	-1
1858	2869966
1859	-1
1860	2872248
1861	-1
1862	-1
1863	2874530
1864	-1
1865	2876812
1866	-1
1867	2879094
1868	-1
1869	-1
1870	2881376
1871	-1
1872	2883658
1873	-1
1874	2885940
1875	-1
1876	2888222
1877	-1
1878	-1
1879	2890504
1880	-1
1881	2892786
1882	-1
1883	2895068
1884	-1
1885	2897350
1886	-1
1887	-1
1888	2899632
1889	-1
1890	2901914
1891	-1
1892	2904196
1893	-1
1894	-1
1895	2906478
1896	-1
1897	2908760
1898	-1
1899	2911042
1900	-1
1901	2913324
1902	-1
1903	-1
1904	2915606
1905	-1
1906	2917888
1907	-1
1908	2920170
1909	-1
1910	-1
1911	2922452
1912	-1
1913	2924734
1914	-1
1915	2927016
1916	-1
1917	2929298
1918	-1
1919	-1
1920	2931580
1921	-1
1922	2933862
1923	-1
1924	2936144
1925	-1
1926	-1
1927	2938426
1928	-1
1929	2940708
1930	-1
1931	2942990
1932	-1
1933	2945272
1934	-1
1935	-1
1936	2947554
1937	-1
1938	2949836
1939	-1
1940	2952118
1941	-1
1942	-1
1943	2954400
1944	-1
1945	2956682
1946	-1
1947	2958964
1948	-1
1949	2961246
1950	-1
1951	-1
1952	2963528
1953	-1
1954	2965810
1955	-1
1956	2968092
1957	-1
1958	-1
1959	2970374
1960	-1
1961	2972656
1962	-1
1963	2974938
1964	-1
1965	2977220
1966	-1
1967	-1
1968	2979502
1969	-1
1970	2981784
1971	-1
1972	2984066
1973	-1
1974	2986348
1975	-1
1976	-1
1977	2988630
1978	-1
1979	2990912
1980	-1
1981	2993194
1982	-1
1983	-1
1984	2995476
1985	-1
1986	2997758
1987	-1
1988	3000040
1989	-1
1990	3002322
1991	-1
1992	-1
1993	3004604
1994	-1
1995	3006886
1996	-1
1997	3009168
1998	-1
1999	-1
2000	3011450
2001	-1
2002	3013732
2003	-1
2004	3016014
2005	-1
2006	3018296
2007	-1
2008	-1
2009	3020578
2010	-1
2011	3022860
2012	-1
2013	3025142
2014	-1
2015	-1
2016	3027424
2017	-1
2018	3029706
2019	-1
2020	3031988
2021	-1
2022	3034270
2023	-1
2024	-1
2025	3036552
2026	-1
2027	3038834
2028	-1
2029	3041116
2030	-1
2031	-1
2032	3043398
2033	-1
2034	3045680
2035	-1
2036	3047962
2037	-1
2038	3050244
2039	-1
2040	-1
2041	3052526
2042	-1
2043	3054808
2044	-1
2045	3057090
2046	-1
2047	-1
2048	3059372
2049	-1
2050	3061654
2051	-1
2052	3063936
2053	-1
2054	3066218
2055	-1
2056	-1
2057	3068500
2058	-1
2059	3070782
2060	-1
2061	3073064
2062	-1
2063	3075346
2064	-1
2065	-1
2066	3077628
2067	-1
2068	3079910
2069	-1
2070	3082192
2071	-1
2072	-1
2073	3084474
2074	-1
2075	3086756
2076	-1
2077	3089038
2078	-1
2079	3091320
2080	-1
2081	-1
2082	3093602
2083	-1
2084	3095884
2085	-1
2086	3098166
2087	-1
2088	-1
2089	3100448
2090	-1
2091	3102730
2092	-1
2093	3105012
2094	-1
2095	3107294
2096	-1
2097	-1
2098	3109576
2099	-1
2100	3111858
2101	-1
2102	3114140
2103	-1
2104	-1
2105	3116422
2106	-1
2107	3118704
2108	-1
2109	3120986
2110	-1
2111	3123268
2112	-1
2113	-1
2114	3125550
2115	-1
2116	3127832
2117	-1
2118	3130114
2119	-1
2120	-1
2121	3132396
2122	-1
2123	3134678
2124	-1
2125	3136960
2126	-1
2127	3139242
2128	-1
2129	-1
2130	3141524
2131	-1
2132	3143806
2133	-1
2134	3146088
2135	-1
2136	3148370
2137	-1
2138	-1
2139	3150652
2140	-1
2141	3152934
2142	-1
2143	3155216
2144	-1
2145	-1
2146	3157498
2147	-1
2148	3159780
2149	-1
2150	3162062
2151	-1
2152	3164344
2153	-1
2154	-1
2155	3166626
2156	-1
2157	3168908
2158	-1
2159	3171190
2160	-1
2161	-1
2162	3173472
2163	-1
2164	3175754
2165	-1
2166	3178036
2167	-1
2168	3180318
2169	-1
2170	-1
2171	3182600
2172	-1
2173	3184882
2174	-1
2175	3187164
2176	-1
2177	-1
2178	3189446
2179	-1
2180	3191728
2181	-1
2182	3194010
2183	-1
2184	3196292
2185	-1
2186	-1
2187	3198574
2188	-1
2189	3200856
2190	-1
2191	3203138
2192	-1
2193	-1
2194	3205420
2195	-1
2196	3207702
2197	-1
2198	3209984
2199	-1
2200	3212266
2201	-1
2202	-1
2203	3214548
2204	-1
2205	3216830
2206	-1
2207	3219112
2208	-1
2209	-1
2210	3221394
2211	-1
2212	3223676
2213	-1
2214	3225958
2215	-1
2216	3228240
2217	-1
2218	-1
2219	3230522
2220	-1
2221	3232804
2222	-1
2223	3235086
2224	-1
2225	3237368
2226	-1
2227	-1
2228	3239650
2229	-1
2230	3241932
2231	-1
2232	3244214
2233	-1
2234	-1
2235	3246496
2236	-1
2237	3248778
2238	-1
2239	3251060
2240	-1
2241	3253342
2242	-1
2243	-1
2244	3255624
2245	-1
2246	3257906
2247	-1
2248	3260188
2249	-1
2250	-1
2251	3262470
2252	-1
2253	3264752
2254	-1
2255	3267034
2256	-1
2257	3269316
2258	-1
2259	-1
2260	3271598
2261	-1
2262	3273880
2263	-1
2264	3276162
2265	-1
2266	-1
2267	3278444
2268	-1
2269	3280726
2270	-1
2271	3283008
2272	-1
2273	3285290
2274	-1
2275	-1
2276	3287572
2277	-1
2278	3289854
2279	-1
2280	3292136
2281	-1
2282	-1
2283	3294418
2284	-1
2285	3296700
2286	-1
2287	3298982
2288	-1
2289	3301264
2290	-1
2291	-1
2292	3303546
2293	-1
2294	3305828
2295	-1
2296	3308110
2297	-1
2298	-1
2299	3310392
2300	-1
2301	3312674
2302	-1
2303	3314956
2304	-1
2305	3317238
2306	-1
2307	-1
2308	3319520
2309	-1
2310	3321802
2311	-1
2312	3324084
2313	-1
2314	3326366
2315	-1
2316	-1
2317	3328648
2318	-1
2319	3330930
2320	-1
2321	3333212
2322	-1
2323	-1
2324	3335494
2325	-1
2326	3337776
2327	-1
2328	3340058
2329	-1
2330	3342340
2331	-1
2332	-1
2333	3344622
2334	-1
2335	3346904
2336	-1
2337	3349186
2338	-1
2339	-1
2340	3351468
2341	-1
2342	3353750
2343	-1
2344	3356032
2345	-1
2346	3358314
2347	-1
2348	-1
2349	3360596
2350	-1
2351	3362878
2352	-1
2353	3365160
2354	-1
2355	-1
2356	3367442
2357	-1
2358	3369724
2359	-1
2360	3372006
2361	-1
2362	3374288
2363	-1
2364	-1
2365	3376570
2366	-1
2367	3378852
2368	-1
2369	3381134
2370	-1
2371	-1
2372	3383416
2373	-1
2374	3385698
2375	-1
2376	3387980
2377	-1
2378	3390262
2379	-1
2380	-1
2381	3392544
2382	-1
2383	3394826
2384	-1
2385	3397108
2386	-1
2387	-1
2388	3399390
2389	-1
2390	3401672
2391	-1
2392	3403954
2393	-1
2394	3406236
2395	-1
2396	-1
2397	3408518
2398	-1
2399	3410800
2400	-1
2401	3413082
2402	-1
2403	3415364
2404	-1
2405	-1
2406	3417646
2407	-1
2408	3419928
2409	-1
2410	3422210
2411	-1
2412	-1
2413	3424492
2414	-1
2415	3426774
2416	-1
2417	3429056
2418	-1
2419	3431338
2420	-1
2421	-1
2422	3433620
2423	-1
2424	3435902
2425	-1
2426	3438184
2427	-1
2428	-1
2429	3440466
2430	-1
2431	3442748
2432	-1
2433	3445030
2434	-1
2435	3447312
2436	-1
2437	-1
2438	3449594
2439	-1
2440	3451876
2441	-1
2442	3454158
2443	-1
2444	-1
2445	3456440
2446	-1
2447	3458722
2448	-1
2449	3461004
2450	-1
2451	3463286
2452	-1
2453	-1
2454	3465568
2455	-1
2456	3467850
2457	-1
2458	3470132
2459	-1
2460	-1
2461	3472414
2462	-1
2463	3474696
2464	-1
2465	3476978
2466	-1
2467	3479260
2468	-1
2469	-1
2470	3481542
2471	-1
2472	3483824
2473	-1
2474	3486106
2475	-1
2476	-1
2477	3488388
2478	-1
2479	3490670
2480	-1
2481	3492952
2482	-1
2483	3495234
2484	-1
2485	-1
2486	3497516
2487	-1
2488	3499798
2489	-1
2490	3502080
2491	-1
2492	3504362
2493	-1
2494	-1
2495	3506644
2496	-1
2497	3508926
2498	-1
2499	3511208
2500	-1
2501	-1
2502	3513490
2503	-1
2504	3515772
2505	-1
2506	3518054
2507	-1
2508	3520336
2509	-1
2510	-1
2511	3522618
2512	-1
2513	3524900
2514	-1
2515	3527182
2516	-1
2517	-1
2518	3529464
2519	-1
2520	3531746
2521	-1
2522	3534028
2523	-1
2524	3536310
2525	-1
2526	-1
2527	3538592
2528	-1
2529	3540874
2530	-1
2531	3543156
2532	-1
2533	-1
2534	3545438
2535	-1
2536	3547720
2537	-1
2538	3550002
2539	-1
2540	3552284
2541	-1
2542	-1
2543	3554566
2544	-1
2545	3556848
2546	-1
2547	3559130
2548	-1
2549	-1
2550	3561412
2551	-1
2552	3563694
2553	-1
2554	3565976
2555	-1
2556	3568258
2557	-1
2558	-1
2559	3570540
2560	-1
2561	3572822
2562	-1
2563	3575104
2564	-1
2565	-1
2566	3577386
2567	-1
2568	3579668
2569	-1
2570	3581950
2571	-1
2572	3584232
2573	-1
2574	-1
2575	3586514
2576	-1
2577	3588796
2578	-1
2579	3591078
2580	-1
2581	3593360
2582	-1
2583	-1
2584	3595642
2585	-1
2586	3597924
2587	-1
2588	3600206
2589	-1
2590	-1
2591	3602488
2592	-1
2593	3604770
2594	-1
2595	3607052
2596	-1
2597	3609334
2598	-1
2599	-1
2600	3611616
2601	-1
2602	3613898
2603	-1
2604	3616180
2605	-1
2606	-1
2607	3618462
2608	-1
2609	3620744
2610	-1
2611	3623026
2612	-1
2613	3625308
2614	-1
2615	-1
2616	3627590
2617	-1
2618	3629872
2619	-1
2620	3632154
2621	-1
2622	-1
2623	3634436
2624	-1
2625	3636718
2626	-1
2627	3639000
2628	-1
2629	3641282
2630	-1
2631	-1
2632	3643564
2633	-1
2634	3645846
2635	-1
2636	3648128
2637	-1
2638	-1
2639	3650410
2640	-1
2641	3652692
2642	-1
2643	3654974
2644	-1
2645	3657256
2646	-1
2647	-1
2648	3659538
2649	-1
2650	3661820
2651	-1
2652	3664102
2653	-1
2654	-1
2655	3666384
2656	-1
2657	3668666
2658	-1
2659	3670948
2660	-1
2661	3673230
2662	-1
2663	-1
2664	3675512
2665	-1
2666	3677794
2667	-1
2668	3680076
2669	-1
2670	3682358
2671	-1
2672	-1
2673	3684640
2674	-1
2675	3686922
2676	-1
2677	3689204
2678	-1
2679	-1
2680	3691486
2681	-1
2682	3693768
2683	-1
2684	3696050
2685	-1
2686	3698332
2687	-1
2688	-1
2689	3700614
2690	-1
2691	3702896
2692	-1
2693	3705178
2694	-1
2695	-1
2696	3707460
2697	-1
2698	3709742
2699	-1
2700	3712024
2701	-1
2702	3714306
2703	-1
2704	-1
2705	3716588
2706	-1
2707	3718870
2708	-1
2709	3721152
2710	-1
2711	-1
2712	3723434
2713	-1
2714	3725716
2715	-1
2716	3727998
2717	-1
2718	3730280
2719	-1
2720	-1
2721	3732562
2722	-1
2723	3734844
2724	-1
2725	3737126
2726	-1
2727	-1
2728	3739408
2729	-1
2730	3741690
2731	-1
2732	3743972
2733	-1
2734	3746254
2735	-1
2736	-1
2737	3748536
2738	-1
2739	3750818
2740	-1
2741	3753100
2742	-1
2743	-1
2744	3755382
2745	-1
2746	3757664
2747	-1
2748	3759946
2749	-1
2750	3762228
2751	-1
2752	-1
2753	3764510
2754	-1
2755	3766792
2756	-1
2757	3769074
2758	-1
2759	3771356
2760	-1
2761	-1
2762	3773638
2763	-1
2764	3775920
2765	-1
2766	3778202
2767	-1
2768	-1
2769	3780484
2770	-1
2771	3782766
2772	-1
2773	3785048
2774	-1
2775	3787330
2776	-1
2777	-1
2778	3789612
2779	-1
2780	3791894
2781	-1
2782	3794176
2783	-1
2784	-1
2785	3796458
2786	-1
2787	3798740
2788	-1
2789	3801022
2790	-1
2791	3803304
2792	-1
2793	-1
2794	3805586
2795	-1
2796	3807868
2797	-1
2798	3810150
2799	-1
2800	-1
2801	3812432
2802	-1
2803	3814714
2804	-1
2805	3816996
2806	-1
2807	3819278
2808	-1
2809	-1
2810	3821560
2811	-1
2812	3823842
2813	-1
2814	3826124
2815	-1
2816	-1
2817	3828406
2818	-1
2819	3830688
2820	-1
2821	3832970
2822	-1
2823	3835252
2824	-1
2825	-1
2826	3837534
2827	-1
2828	3839816
2829	-1
2830	3842098
2831	-1
2832	-1
2833	3844380
2834	-1
2835	3846662
2836	-1
2837	3848944
2838	-1
2839	3851226
2840	-1
2841	-1
2842	3853508
2843	-1
2844	3855790
2845	-1
2846	3858072
2847	-1
2848	3860354
2849	-1
2850	-1
2851	3862636
2852	-1
2853	3864918
2854	-1
2855	3867200
2856	-1
2857	-1
2858	3869482
2859	-1
2860	3871764
2861	-1
2862	3874046
2863	-1
2864	3876328
2865	-1
2866	-1
2867	3878610
2868	-1
2869	3880892
2870	-1
2871	3883174
2872	-1
2873	-1
2874	3885456
2875	-1
2876	3887738
2877	-1
2878	3890020
2879	-1
2880	3892302
2881	-1
2882	-1
2883	3894584
2884	-1
2885	3896866
2886	-1
2887	3899148
2888	-1
2889	-1
2890	3901430
2891	-1
2892	3903712
2893	-1
2894	3905994
2895	-1
2896	3908276
2897	-1
2898	-1
2899	3910558
2900	-1
2901	3912840
2902	-1
2903	3915122
2904	-1
2905	-1
2906	3917404
2907	-1
2908	3919686
2909	-1
2910	3921968
2911	-1
2912	3924250
2913	-1
2914	-1
2915	3926532
2916	-1
2917	3928814
2918	-1
2919	3931096
2920	-1
2921	-1
2922	3933378
2923	-1
2924	3935660
2925	-1
2926	3937942
2927	-1
2928	3940224
2929	-1
2930	-1
2931	3942506
2932	-1
2933	3944788
2934	-1
2935	3947070
2936	-1
2937	3949352
2938	-1
2939	-1
2940	3951634
2941	-1
2942	3953916
2943	-1
2944	3956198
2945	-1
2946	-1
2947	3958480
2948	-1
2949	3960762
2950	-1
2951	3963044
2952	-1
2953	3965326
2954	-1
2955	-1
2956	3967608
2957	-1
2958	3969890
2959	-1
2960	3972172
2961	-1
2962	-1
2963	3974454
2964	-1
2965	3976736
2966	-1
2967	3979018
2968	-1
2969	3981300
2970	-1
2971	-1
2972	3983582
2973	-1
2974	3985864
2975	-1
2976	3988146
2977	-1
2978	-1
2979	3990428
2980	-1
2981	3992710
2982	-1
2983	3994992
2984	-1
2985	3997274
2986	-1
2987	-1
2988	3999556
2989	-1
2990	4001838
2991	-1
2992	4004120
2993	-1
2994	-1
2995	4006402
2996	-1
2997	4008684
2998	-1
2999	4010966
3000	-1
3001	4013248
3002	-1
3003	-1
3004	4015530
3005	-1
3006	4017812
3007	-1
3008	4020094
3009	-1
3010	-1
3011	4022376
3012	-1
3013	4024658
3014	-1
3015	4026940
3016	-1
3017	4029222
3018	-1
3019	-1
3020	4031504
3021	-1
3022	4033786
3023	-1
3024	4036068
3025	-1
3026	4038350
3027	-1
3028	-1
3029	4040632
3030	-1
3031	4042914
3032	-1
3033	4045196
3034	-1
3035	-1
3036	4047478
3037	-1
3038	4049760
3039	-1
3040	4052042
3041	-1
3042	4054324
3043	-1
3044	-1
3045	4056606
3046	-1
3047	4058888
3048	-1
3049	4061170
3050	-1
3051	-1
3052	4063452
3053	-1
3054	4065734
3055	-1
3056	4068016
3057	-1
3058	4070298
3059	-1
3060	-1
3061	4072580
3062	-1
3063	4074862
3064	-1
3065	4077144
3066	-1
3067	-1
3068	4079426
3069	-1
3070	4081708
3071	-1
3072	4083990
3073	-1
3074	4086272
3075	-1
3076	-1
3077	4088554
3078	-1
3079	4090836
3080	-1
3081	4093118
3082	-1
3083	-1
3084	4095400
3085	-1
3086	4097682
3087	-1
3088	4099964
3089	-1
3090	4102246
3091	-1
3092	-1
3093	4104528
3094	-1
3095	4106810
3096	-1
3097	4109092
3098	-1
3099	-1
3100	4111374
3101	-1
3102	4113656
3103	-1
3104	4115938
3105	-1
3106	4118220
3107	-1
3108	-1
3109	4120502
3110	-1
3111	4122784
3112	-1
3113	4125066
3114	-1
3115	4127348
3116	-1
3117	-1
3118	4129630
3119	-1
3120	4131912
3121	-1
3122	4134194
3123	-1
3124	-1
3125	4136476
3126	-1
3127	4138758
3128	-1
3129	4141040
3130	-1
3131	4143322
3132	-1
3133	-1
3134	4145604
3135	-1
3136	4147886
3137	-1
3138	4150168
3139	-1
3140	-1
3141	4152450
3142	-1
3143	4154732
3144	-1
3145	4157014
3146	-1
3147	4159296
3148	-1
3149	-1
3150	4161578
3151	-1
3152	4163860
3153	-1
3154	4166142
3155	-1
3156	-1
3157	4168424
3158	-1
3159	4170706
3160	-1
3161	4172988
3162	-1
3163	4175270
3164	-1
3165	-1
3166	4177552
3167	-1
3168	4179834
3169	-1
3170	4182116
3171	-1
3172	-1
3173	4184398
3174	-1
3175	4186680
3176	-1
3177	4188962
3178	-1
3179	4191244
3180	-1
3181	-1
3182	4193526
3183	-1
3184	4195808
3185	-1
3186	4198090
3187	-1
3188	-1
3189	4200372
3190	-1
3191	4202654
3192	-1
3193	4204936
3194	-1
3195	4207218
3196	-1
3197	-1
3198	4209500
3199	-1
3200	4211782
3201	-1
3202	4214064
3203	-1
3204	4216346
3205	-1
3206	-1
3207	4218628
3208	-1
3209	4220910
3210	-1
3211	4223192
3212	-1
3213	-1
3214	4225474
3215	-1
3216	4227756
3217	-1
3218	4230038
3219	-1
3220	4232320
3221	-1
3222	-1
3223	4234602
3224	-1
3225	4236884
3226	-1
3227	4239166
3228	-1
3229	-1
3230	4241448
3231	-1
3232	4243730
3233	-1
3234	4246012
3235	-1
3236	4248294
3237	-1
3238	-1
3239	4250576
3240	-1
3241	4252858
3242	-1
3243	4255140
3244	-1
3245	-1
3246	4257422
3247	-1
3248	4259704
3249	-1
3250	4261986
3251	-1
3252	4264268
3253	-1
3254	-1
3255	4266550
3256	-1
3257	4268832
3258	-1
3259	4271114
3260	-1
3261	-1
3262	4273396
3263	-1
3264	4275678
3265	-1
3266	4277960
3267	-1
3268	4280242
3269	-1
3270	-1
3271	4282524
3272	-1
3273	4284806
3274	-1
3275	4287088
3276	-1
3277	4289370
3278	-1
3279	-1
3280	4291652
3281	-1
3282	4293934
3283	-1
3284	4296216
3285	-1
3286	-1
3287	4298498
3288	-1
3289	4300780
3290	-1
3291	4303062
3292	-1
3293	4305344
3294	-1
3295	-1
3296	4307626
3297	-1
3298	4309908
3299	-1
3300	4312190
3301	-1
3302	-1
3303	4314472
3304	-1
3305	4316754
3306	-1
3307	4319036
3308	-1
3309	4321318
3310	-1
3311	-1
3312	4323600
3313	-1
3314	4325882
3315	-1
3316	4328164
3317	-1
3318	-1
3319	4330446
3320	-1
3321	4332728
3322	-1
3323	4335010
3324	-1
3325	4337292
3326	-1
3327	-1
3328	4339574
3329	-1
3330	4341856
3331	-1
3332	4344138
3333	-1
3334	-1
3335	4346420
3336	-1
3337	4348702
3338	-1
3339	4350984
3340	-1
3341	4353266
3342	-1
3343	-1
3344	4355548
3345	-1
3346	4357830
3347	-1
3348	4360112
3349	-1
3350	-1
3351	4362394
3352	-1
3353	4364676
3354	-1
3355	4366958
3356	-1
3357	4369240
3358	-1
3359	-1
3360	4371522
3361	-1
3362	4373804
3363	-1
3364	4376086
3365	-1
3366	4378368
3367	-1
3368	-1
3369	4380650
3370	-1
3371	4382932
3372	-1
3373	4385214
3374	-1
3375	-1
3376	4387496
3377	-1
3378	4389778
3379	-1
3380	4392060
3381	-1
3382	4394342
3383	-1
3384	-1
3385	4396624
3386	-1
3387	4398906
3388	-1
3389	4401188
3390	-1
3391	-1
3392	4403470
3393	-1
3394	4405752
3395	-1
3396	4408034
3397	-1
3398	4410316
3399	-1
3400	-1
3401	4412598
3402	-1
3403	4414880
3404	-1
3405	4417162
3406	-1
3407	-1
3408	4419444
3409	-1
3410	4421726
3411	-1
3412	4424008
3413	-1
3414	4426290
3415	-1
3416	-1
3417	4428572
3418	-1
3419	4430854
3420	-1
3421	4433136
3422	-1
3423	-1
3424	4435418
3425	-1
3426	4437700
3427	-1
3428	4439982
3429	-1
3430	4442264
3431	-1
3432	-1
3433	4444546
3434	-1
3435	4446828
3436	-1
3437	4449110
3438	-1
3439	-1
3440	4451392
3441	-1
3442	4453674
3443	-1
3444	4455956
3445	-1
3446	4458238
3447	-1
3448	-1
3449	4460520
3450	-1
3451	4462802
3452	-1
3453	4465084
3454	-1
3455	4467366
3456	-1
3457	-1
3458	4469648
3459	-1
3460	4471930
3461	-1
3462	4474212
3463	-1
3464	-1
3465	4476494
3466	-1
3467	4478776
3468	-1
3469	4481058
3470	-1
3471	4483340
3472	-1
3473	-1
3474	4485622
3475	-1
3476	4487904
3477	-1
3478	4490186
3479	-1
3480	-1
3481	4492468
3482	-1
3483	4494750
3484	-1
3485	4497032
3486	-1
3487	4499314
3488	-1
3489	-1
3490	4501596
3491	-1
3492	4503878
3493	-1
3494	4506160
3495	-1
3496	-1
3497	4508442
3498	-1
3499	4510724
3500	-1
3501	4513006
3502	-1
3503	4515288
3504	-1
3505	-1
3506	4517570
3507	-1
3508	4519852
3509	-1
3510	4522134
3511	-1
3512	-1
3513	4524416
3514	-1
3515	4526698
3516	-1
3517	4528980
3518	-1
3519	4531262
3520	-1
3521	-1
3522	4533544
3523	-1
3524	4535826
3525	-1
3526	4538108
3527	-1
3528	-1
3529	4540390
3530	-1
3531	4542672
3532	-1
3533	4544954
3534	-1
3535	4547236
3536	-1
3537	-1
3538	4549518
3539	-1
3540	4551800
3541	-1
3542	4554082
3543	-1
3544	4556364
3545	-1
3546	-1
3547	4558646
3548	-1
3549	4560928
3550	-1
3551	4563210
3552	-1
3553	-1
3554	4565492
3555	-1
3556	4567774
3557	-1
3558	4570056
3559	-1
3560	4572338
3561	-1
3562	-1
3563	4574620
3564	-1
3565	4576902
3566	-1
3567	4579184
3568	-1
3569	-1
3570	4581466
3571	-1
3572	4583748
3573	-1
3574	4586030
3575	-1
3576	4588312
3577	-1
3578	-1
3579	4590594
3580	-1
3581	4592876
3582	-1
3583	4595158
3584	-1
3585	-1
3586	4597440
3587	-1
3588	4599722
3589	-1
3590	4602004
3591	-1
3592	4604286
3593	-1
3594	-1
3595	4606568
3596	-1
3597	4608850
3598	-1
3599	4611132
3600	-1
3601	-1
3602	4613414
3603	-1
3604	4615696
3605	-1
3606	4617978
3607	-1
3608	4620260
3609	-1
3610	-1
3611	4622542
3612	-1
3613	4624824
3614	-1
3615	4627106
3616	-1
3617	-1
3618	4629388
3619	-1
3620	4631670
3621	-1
3622	4633952
3623	-1
3624	4636234
3625	-1
3626	-1
3627	4638516
3628	-1
3629	4640798
3630	-1
3631	4643080
3632	-1
3633	4645362
3634	-1
3635	-1
3636	4647644
3637	-1
3638	4649926
3639	-1
3640	4652208
3641	-1
3642	-1
3643	4654490
3644	-1
3645	4656772
3646	-1
3647	4659054
3648	-1
3649	4661336
3650	-1
3651	-1
3652	4663618
3653	-1
3654	4665900
3655	-1
3656	4668182
3657	-1
3658	-1
3659	4670464
3660	-1
3661	4672746
3662	-1
3663	4675028
3664	-1
3665	4677310
3666	-1
3667	-1
3668	4679592
3669	-1
3670	4681874
3671	-1
3672	4684156
3673	-1
3674	-1
3675	4686438
3676	-1
3677	4688720
3678	-1
3679	4691002
3680	-1
3681	4693284
3682	-1
3683	-1
3684	4695566
3685	-1
3686	4697848
3687	-1
3688	4700130
3689	-1
3690	-1
3691	4702412
3692	-1
3693	4704694
3694	-1
3695	4706976
3696	-1
3697	4709258
3698	-1
3699	-1
3700	4711540
3701	-1
3702	4713822
3703	-1
3704	4716104
3705	-1
3706	-1
3707	4718386
3708	-1
3709	4720668
3710	-1
3711	4722950
3712	-1
3713	4725232
3714	-1
3715	-1
3716	4727514
3717	-1
3718	4729796
3719	-1
3720	4732078
3721	-1
3722	4734360
3723	-1
3724	-1
3725	4736642
3726	-1
3727	4738924
3728	-1
3729	4741206
3730	-1
3731	-1
3732	4743488
3733	-1
3734	4745770
3735	-1
3736	4748052
3737	-1
3738	4750334
3739	-1
3740	-1
3741	4752616
3742	-1
3743	4754898
3744	-1
3745	4757180
3746	-1
3747	-1
3748	4759462
3749	-1
3750	4761744
3751	-1
3752	4764026
3753	-1
3754	4766308
3755	-1
3756	-1
3757	4768590
3758	-1
3759	4770872
3760	-1
3761	4773154
3762	-1
3763	-1
3764	4775436
3765	-1
3766	4777718
3767	-1
3768	4780000
3769	-1
3770	4782282
3771	-1
3772	-1
3773	4784564
3774	-1
3775	4786846
3776	-1
3777	4789128
3778	-1
3779	-1
3780	4791410
3781	-1
3782	4793692
3783	-1
3784	4795974
3785	-1
3786	4798256
3787	-1
3788	-1
3789	4800538
3790	-1
3791	4802820
3792	-1
3793	4805102
3794	-1
3795	-1
3796	4807384
3797	-1
3798	4809666
3799	-1
3800	4811948
3801	-1
3802	4814230
3803	-1
3804	-1
3805	4816512
3806	-1
3807	4818794
3808	-1
3809	4821076
3810	-1
3811	4823358
3812	-1
3813	-1
3814	4825640
3815	-1
3816	4827922
3817	-1
3818	4830204
3819	-1
3820	-1
3821	4832486
3822	-1
3823	4834768
3824	-1
3825	4837050
3826	-1
3827	4839332
3828	-1
3829	-1
3830	4841614
3831	-1
3832	4843896
3833	-1
3834	4846178
3835	-1
3836	-1
3837	4848460
3838	-1
3839	4850742
3840	-1
3841	4853024
3842	-1
3843	4855306
3844	-1
3845	-1
3846	4857588
3847	-1
3848	4859870
3849	-1
3850	4862152
3851	-1
3852	-1
3853	4864434
3854	-1
3855	4866716
3856	-1
3857	4868998
3858	-1
3859	4871280
3860	-1
3861	-1
3862	4873562
3863	-1
3864	4875844
3865	-1
3866	4878126
3867	-1
3868	-1
3869	4880408
3870	-1
3871	4882690
3872	-1
3873	4884972
3874	-1
3875	4887254
3876	-1
3877	-1
3878	4889536
3879	-1
3880	4891818
3881	-1
3882	4894100
3883	-1
3884	-1
3885	4896382
3886	-1
3887	4898664
3888	-1
3889	4900946
3890	-1
3891	4903228
3892	-1
3893	-1
3894	4905510
3895	-1
3896	4907792
3897	-1
3898	4910074
3899	-1
3900	4912356
3901	-1
3902	-1
3903	4914638
3904	-1
3905	4916920
3906	-1
3907	4919202
3908	-1
3909	-1
3910	4921484
3911	-1
3912	4923766
3913	-1
3914	4926048
3915	-1
3916	4928330
3917	-1
3918	-1
3919	4930612
3920	-1
3921	4932894
3922	-1
3923	4935176
3924	-1
3925	-1
3926	4937458
3927	-1
3928	4939740
3929	-1
3930	4942022
3931	-1
3932	4944304
3933	-1
3934	-1
3935	4946586
3936	-1
3937	4948868
3938	-1
3939	4951150
3940	-1
3941	-1
3942	4953432
3943	-1
3944	4955714
3945	-1
3946	4957996
3947	-1
3948	4960278
3949	-1
3950	-1
3951	4962560
3952	-1
3953	4964842
3954	-1
3955	4967124
3956	-1
3957	-1
3958	4969406
3959	-1
3960	4971688
3961	-1
3962	4973970
3963	-1
3964	4976252
3965	-1
3966	-1
3967	4978534
3968	-1
3969	4980816
3970	-1
3971	4983098
3972	-1
3973	-1
3974	4985380
3975	-1
3976	4987662
3977	-1
3978	4989944
3979	-1
3980	4992226
3981	-1
3982	-1
3983	4994508
3984	-1
3985	4996790
3986	-1
3987	4999072
3988	-1
3989	5001354
3990	-1
3991	-1
3992	5003636
3993	-1
3994	5005918
3995	-1
3996	5008200
3997	-1
3998	-1
3999	5010482
4000	-1
4001	5012764
4002	-1
4003	5015046
4004	-1
4005	5017328
4006	-1
4007	-1
4008	5019610
4009	-1
4010	5021892
4011	-1
4012	5024174
4013	-1
4014	-1
4015	5026456
4016	-1
4017	5028738
4018	-1
4019	5031020
4020	-1
4021	5033302
4022	-1
4023	-1
4024	5035584
4025	-1
4026	5037866
4027	-1
4028	5040148
4029	-1
4030	-1
4031	5042430
4032	-1
4033	5044712
4034	-1
4035	5046994
4036	-1
4037	5049276
4038	-1
4039	-1
4040	5051558
4041	-1
4042	5053840
4043	-1
4044	5056122
4045	-1
4046	-1
4047	5058404
4048	-1
4049	5060686
4050	-1
4051	5062968
4052	-1
4053	5065250
4054	-1
4055	-1
4056	5067532
4057	-1
4058	5069814
4059	-1
4060	5072096
4061	-1
4062	-1
4063	5074378
4064	-1
4065	5076660
4066	-1
4067	5078942
4068	-1
4069	5081224
4070	-1
4071	-1
4072	5083506
4073	-1
4074	5085788
4075	-1
4076	5088070
4077	-1
4078	5090352
4079	-1
4080	-1
4081	5092634
4082	-1
4083	5094916
4084	-1
4085	5097198
4086	-1
4087	-1
4088	5099480
4089	-1
4090	5101762
4091	-1
4092	5104044
4093	-1
4094	5106326
4095	-1
4096	-1
4097	5108608
4098	-1
4099	5110890
4100	-1
4101	5113172
4102	-1
4103	-1
4104	5115454
4105	-1
4106	5117736
4107	-1
4108	5120018
4109	-1
4110	5122300
4111	-1
4112	-1
4113	5124582
4114	-1
4115	5126864
4116	-1
4117	5129146
4118	-1
4119	-1
4120	5131428
4121	-1
4122	5133710
4123	-1
4124	5135992
4125	-1
4126	5138274
4127	-1
4128	-1
4129	5140556
4130	-1
4131	5142838
4132	-1
4133	5145120
4134	-1
4135	-1
4136	5147402
4137	-1
4138	5149684
4139	-1
4140	5151966
4141	-1
4142	5154248
4143	-1
4144	-1
4145	5156530
4146	-1
4147	5158812
4148	-1
4149	5161094
4150	-1
4151	-1
4152	5163376
4153	-1
4154	5165658
4155	-1
4156	5167940
4157	-1
4158	5170222
4159	-1
4160	-1
4161	5172504
4162	-1
4163	5174786
4164	-1
4165	5177068
4166	-1
4167	5179350
4168	-1
4169	-1
4170	5181632
4171	-1
4172	5183914
4173	-1
4174	5186196
4175	-1
4176	-1
4177	5188478
4178	-1
4179	5190760
4180	-1
4181	5193042
4182	-1
4183	5195324
4184	-1
4185	-1
4186	5197606
4187	-1
4188	5199888
4189	-1
4190	5202170
4191	-1
4192	-1
4193	5204452
4194	-1
4195	5206734
4196	-1
4197	5209016
4198	-1
4199	5211298
4200	-1
4201	-1
4202	5213580
4203	-1
4204	5215862
4205	-1
4206	5218144
4207	-1
4208	-1
4209	5220426
4210	-1
4211	5222708
4212	-1
4213	5224990
4214	-1
4215	5227272
4216	-1
4217	-1
4218	5229554
4219	-1
4220	5231836
4221	-1
4222	5234118
4223	-1
4224	-1
4225	5236400
4226	-1
4227	5238682
4228	-1
4229	5240964
4230	-1
4231	5243246
4232	-1
4233	-1
4234	5245528
4235	-1
4236	5247810
4237	-1
4238	5250092
4239	-1
4240	-1
4241	5252374
4242	-1
4243	5254656
4244	-1
4245	5256938
4246	-1
4247	5259220
4248	-1
4249	-1
4250	5261502
4251	-1
4252	5263784
4253	-1
4254	5266066
4255	-1
4256	5268348
4257	-1
4258	-1
4259	5270630
4260	-1
4261	5272912
4262	-1
4263	5275194
4264	-1
4265	-1
4266	5277476
4267	-1
4268	5279758
4269	-1
4270	5282040
4271	-1
4272	5284322
4273	-1
4274	-1
4275	5286604
4276	-1
4277	5288886
4278	-1
4279	5291168
4280	-1
4281	-1
4282	5293450
4283	-1
4284	5295732
4285	-1
4286	5298014
4287	-1
4288	5300296
4289	-1
4290	-1
4291	5302578
4292	-1
4293	5304860
4294	-1
4295	5307142
4296	-1
4297	-1
4298	5309424
4299	-1
4300	5311706
4301	-1
4302	5313988
4303	-1
4304	5316270
4305	-1
4306	-1
4307	5318552
4308	-1
4309	5320834
4310	-1
4311	5323116
4312	-1
4313	-1
4314	5325398
4315	-1
4316	5327680
4317	-1
4318	5329962
4319	-1
4320	5332244
4321	-1
4322	-1
4323	5334526
4324	-1
4325	5336808
4326	-1
4327	5339090
4328	-1
4329	-1
4330	5341372
4331	-1
4332	5343654
4333	-1
4334	5345936
4335	-1
4336	5348218
4337	-1
4338	-1
4339	5350500
4340	-1
4341	5352782
4342	-1
4343	5355064
4344	-1
4345	5357346
4346	-1
4347	-1
4348	5359628
4349	-1
4350	5361910
4351	-1
4352	5364192
4353	-1
4354	-1
4355	5366474
4356	-1
4357	5368756
4358	-1
4359	5371038
4360	-1
4361	5373320
4362	-1
4363	-1
4364	5375602
4365	-1
4366	5377884
4367	-1
4368	5380166
4369	-1
4370	-1
4371	5382448
4372	-1
4373	5384730
4374	-1
4375	5387012
4376	-1
4377	5389294
4378	-1
4379	-1
4380	5391576
4381	-1
4382	5393858
4383	-1
4384	5396140
4385	-1
4386	-1
4387	5398422
4388	-1
4389	5400704
4390	-1
4391	5402986
4392	-1
4393	5405268
4394	-1
4395	-1
4396	5407550
4397	-1
4398	5409832
4399	-1
4400	5412114
4401	-1
4402	-1
4403	5414396
4404	-1
4405	5416678
4406	-1
4407	5418960
4408	-1
4409	5421242
4410	-1
4411	-1
4412	5423524
4413	-1
4414	5425806
4415	-1
4416	5428088
4417	-1
4418	5430370
4419	-1
4420	-1
4421	5432652
4422	-1
4423	5434934
4424	-1
4425	5437216
4426	-1
4427	-1
4428	5439498
4429	-1
4430	5441780
4431	-1
4432	5444062
4433	-1
4434	5446344
4435	-1
4436	-1
4437	5448626
4438	-1
4439	5450908
4440	-1
4441	5453190
4442	-1
4443	-1
4444	5455472
4445	-1
4446	5457754
4447	-1
4448	5460036
4449	-1
4450	5462318
4451	-1
4452	-1
4453	5464600
4454	-1
4455	5466882
4456	-1
4457	5469164
4458	-1
4459	-1
4460	5471446
4461	-1
4462	5473728
4463	-1
4464	5476010
4465	-1
4466	5478292
4467	-1
4468	-1
4469	5480574
4470	-1
4471	5482856
4472	-1
4473	5485138
4474	-1
4475	-1
4476	5487420
4477	-1
4478	5489702
4479	-1
4480	5491984
4481	-1
4482	5494266
4483	-1
4484	-1
4485	5496548
4486	-1
4487	5498830
4488	-1
4489	5501112
4490	-1
4491	-1
4492	5503394
4493	-1
4494	5505676
4495	-1
4496	5507958
4497	-1
4498	5510240
4499	-1
4500	-1
4501	5512522
4502	-1
4503	5514804
4504	-1
4505	5517086
4506	-1
4507	5519368
4508	-1
4509	-1
4510	5521650
4511	-1
4512	5523932
4513	-1
4514	5526214
4515	-1
4516	-1
4517	5528496
4518	-1
4519	5530778
4520	-1
4521	5533060
4522	-1
4523	5535342
4524	-1
4525	-1
4526	5537624
4527	-1
4528	5539906
4529	-1
4530	5542188
4531	-1
4532	-1
4533	5544470
4534	-1
4535	5546752
4536	-1
4537	5549034
4538	-1
4539	5551316
4540	-1
4541	-1
4542	5553598
4543	-1
4544	5555880
4545	-1
4546	5558162
4547	-1
4548	-1
4549	5560444
4550	-1
4551	5562726
4552	-1
4553	5565008
4554	-1
4555	5567290
4556	-1
4557	-1
4558	5569572
4559	-1
4560	5571854
4561	-1
4562	5574136
4563	-1
4564	-1
4565	5576418
4566	-1
4567	5578700
4568	-1
4569	5580982
4570	-1
4571	5583264
4572	-1
4573	-1
4574	5585546
4575	-1
4576	5587828
4577	-1
4578	5590110
4579	-1
4580	-1
4581	5592392
4582	-1
4583	5594674
4584	-1
4585	5596956
4586	-1
4587	5599238
4588	-1
4589	-1
4590	5601520
4591	-1
4592	5603802
4593	-1
4594	5606084
4595	-1
4596	5608366
4597	-1
4598	-1
4599	5610648
4600	-1
4601	5612930
4602	-1
4603	5615212
4604	-1
4605	-1
4606	5617494
4607	-1
4608	5619776
4609	-1
4610	5622058
4611	-1
4612	5624340
4613	-1
4614	-1
4615	5626622
4616	-1
4617	5628904
4618	-1
4619	5631186
4620	-1
4621	-1
4622	5633468
4623	-1
4624	5635750
4625	-1
4626	5638032
4627	-1
4628	5640314
4629	-1
4630	-1
4631	5642596
4632	-1
4633	5644878
4634	-1
4635	5647160
4636	-1
4637	-1
4638	5649442
4639	-1
4640	5651724
4641	-1
4642	5654006
4643	-1
4644	5656288
4645	-1
4646	-1
4647	5658570
4648	-1
4649	5660852
4650	-1
4651	5663134
4652	-1
4653	-1
4654	5665416
4655	-1
4656	5667698
4657	-1
4658	5669980
4659	-1
4660	5672262
4661	-1
4662	-1
4663	5674544
4664	-1
4665	5676826
4666	-1
4667	5679108
4668	-1
4669	-1
4670	5681390
4671	-1
4672	5683672
4673	-1
4674	5685954
4675	-1
4676	5688236
4677	-1
4678	-1
4679	5690518
4680	-1
4681	5692800
4682	-1
4683	5695082
4684	-1
4685	5697364
4686	-1
4687	-1
4688	5699646
4689	-1
4690	5701928
4691	-1
4692	5704210
4693	-1
4694	-1
4695	5706492
4696	-1
4697	5708774
4698	-1
4699	5711056
4700	-1
4701	5713338
4702	-1
4703	-1
4704	5715620
4705	-1
4706	5717902
4707	-1
4708	5720184
4709	-1
4710	-1
4711	5722466
4712	-1
4713	5724748
4714	-1
4715	5727030
4716	-1
4717	5729312
4718	-1
4719	-1
4720	5731594
4721	-1
4722	5733876
4723	-1
4724	5736158
4725	-1
4726	-1
4727	5738440
4728	-1
4729	5740722
4730	-1
4731	5743004
4732	-1
4733	5745286
4734	-1
4735	-1
4736	5747568
4737	-1
4738	5749850
4739	-1
4740	5752132
4741	-1
4742	-1
4743	5754414
4744	-1
4745	5756696
4746	-1
4747	5758978
4748	-1
4749	5761260
4750	-1
4751	-1
4752	5763542
4753	-1
4754	5765824
4755	-1
4756	5768106
4757	-1
4758	-1
4759	5770388
4760	-1
4761	5772670
4762	-1
4763	5774952
4764	-1
4765	5777234
4766	-1
4767	-1
4768	5779516
4769	-1
4770	5781798
4771	-1
4772	5784080
4773	-1
4774	5786362
4775	-1
4776	-1
4777	5788644
4778	-1
4779	5790926
4780	-1
4781	5793208
4782	-1
4783	-1
4784	5795490
4785	-1
4786	5797772
4787	-1
4788	5800054
4789	-1
4790	5802336
4791	-1
4792	-1
4793	5804618
4794	-1
4795	5806900
4796	-1
4797	5809182
4798	-1
4799	-1
4800	5811464
4801	-1
4802	5813746
4803	-1
4804	5816028
4805	-1
4806	5818310
4807	-1
4808	-1
4809	5820592
4810	-1
4811	5822874
4812	-1
4813	5825156
4814	-1
4815	-1
4816	5827438
4817	-1
4818	5829720
4819	-1
4820	5832002
4821	-1
4822	5834284
4823	-1
4824	-1
4825	5836566
4826	-1
4827	5838848
4828	-1
4829	5841130
4830	-1
4831	-1
4832	5843412
4833	-1
4834	5845694
4835	-1
4836	5847976
4837	-1
4838	5850258
4839	-1
4840	-1
4841	5852540
4842	-1
4843	5854822
4844	-1
4845	5857104
4846	-1
4847	-1
4848	5859386
4849	-1
4850	5861668
4851	-1
4852	5863950
4853	-1
4854	5866232
4855	-1
4856	-1
4857	5868514
4858	-1
4859	5870796
4860	-1
4861	5873078
4862	-1
4863	5875360
4864	-1
4865	-1
4866	5877642
4867	-1
4868	5879924
4869	-1
4870	5882206
4871	-1
4872	-1
4873	5884488
4874	-1
4875	5886770
4876	-1
4877	5889052
4878	-1
4879	5891334
4880	-1
4881	-1
4882	5893616
4883	-1
4884	5895898
4885	-1
4886	5898180
4887	-1
4888	-1
4889	5900462
4890	-1
4891	5902744
4892	-1
4893	5905026
4894	-1
4895	5907308
4896	-1
4897	-1
4898	5909590
4899	-1
4900	5911872
4901	-1
4902	5914154
4903	-1
4904	-1
4905	5916436
4906	-1
4907	5918718
4908	-1
4909	5921000
4910	-1
4911	5923282
4912	-1
4913	-1
4914	5925564
4915	-1
4916	5927846
4917	-1
4918	5930128
4919	-1
4920	-1
4921	5932410
4922	-1
4923	5934692
4924	-1
4925	5936974
4926	-1
4927	5939256
4928	-1
4929	-1
4930	5941538
4931	-1
4932	5943820
4933	-1
4934	5946102
4935	-1
4936	-1
4937	5948384
4938	-1
4939	5950666
4940	-1
4941	5952948
4942	-1
4943	5955230
4944	-1
4945	-1
4946	5957512
4947	-1
4948	5959794
4949	-1
4950	5962076
4951	-1
4952	5964358
4953	-1
4954	-1
4955	5966640
4956	-1
4957	5968922
4958	-1
4959	5971204
4960	-1
4961	-1
4962	5973486
4963	-1
4964	5975768
4965	-1
4966	5978050
4967	-1
4968	5980332
4969	-1
4970	-1
4971	5982614
4972	-1
4973	5984896
4974	-1
4975	5987178
4976	-1
4977	-1
4978	5989460
4979	-1
4980	5991742
4981	-1
4982	5994024
4983	-1
4984	5996306
4985	-1
4986	-1
4987	5998588
4988	-1
4989	6000870
4990	-1
4991	6003152
4992	-1
4993	-1
4994	6005434
4995	-1
4996	6007716
4997	-1
4998	6009998
4999	-1
5000	6012280
5001	-1
5002	-1
5003	6014562
5004	-1
5005	6016844
5006	-1
5007	6019126
5008	-1
5009	-1
5010	6021408
5011	-1
5012	6023690
5013	-1
5014	6025972
5015	-1
5016	6028254
5017	-1
5018	-1
5019	6030536
5020	-1
5021	6032818
5022	-1
5023	6035100
5024	-1
5025	-1
5026	6037382
5027	-1
5028	6039664
5029	-1
5030	6041946
5031	-1
5032	6044228
5033	-1
5034	-1
5035	6046510
5036	-1
5037	6048792
5038	-1
5039	6051074
5040	-1
5041	6053356
5042	-1
5043	-1
5044	6055638
5045	-1
5046	6057920
5047	-1
5048	6060202
5049	-1
5050	-1
5051	6062484
5052	-1
5053	6064766
5054	-1
5055	6067048
5056	-1
5057	6069330
5058	-1
5059	-1
5060	6071612
5061	-1
5062	6073894
5063	-1
5064	6076176
5065	-1
5066	-1
5067	6078458
5068	-1
5069	6080740
5070	-1
5071	6083022
5072	-1
5073	6085304
5074	-1
5075	-1
5076	6087586
5077	-1
5078	6089868
5079	-1
5080	6092150
5081	-1
5082	-1
5083	6094432
5084	-1
5085	6096714
5086	-1
5087	6098996
5088	-1
5089	6101278
5090	-1
5091	-1
5092	6103560
5093	-1
5094	6105842
5095	-1
5096	6108124
5097	-1
5098	-1
5099	6110406
5100	-1
5101	6112688
5102	-1
5103	6114970
5104	-1
5105	6117252
5106	-1
5107	-1
5108	6119534
5109	-1
5110	6121816
5111	-1
5112	6124098
5113	-1
5114	-1
5115	6126380
5116	-1
5117	6128662
5118	-1
5119	6130944
5120	-1
5121	6133226
5122	-1
5123	-1
5124	6135508
5125	-1
5126	6137790
5127	-1
5128	6140072
5129	-1
5130	6142354
5131	-1
5132	-1
5133	6144636
5134	-1
5135	6146918
5136	-1
5137	6149200
5138	-1
5139	-1
5140	6151482
5141	-1
5142	6153764
5143	-1
5144	6156046
5145	-1
5146	6158328
5147	-1
5148	-1
5149	6160610
5150	-1
5151	6162892
5152	-1
5153	6165174
5154	-1
5155	-1
5156	6167456
5157	-1
5158	6169738
5159	-1
5160	6172020
5161	-1
5162	6174302
5163	-1
5164	-1
5165	6176584
5166	-1
5167	6178866
5168	-1
5169	6181148
5170	-1
5171	-1
5172	6183430
5173	-1
5174	6185712
5175	-1
5176	6187994
5177	-1
5178	6190276
5179	-1
5180	-1
5181	6192558
5182	-1
5183	6194840
5184	-1
5185	6197122
5186	-1
5187	-1
5188	6199404
5189	-1
5190	6201686
5191	-1
5192	6203968
5193	-1
5194	6206250
5195	-1
5196	-1
5197	6208532
5198	-1
5199	6210814
5200	-1
5201	6213096
5202	-1
5203	-1
5204	6215378
5205	-1
5206	6217660
5207	-1
5208	6219942
5209	-1
5210	6222224
5211	-1
5212	-1
5213	6224506
5214	-1
5215	6226788
5216	-1
5217	6229070
5218	-1
5219	6231352
5220	-1
5221	-1
5222	6233634
5223	-1
5224	6235916
5225	-1
5226	6238198
5227	-1
5228	-1
5229	6240480
5230	-1
5231	6242762
5232	-1
5233	6245044
5234	-1
5235	6247326
5236	-1
5237	-1
5238	6249608
5239	-1
5240	6251890
5241	-1
5242	6254172
5243	-1
5244	-1
5245	6256454
5246	-1
5247	6258736
5248	-1
5249	6261018
5250	-1
5251	6263300
5252	-1
5253	-1
5254	6265582
5255	-1
5256	6267864
5257	-1
5258	6270146
5259	-1
5260	-1
5261	6272428
5262	-1
5263	6274710
5264	-1
5265	6276992
5266	-1
5267	6279274
5268	-1
5269	-1
5270	6281556
5271	-1
5272	6283838
5273	-1
5274	6286120
5275	-1
5276	-1
5277	6288402
5278	-1
5279	6290684
5280	-1
5281	6292966
5282	-1
5283	6295248
5284	-1
5285	-1
5286	6297530
5287	-1
5288	6299812
5289	-1
5290	6302094
5291	-1
5292	-1
5293	6304376
5294	-1
5295	6306658
5296	-1
5297	6308940
5298	-1
5299	6311222
5300	-1
5301	-1
5302	6313504
5303	-1
5304	6315786
5305	-1
5306	6318068
5307	-1
5308	6320350
5309	-1
5310	-1
5311	6322632
5312	-1
5313	6324914
5314	-1
5315	6327196
5316	-1
5317	-1
5318	6329478
5319	-1
5320	6331760
5321	-1
5322	6334042
5323	-1
5324	6336324
5325	-1
5326	-1
5327	6338606
5328	-1
5329	6340888
5330	-1
5331	6343170
5332	-1
5333	-1
5334	6345452
5335	-1
5336	6347734
5337	-1
5338	6350016
5339	-1
5340	6352298
5341	-1
5342	-1
5343	6354580
5344	-1
5345	6356862
5346	-1
5347	6359144
5348	-1
5349	-1
5350	6361426
5351	-1
5352	6363708
5353	-1
5354	6365990
5355	-1
5356	6368272
5357	-1
5358	-1
5359	6370554
5360	-1
5361	6372836
5362	-1
5363	6375118
5364	-1
5365	-1
5366	6377400
5367	-1
5368	6379682
5369	-1
5370	6381964
5371	-1
5372	6384246
5373	-1
5374	-1
5375	6386528
5376	-1
5377	6388810
5378	-1
5379	6391092
5380	-1
5381	-1
5382	6393374
5383	-1
5384	6395656
5385	-1
5386	6397938
5387	-1
5388	6400220
5389	-1
5390	-1
5391	6402502
5392	-1
5393	6404784
5394	-1
5395	6407066
5396	-1
5397	6409348
5398	-1
5399	-1
5400	6411630
5401	-1
5402	6413912
5403	-1
5404	6416194
5405	-1
5406	-1
5407	6418476
5408	-1
5409	6420758
5410	-1
5411	6423040
5412	-1
5413	6425322
5414	-1
5415	-1
5416	6427604
5417	-1
5418	6429886
5419	-1
5420	6432168
5421	-1
5422	-1
5423	6434450
5424	-1
5425	6436732
5426	-1
5427	6439014
5428	-1
5429	6441296
5430	-1
5431	-1
5432	6443578
5433	-1
5434	6445860
5435	-1
5436	6448142
5437	-1
5438	-1
5439	6450424
5440	-1
5441	6452706
5442	-1
5443	6454988
5444	-1
5445	6457270
5446	-1
5447	-1
5448	6459552
5449	-1
5450	6461834
5451	-1
5452	6464116
5453	-1
5454	-1
5455	6466398
5456	-1
5457	6468680
5458	-1
5459	6470962
5460	-1
5461	6473244
5462	-1
5463	-1
5464	6475526
5465	-1
5466	6477808
5467	-1
5468	6480090
5469	-1
5470	-1
5471	6482372
5472	-1
5473	6484654
5474	-1
5475	6486936
5476	-1
5477	6489218
5478	-1
5479	-1
5480	6491500
5481	-1
5482	6493782
5483	-1
5484	6496064
5485	-1
5486	6498346
5487	-1
5488	-1
5489	6500628
5490	-1
5491	6502910
5492	-1
5493	6505192
5494	-1
5495	-1
5496	6507474
5497	-1
5498	6509756
5499	-1
5500	6512038
5501	-1
5502	6514320
5503	-1
5504	-1
5505	6516602
5506	-1
5507	6518884
5508	-1
5509	6521166
5510	-1
5511	-1
5512	6523448
5513	-1
5514	6525730
5515	-1
5516	6528012
5517	-1
5518	6530294
5519	-1
5520	-1
5521	6532576
5522	-1
5523	6534858
5524	-1
5525	6537140
5526	-1
5527	-1
5528	6539422
5529	-1
5530	6541704
5531	-1
5532	6543986
5533	-1
5534	6546268
5535	-1
5536	-1
5537	6548550
5538	-1
5539	6550832
5540	-1
5541	6553114
5542	-1
5543	-1
5544	6555396
5545	-1
5546	6557678
5547	-1
5548	6559960
5549	-1
5550	6562242
5551	-1
5552	-1
5553	6564524
5554	-1
5555	6566806
5556	-1
5557	6569088
5558	-1
5559	6571370
5560	-1
5561	-1
5562	6573652
5563	-1
5564	6575934
5565	-1
5566	6578216
5567	-1
5568	-1
5569	6580498
5570	-1
5571	6582780
5572	-1
5573	6585062
5574	-1
5575	6587344
5576	-1
5577	-1
5578	6589626
5579	-1
5580	6591908
5581	-1
5582	6594190
5583	-1
5584	-1
5585	6596472
5586	-1
5587	6598754
5588	-1
5589	6601036
5590	-1
5591	6603318
5592	-1
5593	-1
5594	6605600
5595	-1
5596	6607882
5597	-1
5598	6610164
5599	-1
5600	-1
5601	6612446
5602	-1
5603	6614728
5604	-1
5605	6617010
5606	-1
5607	6619292
5608	-1
5609	-1
5610	6621574
5611	-1
5612	6623856
5613	-1
5614	6626138
5615	-1
5616	-1
5617	6628420
5618	-1
5619	6630702
5620	-1
5621	6632984
5622	-1
5623	6635266
5624	-1
5625	-1
5626	6637548
5627	-1
5628	6639830
5629	-1
5630	6642112
5631	-1
5632	-1
5633	6644394
5634	-1
5635	6646676
5636	-1
5637	6648958
5638	-1
5639	6651240
5640	-1
5641	-1
5642	6653522
5643	-1
5644	6655804
5645	-1
5646	6658086
5647	-1
5648	6660368
5649	-1
5650	-1
5651	6662650
5652	-1
5653	6664932
5654	-1
5655	6667214
5656	-1
5657	-1
5658	6669496
5659	-1
5660	6671778
5661	-1
5662	6674060
5663	-1
5664	6676342
5665	-1
5666	-1
5667	6678624
5668	-1
5669	6680906
5670	-1
5671	6683188
5672	-1
5673	-1
5674	6685470
5675	-1
5676	6687752
5677	-1
5678	6690034
5679	-1
5680	6692316
5681	-1
5682	-1
5683	6694598
5684	-1
5685	6696880
5686	-1
5687	6699162
5688	-1
5689	-1
5690	6701444
5691	-1
5692	6703726
5693	-1
5694	6706008
5695	-1
5696	6708290
5697	-1
5698	-1
5699	6710572
5700	-1
5701	6712854
5702	-1
5703	6715136
5704	-1
5705	-1
5706	6717418
5707	-1
5708	6719700
5709	-1
5710	6721982
5711	-1
5712	6724264
5713	-1
5714	-1
5715	6726546
5716	-1
5717	6728828
5718	-1
5719	6731110
5720	-1
5721	-1
5722	6733392
5723	-1
5724	6735674
5725	-1
5726	6737956
5727	-1
5728	6740238
5729	-1
5730	-1
5731	6742520
5732	-1
5733	6744802
5734	-1
5735	6747084
5736	-1
5737	6749366
5738	-1
5739	-1
5740	6751648
5741	-1
5742	6753930
5743	-1
5744	6756212
5745	-1
5746	-1
5747	6758494
5748	-1
5749	6760776
5750	-1
5751	6763058
5752	-1
5753	6765340
5754	-1
5755	-1
5756	6767622
5757	-1
5758	6769904
5759	-1
5760	6772186
5761	-1
5762	-1
5763	6774468
5764	-1
5765	6776750
5766	-1
5767	6779032
5768	-1
5769	6781314
5770	-1
5771	-1
5772	6783596
5773	-1
5774	6785878
5775	-1
5776	6788160
5777	-1
5778	-1
5779	6790442
5780	-1
5781	6792724
5782	-1
5783	6795006
5784	-1
5785	6797288
5786	-1
5787	-1
5788	6799570
5789	-1
5790	6801852
5791	-1
5792	6804134
5793	-1
5794	-1
5795	6806416
5796	-1
5797	6808698
5798	-1
5799	6810980
5800	-1
5801	6813262
5802	-1
5803	-1
5804	6815544
5805	-1
5806	6817826
5807	-1
5808	6820108
5809	-1
5810	-1
5811	6822390
5812	-1
5813	6824672
5814	-1
5815	6826954
5816	-1
5817	6829236
5818	-1
5819	-1
5820	6831518
5821	-1
5822	6833800
5823	-1
5824	6836082
5825	-1
5826	6838364
5827	-1
5828	-1
5829	6840646
5830	-1
5831	6842928
5832	-1
5833	6845210
5834	-1
5835	-1
5836	6847492
5837	-1
5838	6849774
5839	-1
5840	6852056
5841	-1
5842	6854338
5843	-1
5844	-1
5845	6856620
5846	-1
5847	6858902
5848	-1
5849	6861184
5850	-1
5851	-1
5852	6863466
5853	-1
5854	6865748
5855	-1
5856	6868030
5857	-1
5858	6870312
5859	-1
5860	-1
5861	6872594
5862	-1
5863	6874876
5864	-1
5865	6877158
5866	-1
5867	-1
5868	6879440
5869	-1
5870	6881722
5871	-1
5872	6884004
5873	-1
5874	6886286
5875	-1
5876	-1
5877	6888568
5878	-1
5879	6890850
5880	-1
5881	6893132
5882	-1
5883	-1
5884	6895414
5885	-1
5886	6897696
5887	-1
5888	6899978
5889	-1
5890	6902260
5891	-1
5892	-1
5893	6904542
5894	-1
5895	6906824
5896	-1
5897	6909106
5898	-1
5899	-1
5900	6911388
5901	-1
5902	6913670
5903	-1
5904	6915952
5905	-1
5906	6918234
5907	-1
5908	-1
5909	6920516
5910	-1
5911	6922798
5912	-1
5913	6925080
5914	-1
5915	6927362
5916	-1
5917	-1
5918	6929644
5919	-1
5920	6931926
5921	-1
5922	6934208
5923	-1
5924	-1
5925	6936490
5926	-1
5927	6938772
5928	-1
5929	6941054
5930	-1
5931	6943336
5932	-1
5933	-1
5934	6945618
5935	-1
5936	6947900
5937	-1
5938	6950182
5939	-1
5940	-1
5941	6952464
5942	-1
5943	6954746
5944	-1
5945	6957028
5946	-1
5947	6959310
5948	-1
5949	-1
5950	6961592
5951	-1
5952	6963874
5953	-1
5954	6966156
5955	-1
5956	-1
5957	6968438
5958	-1
5959	6970720
5960	-1
5961	6973002
5962	-1
5963	6975284
5964	-1
5965	-1
5966	6977566
5967	-1
5968	6979848
5969	-1
5970	6982130
5971	-1
5972	-1
5973	6984412
5974	-1
5975	6986694
5976	-1
5977	6988976
5978	-1
5979	6991258
5980	-1
5981	-1
5982	6993540
5983	-1
5984	6995822
5985	-1
5986	6998104
5987	-1
5988	-1
5989	7000386
5990	-1
5991	7002668
5992	-1
5993	7004950
5994	-1
5995	7007232
5996	-1
5997	-1
5998	7009514
5999	-1
6000	7011796
6001	-1
6002	7014078
6003	-1
6004	7016360
6005	-1
6006	-1
6007	7018642
6008	-1
6009	7020924
6010	-1
6011	7023206
6012	-1
6013	-1
6014	7025488
6015	-1
6016	7027770
6017	-1
6018	7030052
6019	-1
6020	7032334
6021	-1
6022	-1
6023	7034616
6024	-1
6025	7036898
6026	-1
6027	7039180
6028	-1
6029	-1
6030	7041462
6031	-1
6032	7043744
6033	-1
6034	7046026
6035	-1
6036	7048308
6037	-1
6038	-1
6039	7050590
6040	-1
6041	7052872
6042	-1
6043	7055154
6044	-1
6045	-1
6046	7057436
6047	-1
6048	7059718
6049	-1
6050	7062000
6051	-1
6052	7064282
6053	-1
6054	-1
6055	7066564
6056	-1
6057	7068846
6058	-1
6059	7071128
6060	-1
6061	-1
6062	7073410
6063	-1
6064	7075692
6065	-1
6066	7077974
6067	-1
6068	7080256
6069	-1
6070	-1
6071	7082538
6072	-1
6073	7084820
6074	-1
6075	7087102
6076	-1
6077	-1
6078	7089384
6079	-1
6080	7091666
6081	-1
6082	7093948
6083	-1
6084	7096230
6085	-1
6086	-1
6087	7098512
6088	-1
6089	7100794
6090	-1
6091	7103076
6092	-1
6093	7105358
6094	-1
6095	-1
6096	7107640
6097	-1
6098	7109922
6099	-1
6100	7112204
6101	-1
6102	-1
6103	7114486
6104	-1
6105	7116768
6106	-1
6107	7119050
6108	-1
6109	7121332
6110	-1
6111	-1
6112	7123614
6113	-1
6114	7125896
6115	-1
6116	7128178
6117	-1
6118	-1
6119	7130460
6120	-1
6121	7132742
6122	-1
6123	7135024
6124	-1
6125	7137306
6126	-1
6127	-1
6128	7139588
6129	-1
6130	7141870
6131	-1
6132	7144152
6133	-1
6134	-1
6135	7146434
6136	-1
6137	7148716
6138	-1
6139	7150998
6140	-1
6141	7153280
6142	-1
6143	-1
6144	7155562
6145	-1
6146	7157844
6147	-1
6148	7160126
6149	-1
6150	-1
6151	7162408
6152	-1
6153	7164690
6154	-1
6155	7166972
6156	-1
6157	7169254
6158	-1
6159	-1
6160	7171536
6161	-1
6162	7173818
6163	-1
6164	7176100
6165	-1
6166	-1
6167	7178382
6168	-1
6169	7180664
6170	-1
6171	7182946
6172	-1
6173	7185228
6174	-1
6175	-1
6176	7187510
6177	-1
6178	7189792
6179	-1
6180	7192074
6181	-1
6182	7194356
6183	-1
6184	-1
6185	7196638
6186	-1
6187	7198920
6188	-1
6189	7201202
6190	-1
6191	-1
6192	7203484
6193	-1
6194	7205766
6195	-1
6196	7208048
6197	-1
6198	7210330
6199	-1
6200	-1
6201	7212612
6202	-1
6203	7214894
6204	-1
6205	7217176
6206	-1
6207	-1
6208	7219458
6209	-1
6210	7221740
6211	-1
6212	7224022
6213	-1
6214	7226304
6215	-1
6216	-1
6217	7228586
6218	-1
6219	7230868
6220	-1
6221	7233150
6222	-1
6223	-1
6224	7235432
6225	-1
6226	7237714
6227	-1
6228	7239996
6229	-1
6230	7242278
6231	-1
6232	-1
6233	7244560
6234	-1
6235	7246842
6236	-1
6237	7249124
6238	-1
6239	-1
6240	7251406
6241	-1
6242	7253688
6243	-1
6244	7255970
6245	-1
6246	7258252
6247	-1
6248	-1
6249	7260534
6250	-1
6251	7262816
6252	-1
6253	7265098
6254	-1
6255	-1
6256	7267380
6257	-1
6258	7269662
6259	-1
6260	7271944
6261	-1
6262	7274226
6263	-1
6264	-1
6265	7276508
6266	-1
6267	7278790
6268	-1
6269	7281072
6270	-1
6271	7283354
6272	-1
6273	-1
6274	7285636
6275	-1
6276	7287918
6277	-1
6278	7290200
6279	-1
6280	-1
6281	7292482
6282	-1
6283	7294764
6284	-1
6285	7297046
6286	-1
6287	7299328
6288	-1
6289	-1
6290	7301610
6291	-1
6292	7303892
6293	-1
6294	7306174
6295	-1
6296	-1
6297	7308456
6298	-1
6299	7310738
6300	-1
6301	7313020
6302	-1
6303	7315302
6304	-1
6305	-1
6306	7317584
6307	-1
6308	7319866
6309	-1
6310	7322148
6311	-1
6312	-1
6313	7324430
6314	-1
6315	7326712
6316	-1
6317	7328994
6318	-1
6319	7331276
6320	-1
6321	-1
6322	7333558
6323	-1
6324	7335840
6325	-1
6326	7338122
6327	-1
6328	-1
6329	7340404
6330	-1
6331	7342686
6332	-1
6333	7344968
6334	-1
6335	7347250
6336	-1
6337	-1
6338	7349532
6339	-1
6340	7351814
6341	-1
6342	7354096
6343	-1
6344	-1
6345	7356378
6346	-1
6347	7358660
6348	-1
6349	7360942
6350	-1
6351	7363224
6352	-1
6353	-1
6354	7365506
6355	-1
6356	7367788
6357	-1
6358	7370070
6359	-1
6360	7372352
6361	-1
6362	-1
6363	7374634
6364	-1
6365	7376916
6366	-1
6367	7379198
6368	-1
6369	-1
6370	7381480
6371	-1
6372	7383762
6373	-1
6374	7386044
6375	-1
6376	7388326
6377	-1
6378	-1
6379	7390608
6380	-1
6381	7392890
6382	-1
6383	7395172
6384	-1
6385	-1
6386	7397454
6387	-1
6388	7399736
6389	-1
6390	7402018
6391	-1
6392	7404300
6393	-1
6394	-1
6395	7406582
6396	-1
6397	7408864
6398	-1
6399	7411146
6400	-1
6401	-1
6402	7413428
6403	-1
6404	7415710
6405	-1
6406	7417992
6407	-1
6408	7420274
6409	-1
6410	-1
6411	7422556
6412	-1
6413	7424838
6414	-1
6415	7427120
6416	-1
6417	-1
6418	7429402
6419	-1
6420	7431684
6421	-1
6422	7433966
6423	-1
6424	7436248
6425	-1
6426	-1
6427	7438530
6428	-1
6429	7440812
6430	-1
6431	7443094
6432	-1
6433	-1
6434	7445376
6435	-1
6436	7447658
6437	-1
6438	7449940
6439	-1
6440	7452222
6441	-1
6442	-1
6443	7454504
6444	-1
6445	7456786
6446	-1
6447	7459068
6448	-1
6449	7461350
6450	-1
6451	-1
6452	7463632
6453	-1
6454	7465914
6455	-1
6456	7468196
6457	-1
6458	-1
6459	7470478
6460	-1
6461	7472760
6462	-1
6463	7475042
6464	-1
6465	7477324
6466	-1
6467	-1
6468	7479606
6469	-1
6470	7481888
6471	-1
6472	7484170
6473	-1
6474	-1
6475	7486452
6476	-1
6477	7488734
6478	-1
6479	7491016
6480	-1
6481	7493298
6482	-1
6483	-1
6484	7495580
6485	-1
6486	7497862
6487	-1
6488	7500144
6489	-1
6490	-1
6491	7502426
6492	-1
6493	7504708
6494	-1
6495	7506990
6496	-1
6497	7509272
6498	-1
6499	-1
6500	7511554
6501	-1
6502	7513836
6503	-1
6504	7516118
6505	-1
6506	-1
6507	7518400
6508	-1
6509	7520682
6510	-1
6511	7522964
6512	-1
6513	7525246
6514	-1
6515	-1
6516	7527528
6517	-1
6518	7529810
6519	-1
6520	7532092
6521	-1
6522	-1
6523	7534374
6524	-1
6525	7536656
6526	-1
6527	7538938
6528	-1
6529	7541220
6530	-1
6531	-1
6532	7543502
6533	-1
6534	7545784
6535	-1
6536	7548066
6537	-1
6538	7550348
6539	-1
6540	-1
6541	7552630
6542	-1
6543	7554912
6544	-1
6545	7557194
6546	-1
6547	-1
6548	7559476
6549	-1
6550	7561758
6551	-1
6552	7564040
6553	-1
6554	7566322
6555	-1
6556	-1
6557	7568604
6558	-1
6559	7570886
6560	-1
6561	7573168
6562	-1
6563	-1
6564	7575450
6565	-1
6566	7577732
6567	-1
6568	7580014
6569	-1
6570	7582296
6571	-1
6572	-1
6573	7584578
6574	-1
6575	7586860
6576	-1
6577	7589142
6578	-1
6579	-1
6580	7591424
6581	-1
6582	7593706
6583	-1
6584	7595988
6585	-1
6586	7598270
6587	-1
6588	-1
6589	7600552
6590	-1
6591	7602834
6592	-1
6593	7605116
6594	-1
6595	-1
6596	7607398
6597	-1
6598	7609680
6599	-1
6600	7611962
6601	-1
6602	7614244
6603	-1
6604	-1
6605	7616526
6606	-1
6607	7618808
6608	-1
6609	7621090
6610	-1
6611	-1
6612	7623372
6613	-1
6614	7625654
6615	-1
6616	7627936
6617	-1
6618	7630218
6619	-1
6620	-1
6621	7632500
6622	-1
6623	7634782
6624	-1
6625	7637064
6626	-1
6627	7639346
6628	-1
6629	-1
6630	7641628
6631	-1
6632	7643910
6633	-1
6634	7646192
6635	-1
6636	-1
6637	7648474
6638	-1
6639	7650756
6640	-1
6641	7653038
6642	-1
6643	7655320
6644	-1
6645	-1
6646	7657602
6647	-1
6648	7659884
6649	-1
6650	7662166
6651	-1
6652	-1
6653	7664448
6654	-1
6655	7666730
6656	-1
6657	7669012
6658	-1
6659	7671294
6660	-1
6661	-1
6662	7673576
6663	-1
6664	7675858
6665	-1
6666	7678140
6667	-1
6668	-1
6669	7680422
6670	-1
6671	7682704
6672	-1
6673	7684986
6674	-1
6675	7687268
6676	-1
6677	-1
6678	7689550
6679	-1
6680	7691832
6681	-1
6682	7694114
6683	-1
6684	-1
6685	7696396
6686	-1
6687	7698678
6688	-1
6689	7700960
6690	-1
6691	7703242
6692	-1
6693	-1
6694	7705524
6695	-1
6696	7707806
6697	-1
6698	7710088
6699	-1
6700	7712370
6701	-1
6702	-1
6703	7714652
6704	-1
6705	7716934
6706	-1
6707	7719216
6708	-1
6709	-1
6710	7721498
6711	-1
6712	7723780
6713	-1
6714	7726062
6715	-1
6716	7728344
6717	-1
6718	-1
6719	7730626
6720	-1
6721	7732908
6722	-1
6723	7735190
6724	-1
6725	-1
6726	7737472
6727	-1
6728	7739754
6729	-1
6730	7742036
6731	-1
6732	7744318
6733	-1
6734	-1
6735	7746600
6736	-1
6737	7748882
6738	-1
6739	7751164
6740	-1
6741	-1
6742	7753446
6743	-1
6744	7755728
6745	-1
6746	7758010
6747	-1
6748	7760292
6749	-1
6750	-1
6751	7762574
6752	-1
6753	7764856
6754	-1
6755	7767138
6756	-1
6757	-1
6758	7769420
6759	-1
6760	7771702
6761	-1
6762	7773984
6763	-1
6764	7776266
6765	-1
6766	-1
6767	7778548
6768	-1
6769	7780830
6770	-1
6771	7783112
6772	-1
6773	-1
6774	7785394
6775	-1
6776	7787676
6777	-1
6778	7789958
6779	-1
6780	7792240
6781	-1
6782	-1
6783	7794522
6784	-1
6785	7796804
6786	-1
6787	7799086
6788	-1
6789	7801368
6790	-1
6791	-1
6792	7803650
6793	-1
6794	7805932
6795	-1
6796	7808214
6797	-1
6798	-1
6799	7810496
6800	-1
6801	7812778
6802	-1
6803	7815060
6804	-1
6805	7817342
6806	-1
6807	-1
6808	7819624
6809	-1
6810	7821906
6811	-1
6812	7824188
6813	-1
6814	-1
6815	7826470
6816	-1
6817	7828752
6818	-1
6819	7831034
6820	-1
6821	7833316
6822	-1
6823	-1
6824	7835598
6825	-1
6826	7837880
6827	-1
6828	7840162
6829	-1
6830	-1
6831	7842444
6832	-1
6833	7844726
6834	-1
6835	7847008
6836	-1
6837	7849290
6838	-1
6839	-1
6840	7851572
6841	-1
6842	7853854
6843	-1
6844	7856136
6845	-1
6846	-1
6847	7858418
6848	-1
6849	7860700
6850	-1
6851	7862982
6852	-1
6853	7865264
6854	-1
6855	-1
6856	7867546
6857	-1
6858	7869828
6859	-1
6860	7872110
6861	-1
6862	-1
6863	7874392
6864	-1
6865	7876674
6866	-1
6867	7878956
6868	-1
6869	7881238
6870	-1
6871	-1
6872	7883520
6873	-1
6874	7885802
6875	-1
6876	7888084
6877	-1
6878	7890366
6879	-1
6880	-1
6881	7892648
6882	-1
6883	7894930
6884	-1
6885	7897212
6886	-1
6887	-1
6888	7899494
6889	-1
6890	7901776
6891	-1
6892	7904058
6893	-1
6894	7906340
6895	-1
6896	-1
6897	7908622
6898	-1
6899	7910904
6900	-1
6901	7913186
6902	-1
6903	-1
6904	7915468
6905	-1
6906	7917750
6907	-1
6908	7920032
6909	-1
6910	7922314
6911	-1
6912	-1
6913	7924596
6914	-1
6915	7926878
6916	-1
6917	7929160
6918	-1
6919	-1
6920	7931442
6921	-1
6922	7933724
6923	-1
6924	7936006
6925	-1
6926	7938288
6927	-1
6928	-1
6929	7940570
6930	-1
6931	7942852
6932	-1
6933	7945134
6934	-1
6935	-1
6936	7947416
6937	-1
6938	7949698
6939	-1
6940	7951980
6941	-1
6942	7954262
6943	-1
6944	-1
6945	7956544
6946	-1
6947	7958826
6948	-1
6949	7961108
6950	-1
6951	-1
6952	7963390
6953	-1
6954	7965672
6955	-1
6956	7967954
6957	-1
6958	7970236
6959	-1
6960	-1
6961	7972518
6962	-1
6963	7974800
6964	-1
6965	7977082
6966	-1
6967	7979364
6968	-1
6969	-1
6970	7981646
6971	-1
6972	7983928
6973	-1
6974	7986210
6975	-1
6976	-1
6977	7988492
6978	-1
6979	7990774
6980	-1
6981	7993056
6982	-1
6983	7995338
6984	-1
6985	-1
6986	7997620
6987	-1
6988	7999902
6989	-1
6990	8002184
6991	-1
6992	-1
6993	8004466
6994	-1
6995	8006748
6996	-1
6997	8009030
6998	-1
6999	8011312
7000	-1
7001	-1
7002	8013594
7003	-1
7004	8015876
7005	-1
7006	8018158
7007	-1
7008	-1
7009	8020440
7010	-1
7011	8022722
7012	-1
7013	8025004
7014	-1
7015	8027286
7016	-1
7017	-1
7018	8029568
7019	-1
7020	8031850
7021	-1
7022	8034132
7023	-1
7024	-1
7025	8036414
7026	-1
7027	8038696
7028	-1
7029	8040978
7030	-1
7031	8043260
7032	-1
7033	-1
7034	8045542
7035	-1
7036	8047824
7037	-1
7038	8050106
7039	-1
7040	-1
7041	8052388
7042	-1
7043	8054670
7044	-1
7045	8056952
7046	-1
7047	8059234
7048	-1
7049	-1
7050	8061516
7051	-1
7052	8063798
7053	-1
7054	8066080
7055	-1
7056	8068362
7057	-1
7058	-1
7059	8070644
7060	-1
7061	8072926
7062	-1
7063	8075208
7064	-1
7065	-1
7066	8077490
7067	-1
7068	8079772
7069	-1
7070	8082054
7071	-1
7072	8084336
7073	-1
7074	-1
7075	8086618
7076	-1
7077	8088900
7078	-1
7079	8091182
7080	-1
7081	-1
7082	8093464
7083	-1
7084	8095746
7085	-1
7086	8098028
7087	-1
7088	8100310
7089	-1
7090	-1
7091	8102592
7092	-1
7093	8104874
7094	-1
7095	8107156
7096	-1
7097	-1
7098	8109438
7099	-1
7100	8111720
7101	-1
7102	8114002
7103	-1
7104	8116284
7105	-1
7106	-1
7107	8118566
7108	-1
7109	8120848
7110	-1
7111	8123130
7112	-1
7113	-1
7114	8125412
7115	-1
7116	8127694
7117	-1
7118	8129976
7119	-1
7120	8132258
7121	-1
7122	-1
7123	8134540
7124	-1
7125	8136822
7126	-1
7127	8139104
7128	-1
7129	-1
7130	8141386
7131	-1
7132	8143668
7133	-1
7134	8145950
7135	-1
7136	8148232
7137	-1
7138	-1
7139	8150514
7140	-1
7141	8152796
7142	-1
7143	8155078
7144	-1
7145	8157360
7146	-1
7147	-1
7148	8159642
7149	-1
7150	8161924
7151	-1
7152	8164206
7153	-1
7154	-1
7155	8166488
7156	-1
7157	8168770
7158	-1
7159	8171052
7160	-1
7161	8173334
7162	-1
7163	-1
7164	8175616
7165	-1
7166	8177898
7167	-1
7168	8180180
7169	-1
7170	-1
7171	8182462
7172	-1
7173	8184744
7174	-1
7175	8187026
7176	-1
7177	8189308
7178	-1
7179	-1
7180	8191590
7181	-1
7182	8193872
7183	-1
7184	8196154
7185	-1
7186	-1
7187	8198436
7188	-1
7189	8200718
7190	-1
7191	8203000
7192	-1
7193	8205282
7194	-1
7195	-1
7196	8207564
7197	-1
7198	8209846
7199	-1
7200	8212128
7201	-1
7202	-1
7203	8214410
7204	-1
7205	8216692
7206	-1
7207	8218974
7208	-1
7209	8221256
7210	-1
7211	-1
7212	8223538
7213	-1
7214	8225820
7215	-1
7216	8228102
7217	-1
7218	-1
7219	8230384
7220	-1
7221	8232666
7222	-1
7223	8234948
7224	-1
7225	8237230
7226	-1
7227	-1
7228	8239512
7229	-1
7230	8241794
7231	-1
7232	8244076
7233	-1
7234	8246358
7235	-1
7236	-1
7237	8248640
7238	-1
7239	8250922
7240	-1
7241	8253204
7242	-1
7243	-1
7244	8255486
7245	-1
7246	8257768
7247	-1
7248	8260050
7249	-1
7250	8262332
7251	-1
7252	-1
7253	8264614
7254	-1
7255	8266896
7256	-1
7257	8269178
7258	-1
7259	-1
7260	8271460
7261	-1
7262	8273742
7263	-1
7264	8276024
7265	-1
7266	8278306
7267	-1
7268	-1
7269	8280588
7270	-1
7271	8282870
7272	-1
7273	8285152
7274	-1
7275	-1
7276	8287434
7277	-1
7278	8289716
7279	-1
7280	8291998
7281	-1
7282	8294280
7283	-1
7284	-1
7285	8296562
7286	-1
7287	8298844
7288	-1
7289	8301126
7290	-1
7291	-1
7292	8303408
7293	-1
7294	8305690
7295	-1
7296	8307972
7297	-1
7298	8310254
7299	-1
7300	-1
7301	8312536
7302	-1
7303	8314818
7304	-1
7305	8317100
7306	-1
7307	-1
7308	8319382
7309	-1
7310	8321664
7311	-1
7312	8323946
7313	-1
7314	8326228
7315	-1
7316	-1
7317	8328510
7318	-1
7319	8330792
7320	-1
7321	8333074
7322	-1
7323	8335356
7324	-1
7325	-1
7326	8337638
7327	-1
7328	8339920
7329	-1
7330	8342202
7331	-1
7332	-1
7333	8344484
7334	-1
7335	8346766
7336	-1
7337	8349048
7338	-1
7339	8351330
7340	-1
7341	-1
7342	8353612
7343	-1
7344	8355894
7345	-1
7346	8358176
7347	-1
7348	-1
7349	8360458
7350	-1
7351	8362740
7352	-1
7353	8365022
7354	-1
7355	8367304
7356	-1
7357	-1
7358	8369586
7359	-1
7360	8371868
7361	-1
7362	8374150
7363	-1
7364	-1
7365	8376432
7366	-1
7367	8378714
7368	-1
7369	8380996
7370	-1
7371	8383278
7372	-1
7373	-1
7374	8385560
7375	-1
7376	8387842
7377	-1
7378	8390124
7379	-1
7380	-1
7381	8392406
7382	-1
7383	8394688
7384	-1
7385	8396970
7386	-1
7387	8399252
7388	-1
7389	-1
7390	8401534
7391	-1
7392	8403816
7393	-1
7394	8406098
7395	-1
7396	-1
7397	8408380
7398	-1
7399	8410662
7400	-1
7401	8412944
7402	-1
7403	8415226
7404	-1
7405	-1
7406	8417508
7407	-1
7408	8419790
7409	-1
7410	8422072
7411	-1
7412	8424354
7413	-1
7414	-1
7415	8426636
7416	-1
7417	8428918
7418	-1
7419	8431200
7420	-1
7421	-1
7422	8433482
7423	-1
7424	8435764
7425	-1
7426	8438046
7427	-1
7428	8440328
7429	-1
7430	-1
7431	8442610
7432	-1
7433	8444892
7434	-1
7435	8447174
7436	-1
7437	-1
7438	8449456
7439	-1
7440	8451738
7441	-1
7442	8454020
7443	-1
7444	8456302
7445	-1
7446	-1
7447	8458584
7448	-1
7449	8460866
7450	-1
7451	8463148
7452	-1
7453	-1
7454	8465430
7455	-1
7456	8467712
7457	-1
7458	8469994
7459	-1
7460	8472276
7461	-1
7462	-1
7463	8474558
7464	-1
7465	8476840
7466	-1
7467	8479122
7468	-1
7469	-1
7470	8481404
7471	-1
7472	8483686
7473	-1
7474	8485968
7475	-1
7476	8488250
7477	-1
7478	-1
7479	8490532
7480	-1
7481	8492814
7482	-1
7483	8495096
7484	-1
7485	-1
7486	8497378
7487	-1
7488	8499660
7489	-1
7490	8501942
7491	-1
7492	8504224
7493	-1
7494	-1
7495	8506506
7496	-1
7497	8508788
7498	-1
7499	8511070
7500	-1
7501	8513352
7502	-1
7503	-1
7504	8515634
7505	-1
7506	8517916
7507	-1
7508	8520198
7509	-1
7510	-1
7511	8522480
7512	-1
7513	8524762
7514	-1
7515	8527044
7516	-1
7517	8529326
7518	-1
7519	-1
7520	8531608
7521	-1
7522	8533890
7523	-1
7524	8536172
7525	-1
7526	-1
7527	8538454
7528	-1
7529	8540736
7530	-1
7531	8543018
7532	-1
7533	8545300
7534	-1
7535	-1
7536	8547582
7537	-1
7538	8549864
7539	-1
7540	8552146
7541	-1
7542	-1
7543	8554428
7544	-1
7545	8556710
7546	-1
7547	8558992
7548	-1
7549	8561274
7550	-1
7551	-1
7552	8563556
7553	-1
7554	8565838
7555	-1
7556	8568120
7557	-1
7558	-1
7559	8570402
7560	-1
7561	8572684
7562	-1
7563	8574966
7564	-1
7565	8577248
7566	-1
7567	-1
7568	8579530
7569	-1
7570	8581812
7571	-1
7572	8584094
7573	-1
7574	-1
7575	8586376
7576	-1
7577	8588658
7578	-1
7579	8590940
7580	-1
7581	8593222
7582	-1
7583	-1
7584	8595504
7585	-1
7586	8597786
7587	-1
7588	8600068
7589	-1
7590	8602350
7591	-1
7592	-1
7593	8604632
7594	-1
7595	8606914
7596	-1
7597	8609196
7598	-1
7599	-1
7600	8611478
7601	-1
7602	8613760
7603	-1
7604	8616042
7605	-1
7606	8618324
7607	-1
7608	-1
7609	8620606
7610	-1
7611	8622888
7612	-1
7613	8625170
7614	-1
7615	-1
7616	8627452
7617	-1
7618	8629734
7619	-1
7620	8632016
7621	-1
7622	8634298
7623	-1
7624	-1
7625	8636580
7626	-1
7627	8638862
7628	-1
7629	8641144
7630	-1
7631	-1
7632	8643426
7633	-1
7634	8645708
7635	-1
7636	8647990
7637	-1
7638	8650272
7639	-1
7640	-1
7641	8652554
7642	-1
7643	8654836
7644	-1
7645	8657118
7646	-1
7647	-1
7648	8659400
7649	-1
7650	8661682
7651	-1
7652	8663964
7653	-1
7654	8666246
7655	-1
7656	-1
7657	8668528
7658	-1
7659	8670810
7660	-1
7661	8673092
7662	-1
7663	-1
7664	8675374
7665	-1
7666	8677656
7667	-1
7668	8679938
7669	-1
7670	8682220
7671	-1
7672	-1
7673	8684502
7674	-1
7675	8686784
7676	-1
7677	8689066
7678	-1
7679	8691348
7680	-1
7681	-1
7682	8693630
7683	-1
7684	8695912
7685	-1
7686	8698194
7687	-1
7688	-1
7689	8700476
7690	-1
7691	8702758
7692	-1
7693	8705040
7694	-1
7695	8707322
7696	-1
7697	-1
7698	8709604
7699	-1
7700	8711886
7701	-1
7702	8714168
7703	-1
7704	-1
7705	8716450
7706	-1
7707	8718732
7708	-1
7709	8721014
7710	-1
7711	8723296
7712	-1
7713	-1
7714	8725578
7715	-1
7716	8727860
7717	-1
7718	8730142
7719	-1
7720	-1
7721	8732424
7722	-1
7723	8734706
7724	-1
7725	8736988
7726	-1
7727	8739270
7728	-1
7729	-1
7730	8741552
7731	-1
7732	8743834
7733	-1
7734	8746116
7735	-1
7736	-1
7737	8748398
7738	-1
7739	8750680
7740	-1
7741	8752962
7742	-1
7743	8755244
7744	-1
7745	-1
7746	8757526
7747	-1
7748	8759808
7749	-1
7750	8762090
7751	-1
7752	-1
7753	8764372
7754	-1
7755	8766654
7756	-1
7757	8768936
7758	-1
7759	8771218
7760	-1
7761	-1
7762	8773500
7763	-1
7764	8775782
7765	-1
7766	8778064
7767	-1
7768	8780346
7769	-1
7770	-1
7771	8782628
7772	-1
7773	8784910
7774	-1
7775	8787192
7776	-1
7777	-1
7778	8789474
7779	-1
7780	8791756
7781	-1
7782	8794038
7783	-1
7784	8796320
7785	-1
7786	-1
7787	8798602
7788	-1
7789	8800884
7790	-1
7791	8803166
7792	-1
7793	-1
7794	8805448
7795	-1
7796	8807730
7797	-1
7798	8810012
7799	-1
7800	8812294
7801	-1
7802	-1
7803	8814576
7804	-1
7805	8816858
7806	-1
7807	8819140
7808	-1
7809	-1
7810	8821422
7811	-1
7812	8823704
7813	-1
7814	8825986
7815	-1
7816	8828268
7817	-1
7818	-1
7819	8830550
7820	-1
7821	8832832
7822	-1
7823	8835114
7824	-1
7825	-1
7826	8837396
7827	-1
7828	8839678
7829	-1
7830	8841960
7831	-1
7832	8844242
7833	-1
7834	-1
7835	8846524
7836	-1
7837	8848806
7838	-1
7839	8851088
7840	-1
7841	8853370
7842	-1
7843	-1
7844	8855652
7845	-1
7846	8857934
7847	-1
7848	8860216
7849	-1
7850	-1
7851	8862498
7852	-1
7853	8864780
7854	-1
7855	8867062
7856	-1
7857	8869344
7858	-1
7859	-1
7860	8871626
7861	-1
7862	8873908
7863	-1
7864	8876190
7865	-1
7866	-1
7867	8878472
7868	-1
7869	8880754
7870	-1
7871	8883036
7872	-1
7873	8885318
7874	-1
7875	-1
7876	8887600
7877	-1
7878	8889882
7879	-1
7880	8892164
7881	-1
7882	-1
7883	8894446
7884	-1
7885	8896728
7886	-1
7887	8899010
7888	-1
7889	8901292
7890	-1
7891	-1
7892	8903574
7893	-1
7894	8905856
7895	-1
7896	8908138
7897	-1
7898	-1
7899	8910420
7900	-1
7901	8912702
7902	-1
7903	8914984
7904	-1
7905	8917266
7906	-1
7907	-1
7908	8919548
7909	-1
7910	8921830
7911	-1
7912	8924112
7913	-1
7914	-1
7915	8926394
7916	-1
7917	8928676
7918	-1
7919	8930958
7920	-1
7921	8933240
7922	-1
7923	-1
7924	8935522
7925	-1
7926	8937804
7927	-1
7928	8940086
7929	-1
7930	8942368
7931	-1
7932	-1
7933	8944650
7934	-1
7935	8946932
7936	-1
7937	8949214
7938	-1
7939	-1
7940	8951496
7941	-1
7942	8953778
7943	-1
7944	8956060
7945	-1
7946	8958342
7947	-1
7948	-1
7949	8960624
7950	-1
7951	8962906
7952	-1
7953	8965188
7954	-1
7955	-1
7956	8967470
7957	-1
7958	8969752
7959	-1
7960	8972034
7961	-1
7962	8974316
7963	-1
7964	-1
7965	8976598
7966	-1
7967	8978880
7968	-1
7969	8981162
7970	-1
7971	-1
7972	8983444
7973	-1
7974	8985726
7975	-1
7976	8988008
7977	-1
7978	8990290
7979	-1
7980	-1
7981	8992572
7982	-1
7983	8994854
7984	-1
7985	8997136
7986	-1
7987	-1
7988	8999418
7989	-1
7990	9001700
7991	-1
7992	9003982
7993	-1
7994	9006264
7995	-1
7996	-1
7997	9008546
7998	-1
7999	9010828
