0	1009680
1	1011505
2	1013331
3	1015156
4	1016982
5	1018808
6	1020633
7	1022459
8	1024284
9	1026110
10	1027936
11	1029761
12	1031587
13	1033412
14	1035238
15	1037064
16	1038889
17	1040715
18	1042540
19	1044366
20	1046192
21	1048017
22	1049843
23	1051668
24	1053494
25	1055320
26	1057145
27	1058971
28	1060796
29	1062622
30	1064448
31	1066273
32	1068099
33	1069924
34	1071750
35	1073576
36	1075401
37	1077227
38	1079052
39	1080878
40	1082704
41	1084529
42	1086355
43	1088180
44	1090006
45	1091832
46	1093657
47	1095483
48	1097308
49	1099134
50	1100960
51	1102785
52	1104611
53	1106436
54	1108262
55	1110088
56	1111913
57	1113739
58	1115564
59	1117390
60	1119216
61	1121041
62	1122867
63	1124692
64	1126518
65	1128344
66	1130169
67	1131995
68	1133820
69	1135646
70	1137472
71	1139297
72	1141123
73	1142948
74	1144774
75	1146600
76	1148425
77	1150251
78	1152076
79	1153902
80	1155728
81	1157553
82	1159379
83	1161204
84	1163030
85	1164856
86	1166681
87	1168507
88	1170332
89	1172158
90	1173984
91	1175809
92	1177635
93	1179460
94	1181286
95	1183112
96	1184937
97	1186763
98	1188588
99	1190414
100	1192240
101	1194065
102	1195891
103	1197716
104	1199542
105	1201368
106	1203193
107	1205019
108	1206844
109	1208670
110	1210496
111	1212321
112	1214147
113	1215972
114	1217798
115	1219624
116	1221449
117	1223275
118	1225100
119	1226926
120	1228752
121	1230577
122	1232403
123	1234228
124	1236054
125	1237880
126	1239705
127	1241531
128	1243356
129	1245182
130	1247008
131	1248833
132	1250659
133	-1
134	1252484
135	-1
136	1254310
137	1256136
138	-1
139	1257961
140	-1
141	1259787
142	-1
143	1261612
144	-1
145	1263438
146	-1
147	1265264
148	1267089
149	-1
150	1268915
151	-1
152	1270740
153	-1
154	1272566
155	-1
156	1274392
157	-1
158	1276217
159	1278043
160	-1
161	1279868
162	-1
163	1281694
164	-1
165	1283520
166	-1
167	1285345
168	-1
169	1287171
170	1288996
171	-1
172	1290822
173	-1
174	1292648
175	-1
176	1294473
177	-1
178	1296299
179	1298124
180	-1
181	1299950
182	-1
183	1301776
184	-1
185	1303601
186	-1
187	1305427
188	-1
189	1307252
190	1309078
191	-1
192	1310904
193	-1
194	1312729
195	-1
196	1314555
197	-1
198	1316380
199	-1
200	1318206
201	1320032
202	-1
203	1321857
204	-1
205	1323683
206	-1
207	1325508
208	-1
209	1327334
210	1329160
211	-1
212	1330985
213	-1
214	1332811
215	-1
216	1334636
217	-1
218	1336462
219	-1
220	1338288
221	1340113
222	-1
223	1341939
224	-1
225	1343764
226	-1
227	1345590
228	-1
229	1347416
230	-1
231	1349241
232	1351067
233	-1
234	1352892
235	-1
236	1354718
237	-1
238	1356544
239	-1
240	1358369
241	-1
242	1360195
243	1362020
244	-1
245	1363846
246	-1
247	1365672
248	-1
249	1367497
250	-1
251	1369323
252	1371148
253	-1
254	1372974
255	-1
256	1374800
257	-1
258	1376625
259	-1
260	1378451
261	-1
262	1380276
263	1382102
264	-1
265	1383928
266	-1
267	1385753
268	-1
269	1387579
270	-1
271	1389404
272	-1
273	1391230
274	1393056
275	-1
276	1394881
277	-1
278	1396707
279	-1
280	1398532
281	-1
282	1400358
283	-1
284	1402184
285	1404009
286	-1
287	1405835
288	-1
289	1407660
290	-1
291	1409486
292	-1
293	1411312
294	1413137
295	-1
296	1414963
297	-1
298	1416788
299	-1
300	1418614
301	-1
302	1420440
303	-1
304	1422265
305	1424091
306	-1
307	1425916
308	-1
309	1427742
310	-1
311	1429568
312	-1
313	1431393
314	-1
315	1433219
316	1435044
317	-1
318	1436870
319	-1
320	1438696
321	-1
322	1440521
323	-1
324	1442347
325	-1
326	1444172
327	1445998
328	-1
329	1447824
330	-1
331	1449649
332	-1
333	1451475
334	-1
335	1453300
336	1455126
337	-1
338	1456952
339	-1
340	1458777
341	-1
342	1460603
343	-1
344	1462428
345	-1
346	1464254
347	1466080
348	-1
349	1467905
350	-1
351	1469731
352	-1
353	1471556
354	-1
355	1473382
356	-1
357	1475208
358	1477033
359	-1
360	1478859
361	-1
362	1480684
363	-1
364	1482510
365	-1
366	1484336
367	1486161
368	-1
369	1487987
370	-1
371	1489812
372	-1
373	1491638
374	-1
375	1493464
376	-1
377	1495289
378	1497115
379	-1
380	1498940
381	-1
382	1500766
383	-1
384	1502592
385	-1
386	1504417
387	-1
388	1506243
389	1508068
390	-1
391	1509894
392	-1
393	1511720
394	-1
395	1513545
396	-1
397	1515371
398	-1
399	1517196
400	1519022
401	-1
402	1520848
403	-1
404	1522673
405	-1
406	1524499
407	-1
408	1526324
409	1528150
410	-1
411	1529976
412	-1
413	1531801
414	-1
415	1533627
416	-1
417	1535452
418	-1
419	1537278
420	1539104
421	-1
422	1540929
423	-1
424	1542755
425	-1
426	1544580
427	-1
428	1546406
429	-1
430	1548232
431	1550057
432	-1
433	1551883
434	-1
435	1553708
436	-1
437	1555534
438	-1
439	1557360
440	-1
441	1559185
442	1561011
443	-1
444	1562836
445	-1
446	1564662
447	-1
448	1566488
449	-1
450	1568313
451	1570139
452	-1
453	1571964
454	-1
455	1573790
456	-1
457	1575616
458	-1
459	1577441
460	-1
461	1579267
462	1581092
463	-1
464	1582918
465	-1
466	1584744
467	-1
468	1586569
469	-1
470	1588395
471	-1
472	1590220
473	1592046
474	-1
475	1593872
476	-1
477	1595697
478	-1
479	1597523
480	-1
481	1599348
482	-1
483	1601174
484	1603000
485	-1
486	1604825
487	-1
488	1606651
489	-1
490	1608476
491	-1
492	1610302
493	1612128
494	-1
495	1613953
496	-1
497	1615779
498	-1
499	1617604
500	-1
501	1619430
502	-1
503	1621256
504	1623081
505	-1
506	1624907
507	-1
508	1626732
509	-1
510	1628558
511	-1
512	1630384
513	-1
514	1632209
515	1634035
516	-1
517	1635860
518	-1
519	1637686
520	-1
521	1639512
522	-1
523	1641337
524	1643163
525	-1
526	1644988
527	-1
528	1646814
529	-1
530	1648640
531	-1
532	1650465
533	-1
534	1652291
535	1654116
536	-1
537	1655942
538	-1
539	1657768
540	-1
541	1659593
542	-1
543	1661419
544	-1
545	1663244
546	1665070
547	-1
548	1666896
549	-1
550	1668721
551	-1
552	1670547
553	-1
554	1672372
555	-1
556	1674198
557	1676024
558	-1
559	1677849
560	-1
561	1679675
562	-1
563	1681500
564	-1
565	1683326
566	1685152
567	-1
568	1686977
569	-1
570	1688803
571	-1
572	1690628
573	-1
574	1692454
575	-1
576	1694280
577	1696105
578	-1
579	1697931
580	-1
581	1699756
582	-1
583	1701582
584	-1
585	1703408
586	-1
587	1705233
588	1707059
589	-1
590	1708884
591	-1
592	1710710
593	-1
594	1712536
595	-1
596	1714361
597	-1
598	1716187
599	1718012
600	-1
601	1719838
602	-1
603	1721664
604	-1
605	1723489
606	-1
607	1725315
608	1727140
609	-1
610	1728966
611	-1
612	1730792
613	-1
614	1732617
615	-1
616	1734443
617	-1
618	1736268
619	1738094
620	-1
621	1739920
622	-1
623	1741745
624	-1
625	1743571
626	-1
627	1745396
628	-1
629	1747222
630	1749048
631	-1
632	1750873
633	-1
634	1752699
635	-1
636	1754524
637	-1
638	1756350
639	-1
640	1758176
641	1760001
642	-1
643	1761827
644	-1
645	1763652
646	-1
647	1765478
648	-1
649	1767304
650	1769129
651	-1
652	1770955
653	-1
654	1772780
655	-1
656	1774606
657	-1
658	1776432
659	-1
660	1778257
661	1780083
662	-1
663	1781908
664	-1
665	1783734
666	-1
667	1785560
668	-1
669	1787385
670	-1
671	1789211
672	1791036
673	-1
674	1792862
675	-1
676	1794688
677	-1
678	1796513
679	-1
680	1798339
681	1800164
682	-1
683	1801990
684	-1
685	1803816
686	-1
687	1805641
688	-1
689	1807467
690	-1
691	1809292
692	1811118
693	-1
694	1812944
695	-1
696	1814769
697	-1
698	1816595
699	-1
700	1818420
701	-1
702	1820246
703	1822072
704	-1
705	1823897
706	-1
707	1825723
708	-1
709	1827548
710	-1
711	1829374
712	-1
713	1831200
714	1833025
715	-1
716	1834851
717	-1
718	1836676
719	-1
720	1838502
721	-1
722	1840328
723	1842153
724	-1
725	1843979
726	-1
727	1845804
728	-1
729	1847630
730	-1
731	1849456
732	-1
733	1851281
734	1853107
735	-1
736	1854932
737	-1
738	1856758
739	-1
740	1858584
741	-1
742	1860409
743	-1
744	1862235
745	1864060
746	-1
747	1865886
748	-1
749	1867712
750	-1
751	1869537
752	-1
753	1871363
754	-1
755	1873188
756	1875014
757	-1
758	1876840
759	-1
760	1878665
761	-1
762	1880491
763	-1
764	1882316
765	1884142
766	-1
767	1885968
768	-1
769	1887793
770	-1
771	1889619
772	-1
773	1891444
774	-1
775	1893270
776	1895096
777	-1
778	1896921
779	-1
780	1898747
781	-1
782	1900572
783	-1
784	1902398
785	-1
786	1904224
787	1906049
788	-1
789	1907875
790	-1
791	1909700
792	-1
793	1911526
794	-1
795	1913352
796	-1
797	1915177
798	1917003
799	-1
800	1918828
801	-1
802	1920654
803	-1
804	1922480
805	-1
806	1924305
807	1926131
808	-1
809	1927956
810	-1
811	1929782
812	-1
813	1931608
814	-1
815	1933433
816	-1
817	1935259
818	1937084
819	-1
820	1938910
821	-1
822	1940736
823	-1
824	1942561
825	-1
826	1944387
827	-1
828	1946212
829	1948038
830	-1
831	1949864
832	-1
833	1951689
834	-1
835	1953515
836	-1
837	1955340
838	1957166
839	-1
840	1958992
841	-1
842	1960817
843	-1
844	1962643
845	-1
846	1964468
847	-1
848	1966294
849	1968120
850	-1
851	1969945
852	-1
853	1971771
854	-1
855	1973596
856	-1
857	1975422
858	-1
859	1977248
860	1979073
861	-1
862	1980899
863	-1
864	1982724
865	-1
866	1984550
867	-1
868	1986376
869	-1
870	1988201
871	1990027
872	-1
873	1991852
874	-1
875	1993678
876	-1
877	1995504
878	-1
879	1997329
880	1999155
881	-1
882	2000980
883	-1
884	2002806
885	-1
886	2004632
887	-1
888	2006457
889	-1
890	2008283
891	2010108
892	-1
893	2011934
894	-1
895	2013760
896	-1
897	2015585
898	-1
899	2017411
900	-1
901	2019236
902	2021062
903	-1
904	2022888
905	-1
906	2024713
907	-1
908	2026539
909	-1
910	2028364
911	-1
912	2030190
913	2032016
914	-1
915	2033841
916	-1
917	2035667
918	-1
919	2037492
920	-1
921	2039318
922	2041144
923	-1
924	2042969
925	-1
926	2044795
927	-1
928	2046620
929	-1
930	2048446
931	-1
932	2050272
933	2052097
934	-1
935	2053923
936	-1
937	2055748
938	-1
939	2057574
940	-1
941	2059400
942	-1
943	2061225
944	2063051
945	-1
946	2064876
947	-1
948	2066702
949	-1
950	2068528
951	-1
952	2070353
953	-1
954	2072179
955	2074004
956	-1
957	2075830
958	-1
959	2077656
960	-1
961	2079481
962	-1
963	2081307
964	2083132
965	-1
966	2084958
967	-1
968	2086784
969	-1
970	2088609
971	-1
972	2090435
973	-1
974	2092260
975	2094086
976	-1
977	2095912
978	-1
979	2097737
980	-1
981	2099563
982	-1
983	2101388
984	-1
985	2103214
986	2105040
987	-1
988	2106865
989	-1
990	2108691
991	-1
992	2110516
993	-1
994	2112342
995	2114168
996	-1
997	2115993
998	-1
999	2117819
1000	-1
1001	2119644
1002	-1
1003	2121470
1004	-1
1005	2123296
1006	2125121
1007	-1
1008	2126947
1009	-1
1010	2128772
1011	-1
1012	2130598
1013	-1
1014	2132424
1015	-1
1016	2134249
1017	2136075
1018	-1
1019	2137900
1020	-1
1021	2139726
1022	-1
1023	2141552
1024	-1
1025	2143377
1026	-1
1027	2145203
1028	2147028
1029	-1
1030	2148854
1031	-1
1032	2150680
1033	-1
1034	2152505
1035	-1
1036	2154331
1037	2156156
1038	-1
1039	2157982
1040	-1
1041	2159808
1042	-1
1043	2161633
1044	-1
1045	2163459
1046	-1
1047	2165284
1048	2167110
1049	-1
1050	2168936
1051	-1
1052	2170761
1053	-1
1054	2172587
1055	-1
1056	2174412
1057	-1
1058	2176238
1059	2178064
1060	-1
1061	2179889
1062	-1
1063	2181715
1064	-1
1065	2183540
1066	-1
1067	2185366
1068	-1
1069	2187192
1070	2189017
1071	-1
1072	2190843
1073	-1
1074	2192668
1075	-1
1076	2194494
1077	-1
1078	2196320
1079	2198145
1080	-1
1081	2199971
1082	-1
1083	2201796
1084	-1
1085	2203622
1086	-1
1087	2205448
1088	-1
1089	2207273
1090	2209099
1091	-1
1092	2210924
1093	-1
1094	2212750
1095	-1
1096	2214576
1097	-1
1098	2216401
1099	-1
1100	2218227
1101	2220052
1102	-1
1103	2221878
1104	-1
1105	2223704
1106	-1
1107	2225529
1108	-1
1109	2227355
1110	-1
1111	2229180
1112	2231006
1113	-1
1114	2232832
1115	-1
1116	2234657
1117	-1
1118	2236483
1119	-1
1120	2238308
1121	2240134
1122	-1
1123	2241960
1124	-1
1125	2243785
1126	-1
1127	2245611
1128	-1
1129	2247436
1130	-1
1131	2249262
1132	2251088
1133	-1
1134	2252913
1135	-1
1136	2254739
1137	-1
1138	2256564
1139	-1
1140	2258390
1141	-1
1142	2260216
1143	2262041
1144	-1
1145	2263867
1146	-1
1147	2265692
1148	-1
1149	2267518
1150	-1
1151	2269344
1152	-1
1153	2271169
1154	2272995
1155	-1
1156	2274820
1157	-1
1158	2276646
1159	-1
1160	2278472
1161	-1
1162	2280297
1163	2282123
1164	-1
1165	2283948
1166	-1
1167	2285774
1168	-1
1169	2287600
1170	-1
1171	2289425
1172	-1
1173	2291251
1174	2293076
1175	-1
1176	2294902
1177	-1
1178	2296728
1179	-1
1180	2298553
1181	-1
1182	2300379
1183	-1
1184	2302204
1185	2304030
1186	-1
1187	2305856
1188	-1
1189	2307681
1190	-1
1191	2309507
1192	-1
1193	2311332
1194	2313158
1195	-1
1196	2314984
1197	-1
1198	2316809
1199	-1
1200	2318635
1201	-1
1202	2320460
1203	-1
1204	2322286
1205	2324112
1206	-1
1207	2325937
1208	-1
1209	2327763
1210	-1
1211	2329588
1212	-1
1213	2331414
1214	-1
1215	2333240
1216	2335065
1217	-1
1218	2336891
1219	-1
1220	2338716
1221	-1
1222	2340542
1223	-1
1224	2342368
1225	-1
1226	2344193
1227	2346019
1228	-1
1229	2347844
1230	-1
1231	2349670
1232	-1
1233	2351496
1234	-1
1235	2353321
1236	2355147
1237	-1
1238	2356972
1239	-1
1240	2358798
1241	-1
1242	2360624
1243	-1
1244	2362449
1245	-1
1246	2364275
1247	2366100
1248	-1
1249	2367926
1250	-1
1251	2369752
1252	-1
1253	2371577
1254	-1
1255	2373403
1256	-1
1257	2375228
1258	2377054
1259	-1
1260	2378880
1261	-1
1262	2380705
1263	-1
1264	2382531
1265	-1
1266	2384356
1267	-1
1268	2386182
1269	2388008
1270	-1
1271	2389833
1272	-1
1273	2391659
1274	-1
1275	2393484
1276	-1
1277	2395310
1278	2397136
1279	-1
1280	2398961
1281	-1
1282	2400787
1283	-1
1284	2402612
1285	-1
1286	2404438
1287	-1
1288	2406264
1289	2408089
1290	-1
1291	2409915
1292	-1
1293	2411740
1294	-1
1295	2413566
1296	-1
1297	2415392
1298	-1
1299	2417217
1300	2419043
1301	-1
1302	2420868
1303	-1
1304	2422694
1305	-1
1306	2424520
1307	-1
1308	2426345
1309	-1
1310	2428171
1311	2429996
1312	-1
1313	2431822
1314	-1
1315	2433648
1316	-1
1317	2435473
1318	-1
1319	2437299
1320	2439124
1321	-1
1322	2440950
1323	-1
1324	2442776
1325	-1
1326	2444601
1327	-1
1328	2446427
1329	-1
1330	2448252
1331	2450078
1332	-1
1333	2451904
1334	-1
1335	2453729
1336	-1
1337	2455555
1338	-1
1339	2457380
1340	-1
1341	2459206
1342	2461032
1343	-1
1344	2462857
1345	-1
1346	2464683
1347	-1
1348	2466508
1349	-1
1350	2468334
1351	2470160
1352	-1
1353	2471985
1354	-1
1355	2473811
1356	-1
1357	2475636
1358	-1
1359	2477462
1360	-1
1361	2479288
1362	2481113
1363	-1
1364	2482939
1365	-1
1366	2484764
1367	-1
1368	2486590
1369	-1
1370	2488416
1371	-1
1372	2490241
1373	2492067
1374	-1
1375	2493892
1376	-1
1377	2495718
1378	-1
1379	2497544
1380	-1
1381	2499369
1382	-1
1383	2501195
1384	2503020
1385	-1
1386	2504846
1387	-1
1388	2506672
1389	-1
1390	2508497
1391	-1
1392	2510323
1393	2512148
1394	-1
1395	2513974
1396	-1
1397	2515800
1398	-1
1399	2517625
1400	-1
1401	2519451
1402	-1
1403	2521276
1404	2523102
1405	-1
1406	2524928
1407	-1
1408	2526753
1409	-1
1410	2528579
1411	-1
1412	2530404
1413	-1
1414	2532230
1415	2534056
1416	-1
1417	2535881
1418	-1
1419	2537707
1420	-1
1421	2539532
1422	-1
1423	2541358
1424	-1
1425	2543184
1426	2545009
1427	-1
1428	2546835
1429	-1
1430	2548660
1431	-1
1432	2550486
1433	-1
1434	2552312
1435	2554137
1436	-1
1437	2555963
1438	-1
1439	2557788
1440	-1
1441	2559614
1442	-1
1443	2561440
1444	-1
1445	2563265
1446	2565091
1447	-1
1448	2566916
1449	-1
1450	2568742
1451	-1
1452	2570568
1453	-1
1454	2572393
1455	-1
1456	2574219
1457	2576044
1458	-1
1459	2577870
1460	-1
1461	2579696
1462	-1
1463	2581521
1464	-1
1465	2583347
1466	-1
1467	2585172
1468	2586998
1469	-1
1470	2588824
1471	-1
1472	2590649
1473	-1
1474	2592475
1475	-1
1476	2594300
1477	2596126
1478	-1
1479	2597952
1480	-1
1481	2599777
1482	-1
1483	2601603
1484	-1
1485	2603428
1486	-1
1487	2605254
1488	2607080
1489	-1
1490	2608905
1491	-1
1492	2610731
1493	-1
1494	2612556
1495	-1
1496	2614382
1497	-1
1498	2616208
1499	2618033
1500	-1
1501	2619859
1502	-1
1503	2621684
1504	-1
1505	2623510
1506	-1
1507	2625336
1508	2627161
1509	-1
1510	2628987
1511	-1
1512	2630812
1513	-1
1514	2632638
1515	-1
1516	2634464
1517	-1
1518	2636289
1519	2638115
1520	-1
1521	2639940
1522	-1
1523	2641766
1524	-1
1525	2643592
1526	-1
1527	2645417
1528	-1
1529	2647243
1530	2649068
1531	-1
1532	2650894
1533	-1
1534	2652720
1535	-1
1536	2654545
1537	-1
1538	2656371
1539	-1
1540	2658196
1541	2660022
1542	-1
1543	2661848
1544	-1
1545	2663673
1546	-1
1547	2665499
1548	-1
1549	2667324
1550	2669150
1551	-1
1552	2670976
1553	-1
1554	2672801
1555	-1
1556	2674627
1557	-1
1558	2676452
1559	-1
1560	2678278
1561	2680104
1562	-1
1563	2681929
1564	-1
1565	2683755
1566	-1
1567	2685580
1568	-1
1569	2687406
1570	-1
1571	2689232
1572	2691057
1573	-1
1574	2692883
1575	-1
1576	2694708
1577	-1
1578	2696534
1579	-1
1580	2698360
1581	-1
1582	2700185
1583	2702011
1584	-1
1585	2703836
1586	-1
1587	2705662
1588	-1
1589	2707488
1590	-1
1591	2709313
1592	2711139
1593	-1
1594	2712964
1595	-1
1596	2714790
1597	-1
1598	2716616
1599	-1
1600	2718441
1601	-1
1602	2720267
1603	2722092
1604	-1
1605	2723918
1606	-1
1607	2725744
1608	-1
1609	2727569
1610	-1
1611	2729395
1612	-1
1613	2731220
1614	2733046
1615	-1
1616	2734872
1617	-1
1618	2736697
1619	-1
1620	2738523
1621	-1
1622	2740348
1623	-1
1624	2742174
1625	2744000
1626	-1
1627	2745825
1628	-1
1629	2747651
1630	-1
1631	2749476
1632	-1
1633	2751302
1634	2753128
1635	-1
1636	2754953
1637	-1
1638	2756779
1639	-1
1640	2758604
1641	-1
1642	2760430
1643	-1
1644	2762256
1645	2764081
1646	-1
1647	2765907
1648	-1
1649	2767732
1650	-1
1651	2769558
1652	-1
1653	2771384
1654	-1
1655	2773209
1656	2775035
1657	-1
1658	2776860
1659	-1
1660	2778686
1661	-1
1662	2780512
1663	-1
1664	2782337
1665	2784163
1666	-1
1667	2785988
1668	-1
1669	2787814
1670	-1
1671	2789640
1672	-1
1673	2791465
1674	-1
1675	2793291
1676	2795116
1677	-1
1678	2796942
1679	-1
1680	2798768
1681	-1
1682	2800593
1683	-1
1684	2802419
1685	-1
1686	2804244
1687	2806070
1688	-1
1689	2807896
1690	-1
1691	2809721
1692	-1
1693	2811547
1694	-1
1695	2813372
1696	-1
1697	2815198
1698	2817024
1699	-1
1700	2818849
1701	-1
1702	2820675
1703	-1
1704	2822500
1705	-1
1706	2824326
1707	2826152
1708	-1
1709	2827977
1710	-1
1711	2829803
1712	-1
1713	2831628
1714	-1
1715	2833454
1716	-1
1717	2835280
1718	2837105
1719	-1
1720	2838931
1721	-1
1722	2840756
1723	-1
1724	2842582
1725	-1
1726	2844408
1727	-1
1728	2846233
1729	2848059
1730	-1
1731	2849884
1732	-1
1733	2851710
1734	-1
1735	2853536
1736	-1
1737	2855361
1738	-1
1739	2857187
1740	2859012
1741	-1
1742	2860838
1743	-1
1744	2862664
1745	-1
1746	2864489
1747	-1
1748	2866315
1749	2868140
1750	-1
1751	2869966
1752	-1
1753	2871792
1754	-1
1755	2873617
1756	-1
1757	2875443
1758	-1
1759	2877268
1760	2879094
1761	-1
1762	2880920
1763	-1
1764	2882745
1765	-1
1766	2884571
1767	-1
1768	2886396
1769	-1
1770	2888222
1771	2890048
1772	-1
1773	2891873
1774	-1
1775	2893699
1776	-1
1777	2895524
1778	-1
1779	2897350
1780	-1
1781	2899176
1782	2901001
1783	-1
1784	2902827
1785	-1
1786	2904652
1787	-1
1788	2906478
1789	-1
1790	2908304
1791	2910129
1792	-1
1793	2911955
1794	-1
1795	2913780
1796	-1
1797	2915606
1798	-1
1799	2917432
1800	-1
1801	2919257
1802	2921083
1803	-1
1804	2922908
1805	-1
1806	2924734
1807	-1
1808	2926560
1809	-1
1810	2928385
1811	-1
1812	2930211
1813	2932036
1814	-1
1815	2933862
1816	-1
1817	2935688
1818	-1
1819	2937513
1820	-1
1821	2939339
1822	2941164
1823	-1
1824	2942990
1825	-1
1826	2944816
1827	-1
1828	2946641
1829	-1
1830	2948467
1831	-1
1832	2950292
1833	2952118
1834	-1
1835	2953944
1836	-1
1837	2955769
1838	-1
1839	2957595
1840	-1
1841	2959420
1842	-1
1843	2961246
1844	2963072
1845	-1
1846	2964897
1847	-1
1848	2966723
1849	-1
1850	2968548
1851	-1
1852	2970374
1853	-1
1854	2972200
1855	2974025
1856	-1
1857	2975851
1858	-1
1859	2977676
1860	-1
1861	2979502
1862	-1
1863	2981328
1864	2983153
1865	-1
1866	2984979
1867	-1
1868	2986804
1869	-1
1870	2988630
1871	-1
1872	2990456
1873	-1
1874	2992281
1875	2994107
1876	-1
1877	2995932
1878	-1
1879	2997758
1880	-1
1881	2999584
1882	-1
1883	3001409
1884	-1
1885	3003235
1886	3005060
1887	-1
1888	3006886
1889	-1
1890	3008712
1891	-1
1892	3010537
1893	-1
1894	3012363
1895	-1
1896	3014188
1897	3016014
1898	-1
1899	3017840
1900	-1
1901	3019665
1902	-1
1903	3021491
1904	-1
1905	3023316
1906	3025142
1907	-1
1908	3026968
1909	-1
1910	3028793
1911	-1
1912	3030619
1913	-1
1914	3032444
1915	-1
1916	3034270
1917	3036096
1918	-1
1919	3037921
1920	-1
1921	3039747
1922	-1
1923	3041572
1924	-1
1925	3043398
1926	-1
1927	3045224
1928	3047049
1929	-1
1930	3048875
1931	-1
1932	3050700
1933	-1
1934	3052526
1935	-1
1936	3054352
1937	-1
1938	3056177
1939	3058003
1940	-1
1941	3059828
1942	-1
1943	3061654
1944	-1
1945	3063480
1946	-1
1947	3065305
1948	3067131
1949	-1
1950	3068956
1951	-1
1952	3070782
1953	-1
1954	3072608
1955	-1
1956	3074433
1957	-1
1958	3076259
1959	3078084
1960	-1
1961	3079910
1962	-1
1963	3081736
1964	-1
1965	3083561
1966	-1
1967	3085387
1968	-1
1969	3087212
1970	3089038
1971	-1
1972	3090864
1973	-1
1974	3092689
1975	-1
1976	3094515
1977	-1
1978	3096340
1979	3098166
1980	-1
1981	3099992
1982	-1
1983	3101817
1984	-1
1985	3103643
1986	-1
1987	3105468
1988	-1
1989	3107294
1990	3109120
1991	-1
1992	3110945
1993	-1
1994	3112771
1995	-1
1996	3114596
1997	-1
1998	3116422
1999	-1
2000	3118248
2001	3120073
2002	-1
2003	3121899
2004	-1
2005	3123724
2006	-1
2007	3125550
2008	-1
2009	3127376
2010	-1
2011	3129201
2012	3131027
2013	-1
2014	3132852
2015	-1
2016	3134678
2017	-1
2018	3136504
2019	-1
2020	3138329
2021	3140155
2022	-1
2023	3141980
2024	-1
2025	3143806
2026	-1
2027	3145632
2028	-1
2029	3147457
2030	-1
2031	3149283
2032	3151108
2033	-1
2034	3152934
2035	-1
2036	3154760
2037	-1
2038	3156585
2039	-1
2040	3158411
2041	-1
2042	3160236
2043	3162062
2044	-1
2045	3163888
2046	-1
2047	3165713
2048	-1
2049	3167539
2050	-1
2051	3169364
2052	-1
2053	3171190
2054	3173016
2055	-1
2056	3174841
2057	-1
2058	3176667
2059	-1
2060	3178492
2061	-1
2062	3180318
2063	3182144
2064	-1
2065	3183969
2066	-1
2067	3185795
2068	-1
2069	3187620
2070	-1
2071	3189446
2072	-1
2073	3191272
2074	3193097
2075	-1
2076	3194923
2077	-1
2078	3196748
2079	-1
2080	3198574
2081	-1
2082	3200400
2083	-1
2084	3202225
2085	3204051
2086	-1
2087	3205876
2088	-1
2089	3207702
2090	-1
2091	3209528
2092	-1
2093	3211353
2094	-1
2095	3213179
2096	3215004
2097	-1
2098	3216830
2099	-1
2100	3218656
2101	-1
2102	3220481
2103	-1
2104	3222307
2105	3224132
2106	-1
2107	3225958
2108	-1
2109	3227784
2110	-1
2111	3229609
2112	-1
2113	3231435
2114	-1
2115	3233260
2116	3235086
2117	-1
2118	3236912
2119	-1
2120	3238737
2121	-1
2122	3240563
2123	-1
2124	3242388
2125	-1
2126	3244214
2127	3246040
2128	-1
2129	3247865
2130	-1
2131	3249691
2132	-1
2133	3251516
2134	-1
2135	3253342
2136	3255168
2137	-1
2138	3256993
2139	-1
2140	3258819
2141	-1
2142	3260644
2143	-1
2144	3262470
2145	-1
2146	3264296
2147	3266121
2148	-1
2149	3267947
2150	-1
2151	3269772
2152	-1
2153	3271598
2154	-1
2155	3273424
2156	-1
2157	3275249
2158	3277075
2159	-1
2160	3278900
2161	-1
2162	3280726
2163	-1
2164	3282552
2165	-1
2166	3284377
2167	-1
2168	3286203
2169	3288028
2170	-1
2171	3289854
2172	-1
2173	3291680
2174	-1
2175	3293505
2176	-1
2177	3295331
2178	3297156
2179	-1
2180	3298982
2181	-1
2182	3300808
2183	-1
2184	3302633
2185	-1
2186	3304459
2187	-1
2188	3306284
2189	3308110
2190	-1
2191	3309936
2192	-1
2193	3311761
2194	-1
2195	3313587
2196	-1
2197	3315412
2198	-1
2199	3317238
2200	3319064
2201	-1
2202	3320889
2203	-1
2204	3322715
2205	-1
2206	3324540
2207	-1
2208	3326366
2209	-1
2210	3328192
2211	3330017
2212	-1
2213	3331843
2214	-1
2215	3333668
2216	-1
2217	3335494
2218	-1
2219	3337320
2220	3339145
2221	-1
2222	3340971
2223	-1
2224	3342796
2225	-1
2226	3344622
2227	-1
2228	3346448
2229	-1
2230	3348273
2231	3350099
2232	-1
2233	3351924
2234	-1
2235	3353750
2236	-1
2237	3355576
2238	-1
2239	3357401
2240	-1
2241	3359227
2242	3361052
2243	-1
2244	3362878
2245	-1
2246	3364704
2247	-1
2248	3366529
2249	-1
2250	3368355
2251	-1
2252	3370180
2253	3372006
2254	-1
2255	3373832
2256	-1
2257	3375657
2258	-1
2259	3377483
2260	-1
2261	3379308
2262	3381134
2263	-1
2264	3382960
2265	-1
2266	3384785
2267	-1
2268	3386611
2269	-1
2270	3388436
2271	-1
2272	3390262
2273	3392088
2274	-1
2275	3393913
2276	-1
2277	3395739
2278	-1
2279	3397564
2280	-1
2281	3399390
2282	-1
2283	3401216
2284	3403041
2285	-1
2286	3404867
2287	-1
2288	3406692
2289	-1
2290	3408518
2291	-1
2292	3410344
2293	-1
2294	3412169
2295	3413995
2296	-1
2297	3415820
2298	-1
2299	3417646
2300	-1
2301	3419472
2302	-1
2303	3421297
2304	3423123
2305	-1
2306	3424948
2307	-1
2308	3426774
2309	-1
2310	3428600
2311	-1
2312	3430425
2313	-1
2314	3432251
2315	3434076
2316	-1
2317	3435902
2318	-1
2319	3437728
2320	-1
2321	3439553
2322	-1
2323	3441379
2324	-1
2325	3443204
2326	3445030
2327	-1
2328	3446856
2329	-1
2330	3448681
2331	-1
2332	3450507
2333	-1
2334	3452332
2335	3454158
2336	-1
2337	3455984
2338	-1
2339	3457809
2340	-1
2341	3459635
2342	-1
2343	3461460
2344	-1
2345	3463286
2346	3465112
2347	-1
2348	3466937
2349	-1
2350	3468763
2351	-1
2352	3470588
2353	-1
2354	3472414
2355	-1
2356	3474240
2357	3476065
2358	-1
2359	3477891
2360	-1
2361	3479716
2362	-1
2363	3481542
2364	-1
2365	3483368
2366	-1
2367	3485193
2368	3487019
2369	-1
2370	3488844
2371	-1
2372	3490670
2373	-1
2374	3492496
2375	-1
2376	3494321
2377	3496147
2378	-1
2379	3497972
2380	-1
2381	3499798
2382	-1
2383	3501624
2384	-1
2385	3503449
2386	-1
2387	3505275
2388	3507100
2389	-1
2390	3508926
2391	-1
2392	3510752
2393	-1
2394	3512577
2395	-1
2396	3514403
2397	-1
2398	3516228
2399	3518054
2400	-1
2401	3519880
2402	-1
2403	3521705
2404	-1
2405	3523531
2406	-1
2407	3525356
2408	-1
2409	3527182
2410	3529008
2411	-1
2412	3530833
2413	-1
2414	3532659
2415	-1
2416	3534484
2417	-1
2418	3536310
2419	3538136
2420	-1
2421	3539961
2422	-1
2423	3541787
2424	-1
2425	3543612
2426	-1
2427	3545438
2428	-1
2429	3547264
2430	3549089
2431	-1
2432	3550915
2433	-1
2434	3552740
2435	-1
2436	3554566
2437	-1
2438	3556392
2439	-1
2440	3558217
2441	3560043
2442	-1
2443	3561868
2444	-1
2445	3563694
2446	-1
2447	3565520
2448	-1
2449	3567345
2450	-1
2451	3569171
2452	3570996
2453	-1
2454	3572822
2455	-1
2456	3574648
2457	-1
2458	3576473
2459	-1
2460	3578299
2461	3580124
2462	-1
2463	3581950
2464	-1
2465	3583776
2466	-1
2467	3585601
2468	-1
2469	3587427
2470	-1
2471	3589252
2472	3591078
2473	-1
2474	3592904
2475	-1
2476	3594729
2477	-1
2478	3596555
2479	-1
2480	3598380
2481	-1
2482	3600206
2483	3602032
2484	-1
2485	3603857
2486	-1
2487	3605683
2488	-1
2489	3607508
2490	-1
2491	3609334
2492	3611160
2493	-1
2494	3612985
2495	-1
2496	3614811
2497	-1
2498	3616636
2499	-1
2500	3618462
2501	-1
2502	3620288
2503	3622113
2504	-1
2505	3623939
2506	-1
2507	3625764
2508	-1
2509	3627590
2510	-1
2511	3629416
2512	-1
2513	3631241
2514	3633067
2515	-1
2516	3634892
2517	-1
2518	3636718
2519	-1
2520	3638544
2521	-1
2522	3640369
2523	-1
2524	3642195
2525	3644020
2526	-1
2527	3645846
2528	-1
2529	3647672
2530	-1
2531	3649497
2532	-1
2533	3651323
2534	3653148
2535	-1
2536	3654974
2537	-1
2538	3656800
2539	-1
2540	3658625
2541	-1
2542	3660451
2543	-1
2544	3662276
2545	3664102
2546	-1
2547	3665928
2548	-1
2549	3667753
2550	-1
2551	3669579
2552	-1
2553	3671404
2554	-1
2555	3673230
2556	3675056
2557	-1
2558	3676881
2559	-1
2560	3678707
2561	-1
2562	3680532
2563	-1
2564	3682358
2565	-1
2566	3684184
2567	3686009
2568	-1
2569	3687835
2570	-1
2571	3689660
2572	-1
2573	3691486
2574	-1
2575	3693312
2576	3695137
2577	-1
2578	3696963
2579	-1
2580	3698788
2581	-1
2582	3700614
2583	-1
2584	3702440
2585	-1
2586	3704265
2587	3706091
2588	-1
2589	3707916
2590	-1
2591	3709742
2592	-1
2593	3711568
2594	-1
2595	3713393
2596	-1
2597	3715219
2598	3717044
2599	-1
2600	3718870
2601	-1
2602	3720696
2603	-1
2604	3722521
2605	-1
2606	3724347
2607	-1
2608	3726172
2609	3727998
2610	-1
2611	3729824
2612	-1
2613	3731649
2614	-1
2615	3733475
2616	-1
2617	3735300
2618	3737126
2619	-1
2620	3738952
2621	-1
2622	3740777
2623	-1
2624	3742603
2625	-1
2626	3744428
2627	-1
2628	3746254
2629	3748080
2630	-1
2631	3749905
2632	-1
2633	3751731
2634	-1
2635	3753556
2636	-1
2637	3755382
2638	-1
2639	3757208
2640	3759033
2641	-1
2642	3760859
2643	-1
2644	3762684
2645	-1
2646	3764510
2647	-1
2648	3766336
2649	3768161
2650	-1
2651	3769987
2652	-1
2653	3771812
2654	-1
2655	3773638
2656	-1
2657	3775464
2658	-1
2659	3777289
2660	3779115
2661	-1
2662	3780940
2663	-1
2664	3782766
2665	-1
2666	3784592
2667	-1
2668	3786417
2669	-1
2670	3788243
2671	3790068
2672	-1
2673	3791894
2674	-1
2675	3793720
2676	-1
2677	3795545
2678	-1
2679	3797371
2680	-1
2681	3799196
2682	3801022
2683	-1
2684	3802848
2685	-1
2686	3804673
2687	-1
2688	3806499
2689	-1
2690	3808324
2691	3810150
2692	-1
2693	3811976
2694	-1
2695	3813801
2696	-1
2697	3815627
2698	-1
2699	3817452
2700	-1
2701	3819278
2702	3821104
2703	-1
2704	3822929
2705	-1
2706	3824755
2707	-1
2708	3826580
2709	-1
2710	3828406
2711	-1
2712	3830232
2713	3832057
2714	-1
2715	3833883
2716	-1
2717	3835708
2718	-1
2719	3837534
2720	-1
2721	3839360
2722	-1
2723	3841185
2724	3843011
2725	-1
2726	3844836
2727	-1
2728	3846662
2729	-1
2730	3848488
2731	-1
2732	3850313
2733	3852139
2734	-1
2735	3853964
2736	-1
2737	3855790
2738	-1
2739	3857616
2740	-1
2741	3859441
2742	-1
2743	3861267
2744	3863092
2745	-1
2746	3864918
2747	-1
2748	3866744
2749	-1
2750	3868569
2751	-1
2752	3870395
2753	-1
2754	3872220
2755	3874046
2756	-1
2757	3875872
2758	-1
2759	3877697
2760	-1
2761	3879523
2762	-1
2763	3881348
2764	-1
2765	3883174
2766	3885000
2767	-1
2768	3886825
2769	-1
2770	3888651
2771	-1
2772	3890476
2773	-1
2774	3892302
2775	3894128
2776	-1
2777	3895953
2778	-1
2779	3897779
2780	-1
2781	3899604
2782	-1
2783	3901430
2784	-1
2785	3903256
2786	3905081
2787	-1
2788	3906907
2789	-1
2790	3908732
2791	-1
2792	3910558
2793	-1
2794	3912384
2795	-1
2796	3914209
2797	3916035
2798	-1
2799	3917860
2800	-1
2801	3919686
2802	-1
2803	3921512
2804	-1
2805	3923337
2806	3925163
2807	-1
2808	3926988
2809	-1
2810	3928814
2811	-1
2812	3930640
2813	-1
2814	3932465
2815	-1
2816	3934291
2817	3936116
2818	-1
2819	3937942
2820	-1
2821	3939768
2822	-1
2823	3941593
2824	-1
2825	3943419
2826	-1
2827	3945244
2828	3947070
2829	-1
2830	3948896
2831	-1
2832	3950721
2833	-1
2834	3952547
2835	-1
2836	3954372
2837	-1
2838	3956198
2839	3958024
2840	-1
2841	3959849
2842	-1
2843	3961675
2844	-1
2845	3963500
2846	-1
2847	3965326
2848	3967152
2849	-1
2850	3968977
2851	-1
2852	3970803
2853	-1
2854	3972628
2855	-1
2856	3974454
2857	-1
2858	3976280
2859	3978105
2860	-1
2861	3979931
2862	-1
2863	3981756
2864	-1
2865	3983582
2866	-1
2867	3985408
2868	-1
2869	3987233
2870	3989059
2871	-1
2872	3990884
2873	-1
2874	3992710
2875	-1
2876	3994536
2877	-1
2878	3996361
2879	-1
2880	3998187
2881	4000012
2882	-1
2883	4001838
2884	-1
2885	4003664
2886	-1
2887	4005489
2888	-1
2889	4007315
2890	4009140
2891	-1
2892	4010966
2893	-1
2894	4012792
2895	-1
2896	4014617
2897	-1
2898	4016443
2899	-1
2900	4018268
2901	4020094
2902	-1
2903	4021920
2904	-1
2905	4023745
2906	-1
2907	4025571
2908	-1
2909	4027396
2910	-1
2911	4029222
2912	4031048
2913	-1
2914	4032873
2915	-1
2916	4034699
2917	-1
2918	4036524
2919	-1
2920	4038350
2921	-1
2922	4040176
2923	4042001
2924	-1
2925	4043827
2926	-1
2927	4045652
2928	-1
2929	4047478
2930	-1
2931	4049304
2932	4051129
2933	-1
2934	4052955
2935	-1
2936	4054780
2937	-1
2938	4056606
2939	-1
2940	4058432
2941	-1
2942	4060257
2943	4062083
2944	-1
2945	4063908
2946	-1
2947	4065734
2948	-1
2949	4067560
2950	-1
2951	4069385
2952	-1
2953	4071211
2954	4073036
2955	-1
2956	4074862
2957	-1
2958	4076688
2959	-1
2960	4078513
2961	-1
2962	4080339
2963	4082164
2964	-1
2965	4083990
2966	-1
2967	4085816
2968	-1
2969	4087641
2970	-1
2971	4089467
2972	-1
2973	4091292
2974	4093118
2975	-1
2976	4094944
2977	-1
2978	4096769
2979	-1
2980	4098595
2981	-1
2982	4100420
2983	-1
2984	4102246
2985	4104072
2986	-1
2987	4105897
2988	-1
2989	4107723
2990	-1
2991	4109548
2992	-1
2993	4111374
2994	-1
2995	4113200
2996	4115025
2997	-1
2998	4116851
2999	-1
3000	4118676
3001	-1
3002	4120502
3003	-1
3004	4122328
3005	4124153
3006	-1
3007	4125979
3008	-1
3009	4127804
3010	-1
3011	4129630
3012	-1
3013	4131456
3014	-1
3015	4133281
3016	4135107
3017	-1
3018	4136932
3019	-1
3020	4138758
3021	-1
3022	4140584
3023	-1
3024	4142409
3025	-1
3026	4144235
3027	4146060
3028	-1
3029	4147886
3030	-1
3031	4149712
3032	-1
3033	4151537
3034	-1
3035	4153363
3036	-1
3037	4155188
3038	4157014
3039	-1
3040	4158840
3041	-1
3042	4160665
3043	-1
3044	4162491
3045	-1
3046	4164316
3047	4166142
3048	-1
3049	4167968
3050	-1
3051	4169793
3052	-1
3053	4171619
3054	-1
3055	4173444
3056	-1
3057	4175270
3058	4177096
3059	-1
3060	4178921
3061	-1
3062	4180747
3063	-1
3064	4182572
3065	-1
3066	4184398
3067	-1
3068	4186224
3069	4188049
3070	-1
3071	4189875
3072	-1
3073	4191700
3074	-1
3075	4193526
3076	-1
3077	4195352
3078	-1
3079	4197177
3080	4199003
3081	-1
3082	4200828
3083	-1
3084	4202654
3085	-1
3086	4204480
3087	-1
3088	4206305
3089	4208131
3090	-1
3091	4209956
3092	-1
3093	4211782
3094	-1
3095	4213608
3096	-1
3097	4215433
3098	-1
3099	4217259
3100	4219084
3101	-1
3102	4220910
3103	-1
3104	4222736
3105	-1
3106	4224561
3107	-1
3108	4226387
3109	-1
3110	4228212
3111	4230038
3112	-1
3113	4231864
3114	-1
3115	4233689
3116	-1
3117	4235515
3118	-1
3119	4237340
3120	4239166
3121	-1
3122	4240992
3123	-1
3124	4242817
3125	-1
3126	4244643
3127	-1
3128	4246468
3129	-1
3130	4248294
3131	4250120
3132	-1
3133	4251945
3134	-1
3135	4253771
3136	-1
3137	4255596
3138	-1
3139	4257422
3140	-1
3141	4259248
3142	4261073
3143	-1
3144	4262899
3145	-1
3146	4264724
3147	-1
3148	4266550
3149	-1
3150	4268376
3151	-1
3152	4270201
3153	4272027
3154	-1
3155	4273852
3156	-1
3157	4275678
3158	-1
3159	4277504
3160	-1
3161	4279329
3162	4281155
3163	-1
3164	4282980
3165	-1
3166	4284806
3167	-1
3168	4286632
3169	-1
3170	4288457
3171	-1
3172	4290283
3173	4292108
3174	-1
3175	4293934
3176	-1
3177	4295760
3178	-1
3179	4297585
3180	-1
3181	4299411
3182	-1
3183	4301236
3184	4303062
3185	-1
3186	4304888
3187	-1
3188	4306713
3189	-1
3190	4308539
3191	-1
3192	4310364
3193	-1
3194	4312190
3195	4314016
3196	-1
3197	4315841
3198	-1
3199	4317667
3200	-1
3201	4319492
3202	-1
3203	4321318
3204	4323144
3205	-1
3206	4324969
3207	-1
3208	4326795
3209	-1
3210	4328620
3211	-1
3212	4330446
3213	-1
3214	4332272
3215	4334097
3216	-1
3217	4335923
3218	-1
3219	4337748
3220	-1
3221	4339574
3222	-1
3223	4341400
3224	-1
3225	4343225
3226	4345051
3227	-1
3228	4346876
3229	-1
3230	4348702
3231	-1
3232	4350528
3233	-1
3234	4352353
3235	-1
3236	4354179
3237	4356004
3238	-1
3239	4357830
3240	-1
3241	4359656
3242	-1
3243	4361481
3244	-1
3245	4363307
3246	4365132
3247	-1
3248	4366958
3249	-1
3250	4368784
3251	-1
3252	4370609
3253	-1
3254	4372435
3255	-1
3256	4374260
3257	4376086
3258	-1
3259	4377912
3260	-1
3261	4379737
3262	-1
3263	4381563
3264	-1
3265	4383388
3266	-1
3267	4385214
3268	4387040
3269	-1
3270	4388865
3271	-1
3272	4390691
3273	-1
3274	4392516
3275	-1
3276	4394342
3277	4396168
3278	-1
3279	4397993
3280	-1
3281	4399819
3282	-1
3283	4401644
3284	-1
3285	4403470
3286	-1
3287	4405296
3288	4407121
3289	-1
3290	4408947
3291	-1
3292	4410772
3293	-1
3294	4412598
3295	-1
3296	4414424
3297	-1
3298	4416249
3299	4418075
3300	-1
3301	4419900
3302	-1
3303	4421726
3304	-1
3305	4423552
3306	-1
3307	4425377
3308	-1
3309	4427203
3310	4429028
3311	-1
3312	4430854
3313	-1
3314	4432680
3315	-1
3316	4434505
3317	-1
3318	4436331
3319	4438156
3320	-1
3321	4439982
3322	-1
3323	4441808
3324	-1
3325	4443633
3326	-1
3327	4445459
3328	-1
3329	4447284
3330	4449110
3331	-1
3332	4450936
3333	-1
3334	4452761
3335	-1
3336	4454587
3337	-1
3338	4456412
3339	-1
3340	4458238
3341	4460064
3342	-1
3343	4461889
3344	-1
3345	4463715
3346	-1
3347	4465540
3348	-1
3349	4467366
3350	-1
3351	4469192
3352	4471017
3353	-1
3354	4472843
3355	-1
3356	4474668
3357	-1
3358	4476494
3359	-1
3360	4478320
3361	4480145
3362	-1
3363	4481971
3364	-1
3365	4483796
3366	-1
3367	4485622
3368	-1
3369	4487448
3370	-1
3371	4489273
3372	4491099
3373	-1
3374	4492924
3375	-1
3376	4494750
3377	-1
3378	4496576
3379	-1
3380	4498401
3381	-1
3382	4500227
3383	4502052
3384	-1
3385	4503878
3386	-1
3387	4505704
3388	-1
3389	4507529
3390	-1
3391	4509355
3392	-1
3393	4511180
3394	4513006
3395	-1
3396	4514832
3397	-1
3398	4516657
3399	-1
3400	4518483
3401	-1
3402	4520308
3403	4522134
3404	-1
3405	4523960
3406	-1
3407	4525785
3408	-1
3409	4527611
3410	-1
3411	4529436
3412	-1
3413	4531262
3414	4533088
3415	-1
3416	4534913
3417	-1
3418	4536739
3419	-1
3420	4538564
3421	-1
3422	4540390
3423	-1
3424	4542216
3425	4544041
3426	-1
3427	4545867
3428	-1
3429	4547692
3430	-1
3431	4549518
3432	-1
3433	4551344
3434	-1
3435	4553169
3436	4554995
3437	-1
3438	4556820
3439	-1
3440	4558646
3441	-1
3442	4560472
3443	-1
3444	4562297
3445	4564123
3446	-1
3447	4565948
3448	-1
3449	4567774
3450	-1
3451	4569600
3452	-1
3453	4571425
3454	-1
3455	4573251
3456	4575076
3457	-1
3458	4576902
3459	-1
3460	4578728
3461	-1
3462	4580553
3463	-1
3464	4582379
3465	-1
3466	4584204
3467	4586030
3468	-1
3469	4587856
3470	-1
3471	4589681
3472	-1
3473	4591507
3474	-1
3475	4593332
3476	4595158
3477	-1
3478	4596984
3479	-1
3480	4598809
3481	-1
3482	4600635
3483	-1
3484	4602460
3485	-1
3486	4604286
3487	4606112
3488	-1
3489	4607937
3490	-1
3491	4609763
3492	-1
3493	4611588
3494	-1
3495	4613414
3496	-1
3497	4615240
3498	4617065
3499	-1
3500	4618891
3501	-1
3502	4620716
3503	-1
3504	4622542
3505	-1
3506	4624368
3507	-1
3508	4626193
3509	4628019
3510	-1
3511	4629844
3512	-1
3513	4631670
3514	-1
3515	4633496
3516	-1
3517	4635321
3518	4637147
3519	-1
3520	4638972
3521	-1
3522	4640798
3523	-1
3524	4642624
3525	-1
3526	4644449
3527	-1
3528	4646275
3529	4648100
3530	-1
3531	4649926
3532	-1
3533	4651752
3534	-1
3535	4653577
3536	-1
3537	4655403
3538	-1
3539	4657228
3540	4659054
3541	-1
3542	4660880
3543	-1
3544	4662705
3545	-1
3546	4664531
3547	-1
3548	4666356
3549	-1
3550	4668182
3551	4670008
3552	-1
3553	4671833
3554	-1
3555	4673659
3556	-1
3557	4675484
3558	-1
3559	4677310
3560	4679136
3561	-1
3562	4680961
3563	-1
3564	4682787
3565	-1
3566	4684612
3567	-1
3568	4686438
3569	-1
3570	4688264
3571	4690089
3572	-1
3573	4691915
3574	-1
3575	4693740
3576	-1
3577	4695566
3578	-1
3579	4697392
3580	-1
3581	4699217
3582	4701043
3583	-1
3584	4702868
3585	-1
3586	4704694
3587	-1
3588	4706520
3589	-1
3590	4708345
3591	-1
3592	4710171
3593	4711996
3594	-1
3595	4713822
3596	-1
3597	4715648
3598	-1
3599	4717473
3600	-1
3601	4719299
3602	4721124
3603	-1
3604	4722950
3605	-1
3606	4724776
3607	-1
3608	4726601
3609	-1
3610	4728427
3611	-1
3612	4730252
3613	4732078
3614	-1
3615	4733904
3616	-1
3617	4735729
3618	-1
3619	4737555
3620	-1
3621	4739380
3622	-1
3623	4741206
3624	4743032
3625	-1
3626	4744857
3627	-1
3628	4746683
3629	-1
3630	4748508
3631	-1
3632	4750334
3633	4752160
3634	-1
3635	4753985
3636	-1
3637	4755811
3638	-1
3639	4757636
3640	-1
3641	4759462
3642	-1
3643	4761288
3644	4763113
3645	-1
3646	4764939
3647	-1
3648	4766764
3649	-1
3650	4768590
3651	-1
3652	4770416
3653	-1
3654	4772241
3655	4774067
3656	-1
3657	4775892
3658	-1
3659	4777718
3660	-1
3661	4779544
3662	-1
3663	4781369
3664	-1
3665	4783195
3666	4785020
3667	-1
3668	4786846
3669	-1
3670	4788672
3671	-1
3672	4790497
3673	-1
3674	4792323
3675	4794148
3676	-1
3677	4795974
3678	-1
3679	4797800
3680	-1
3681	4799625
3682	-1
3683	4801451
3684	-1
3685	4803276
3686	4805102
3687	-1
3688	4806928
3689	-1
3690	4808753
3691	-1
3692	4810579
3693	-1
3694	4812404
3695	-1
3696	4814230
3697	4816056
3698	-1
3699	4817881
3700	-1
3701	4819707
3702	-1
3703	4821532
3704	-1
3705	4823358
3706	-1
3707	4825184
3708	4827009
3709	-1
3710	4828835
3711	-1
3712	4830660
3713	-1
3714	4832486
3715	-1
3716	4834312
3717	4836137
3718	-1
3719	4837963
3720	-1
3721	4839788
3722	-1
3723	4841614
3724	-1
3725	4843440
3726	-1
3727	4845265
3728	4847091
3729	-1
3730	4848916
3731	-1
3732	4850742
3733	-1
3734	4852568
3735	-1
3736	4854393
3737	-1
3738	4856219
3739	4858044
3740	-1
3741	4859870
3742	-1
3743	4861696
3744	-1
3745	4863521
3746	-1
3747	4865347
3748	-1
3749	4867172
3750	4868998
3751	-1
3752	4870824
3753	-1
3754	4872649
3755	-1
3756	4874475
3757	-1
3758	4876300
3759	4878126
3760	-1
3761	4879952
3762	-1
3763	4881777
3764	-1
3765	4883603
3766	-1
3767	4885428
3768	-1
3769	4887254
3770	4889080
3771	-1
3772	4890905
3773	-1
3774	4892731
3775	-1
3776	4894556
3777	-1
3778	4896382
3779	-1
3780	4898208
3781	4900033
3782	-1
3783	4901859
3784	-1
3785	4903684
3786	-1
3787	4905510
3788	-1
3789	4907336
3790	4909161
3791	-1
3792	4910987
3793	-1
3794	4912812
3795	-1
3796	4914638
3797	-1
3798	4916464
3799	-1
3800	4918289
3801	4920115
3802	-1
3803	4921940
3804	-1
3805	4923766
3806	-1
3807	4925592
3808	-1
3809	4927417
3810	-1
3811	4929243
3812	4931068
3813	-1
3814	4932894
3815	-1
3816	4934720
3817	-1
3818	4936545
3819	-1
3820	4938371
3821	-1
3822	4940196
3823	4942022
3824	-1
3825	4943848
3826	-1
3827	4945673
3828	-1
3829	4947499
3830	-1
3831	4949324
3832	4951150
3833	-1
3834	4952976
3835	-1
3836	4954801
3837	-1
3838	4956627
3839	-1
3840	4958452
3841	-1
3842	4960278
3843	4962104
3844	-1
3845	4963929
3846	-1
3847	4965755
3848	-1
3849	4967580
3850	-1
3851	4969406
3852	-1
3853	4971232
3854	4973057
3855	-1
3856	4974883
3857	-1
3858	4976708
3859	-1
3860	4978534
3861	-1
3862	4980360
3863	-1
3864	4982185
3865	4984011
3866	-1
3867	4985836
3868	-1
3869	4987662
3870	-1
3871	4989488
3872	-1
3873	4991313
3874	4993139
3875	-1
3876	4994964
3877	-1
3878	4996790
3879	-1
3880	4998616
3881	-1
3882	5000441
3883	-1
3884	5002267
3885	5004092
3886	-1
3887	5005918
3888	-1
3889	5007744
3890	-1
3891	5009569
3892	-1
3893	5011395
3894	-1
3895	5013220
3896	5015046
3897	-1
3898	5016872
3899	-1
3900	5018697
3901	-1
3902	5020523
3903	-1
3904	5022348
3905	-1
3906	5024174
3907	5026000
3908	-1
3909	5027825
3910	-1
3911	5029651
3912	-1
3913	5031476
3914	-1
3915	5033302
3916	5035128
3917	-1
3918	5036953
3919	-1
3920	5038779
3921	-1
3922	5040604
3923	-1
3924	5042430
3925	-1
3926	5044256
3927	5046081
3928	-1
3929	5047907
3930	-1
3931	5049732
3932	-1
3933	5051558
3934	-1
3935	5053384
3936	-1
3937	5055209
3938	5057035
3939	-1
3940	5058860
3941	-1
3942	5060686
3943	-1
3944	5062512
3945	-1
3946	5064337
3947	5066163
3948	-1
3949	5067988
3950	-1
3951	5069814
3952	-1
3953	5071640
3954	-1
3955	5073465
3956	-1
3957	5075291
3958	5077116
3959	-1
3960	5078942
3961	-1
3962	5080768
3963	-1
3964	5082593
3965	-1
3966	5084419
3967	-1
3968	5086244
3969	5088070
3970	-1
3971	5089896
3972	-1
3973	5091721
3974	-1
3975	5093547
3976	-1
3977	5095372
3978	-1
3979	5097198
3980	5099024
3981	-1
3982	5100849
3983	-1
3984	5102675
3985	-1
3986	5104500
3987	-1
3988	5106326
3989	5108152
3990	-1
3991	5109977
3992	-1
3993	5111803
3994	-1
3995	5113628
3996	-1
3997	5115454
3998	-1
3999	5117280
4000	5119105
4001	-1
4002	5120931
4003	-1
4004	5122756
4005	-1
4006	5124582
4007	-1
4008	5126408
4009	-1
4010	5128233
4011	5130059
4012	-1
4013	5131884
4014	-1
4015	5133710
4016	-1
4017	5135536
4018	-1
4019	5137361
4020	-1
4021	5139187
4022	5141012
4023	-1
4024	5142838
4025	-1
4026	5144664
4027	-1
4028	5146489
4029	-1
4030	5148315
4031	5150140
4032	-1
4033	5151966
4034	-1
4035	5153792
4036	-1
4037	5155617
4038	-1
4039	5157443
4040	-1
4041	5159268
4042	5161094
4043	-1
4044	5162920
4045	-1
4046	5164745
4047	-1
4048	5166571
4049	-1
4050	5168396
4051	-1
4052	5170222
4053	5172048
4054	-1
4055	5173873
4056	-1
4057	5175699
4058	-1
4059	5177524
4060	-1
4061	5179350
4062	-1
4063	5181176
4064	5183001
4065	-1
4066	5184827
4067	-1
4068	5186652
4069	-1
4070	5188478
4071	-1
4072	5190304
4073	5192129
4074	-1
4075	5193955
4076	-1
4077	5195780
4078	-1
4079	5197606
4080	-1
4081	5199432
4082	-1
4083	5201257
4084	5203083
4085	-1
4086	5204908
4087	-1
4088	5206734
4089	-1
4090	5208560
4091	-1
4092	5210385
4093	-1
4094	5212211
4095	5214036
4096	-1
4097	5215862
4098	-1
4099	5217688
4100	-1
4101	5219513
4102	-1
4103	5221339
4104	5223164
4105	-1
4106	5224990
4107	-1
4108	5226816
4109	-1
4110	5228641
4111	-1
4112	5230467
4113	-1
4114	5232292
4115	5234118
4116	-1
4117	5235944
4118	-1
4119	5237769
4120	-1
4121	5239595
4122	-1
4123	5241420
4124	-1
4125	5243246
4126	5245072
4127	-1
4128	5246897
4129	-1
4130	5248723
4131	-1
4132	5250548
4133	-1
4134	5252374
4135	-1
4136	5254200
4137	5256025
4138	-1
4139	5257851
4140	-1
4141	5259676
4142	-1
4143	5261502
4144	-1
4145	5263328
4146	5265153
4147	-1
4148	5266979
4149	-1
4150	5268804
4151	-1
4152	5270630
4153	-1
4154	5272456
4155	-1
4156	5274281
4157	5276107
4158	-1
4159	5277932
4160	-1
4161	5279758
4162	-1
4163	5281584
4164	-1
4165	5283409
4166	-1
4167	5285235
4168	5287060
4169	-1
4170	5288886
4171	-1
4172	5290712
4173	-1
4174	5292537
4175	-1
4176	5294363
4177	-1
4178	5296188
4179	5298014
4180	-1
4181	5299840
4182	-1
4183	5301665
4184	-1
4185	5303491
4186	-1
4187	5305316
4188	5307142
4189	-1
4190	5308968
4191	-1
4192	5310793
4193	-1
4194	5312619
4195	-1
4196	5314444
4197	-1
4198	5316270
4199	5318096
4200	-1
4201	5319921
4202	-1
4203	5321747
4204	-1
4205	5323572
4206	-1
4207	5325398
4208	-1
4209	5327224
4210	5329049
4211	-1
4212	5330875
4213	-1
4214	5332700
4215	-1
4216	5334526
4217	-1
4218	5336352
4219	-1
4220	5338177
4221	5340003
4222	-1
4223	5341828
4224	-1
4225	5343654
4226	-1
4227	5345480
4228	-1
4229	5347305
4230	5349131
4231	-1
4232	5350956
4233	-1
4234	5352782
4235	-1
4236	5354608
4237	-1
4238	5356433
4239	-1
4240	5358259
4241	5360084
4242	-1
4243	5361910
4244	-1
4245	5363736
4246	-1
4247	5365561
4248	-1
4249	5367387
4250	-1
4251	5369212
4252	5371038
4253	-1
4254	5372864
4255	-1
4256	5374689
4257	-1
4258	5376515
4259	-1
4260	5378340
4261	5380166
4262	-1
4263	5381992
4264	-1
4265	5383817
4266	-1
4267	5385643
4268	-1
4269	5387468
4270	-1
4271	5389294
4272	5391120
4273	-1
4274	5392945
4275	-1
4276	5394771
4277	-1
4278	5396596
4279	-1
4280	5398422
4281	-1
4282	5400248
4283	5402073
4284	-1
4285	5403899
4286	-1
4287	5405724
4288	-1
4289	5407550
4290	-1
4291	5409376
4292	-1
4293	5411201
4294	5413027
4295	-1
4296	5414852
4297	-1
4298	5416678
4299	-1
4300	5418504
4301	-1
4302	5420329
4303	5422155
4304	-1
4305	5423980
4306	-1
4307	5425806
4308	-1
4309	5427632
4310	-1
4311	5429457
4312	-1
4313	5431283
4314	5433108
4315	-1
4316	5434934
4317	-1
4318	5436760
4319	-1
4320	5438585
4321	-1
4322	5440411
4323	-1
4324	5442236
4325	5444062
4326	-1
4327	5445888
4328	-1
4329	5447713
4330	-1
4331	5449539
4332	-1
4333	5451364
4334	-1
4335	5453190
4336	5455016
4337	-1
4338	5456841
4339	-1
4340	5458667
4341	-1
4342	5460492
4343	-1
4344	5462318
4345	5464144
4346	-1
4347	5465969
4348	-1
4349	5467795
4350	-1
4351	5469620
4352	-1
4353	5471446
4354	-1
4355	5473272
4356	5475097
4357	-1
4358	5476923
4359	-1
4360	5478748
4361	-1
4362	5480574
4363	-1
4364	5482400
4365	-1
4366	5484225
4367	5486051
4368	-1
4369	5487876
4370	-1
4371	5489702
4372	-1
4373	5491528
4374	-1
4375	5493353
4376	-1
4377	5495179
4378	5497004
4379	-1
4380	5498830
4381	-1
4382	5500656
4383	-1
4384	5502481
4385	-1
4386	5504307
4387	5506132
4388	-1
4389	5507958
4390	-1
4391	5509784
4392	-1
4393	5511609
4394	-1
4395	5513435
4396	-1
4397	5515260
4398	5517086
4399	-1
4400	5518912
4401	-1
4402	5520737
4403	-1
4404	5522563
4405	-1
4406	5524388
4407	-1
4408	5526214
4409	5528040
4410	-1
4411	5529865
4412	-1
4413	5531691
4414	-1
4415	5533516
4416	-1
4417	5535342
4418	5537168
4419	-1
4420	5538993
4421	-1
4422	5540819
4423	-1
4424	5542644
4425	-1
4426	5544470
4427	-1
4428	5546296
4429	5548121
4430	-1
4431	5549947
4432	-1
4433	5551772
4434	-1
4435	5553598
4436	-1
4437	5555424
4438	-1
4439	5557249
4440	5559075
4441	-1
4442	5560900
4443	-1
4444	5562726
4445	-1
4446	5564552
4447	-1
4448	5566377
4449	-1
4450	5568203
4451	5570028
4452	-1
4453	5571854
4454	-1
4455	5573680
4456	-1
4457	5575505
4458	-1
4459	5577331
4460	5579156
4461	-1
4462	5580982
4463	-1
4464	5582808
4465	-1
4466	5584633
4467	-1
4468	5586459
4469	-1
4470	5588284
4471	5590110
4472	-1
4473	5591936
4474	-1
4475	5593761
4476	-1
4477	5595587
4478	-1
4479	5597412
4480	-1
4481	5599238
4482	5601064
4483	-1
4484	5602889
4485	-1
4486	5604715
4487	-1
4488	5606540
4489	-1
4490	5608366
4491	-1
4492	5610192
4493	5612017
4494	-1
4495	5613843
4496	-1
4497	5615668
4498	-1
4499	5617494
4500	-1
4501	5619320
4502	5621145
4503	-1
4504	5622971
4505	-1
4506	5624796
4507	-1
4508	5626622
4509	-1
4510	5628448
4511	-1
4512	5630273
4513	5632099
4514	-1
4515	5633924
4516	-1
4517	5635750
4518	-1
4519	5637576
4520	-1
4521	5639401
4522	-1
4523	5641227
4524	5643052
4525	-1
4526	5644878
4527	-1
4528	5646704
4529	-1
4530	5648529
4531	-1
4532	5650355
4533	-1
4534	5652180
4535	5654006
4536	-1
4537	5655832
4538	-1
4539	5657657
4540	-1
4541	5659483
4542	-1
4543	5661308
4544	5663134
4545	-1
4546	5664960
4547	-1
4548	5666785
4549	-1
4550	5668611
4551	-1
4552	5670436
4553	-1
4554	5672262
4555	5674088
4556	-1
4557	5675913
4558	-1
4559	5677739
4560	-1
4561	5679564
4562	-1
4563	5681390
4564	-1
4565	5683216
4566	5685041
4567	-1
4568	5686867
4569	-1
4570	5688692
4571	-1
4572	5690518
4573	-1
4574	5692344
4575	-1
4576	5694169
4577	5695995
4578	-1
4579	5697820
4580	-1
4581	5699646
4582	-1
4583	5701472
4584	-1
4585	5703297
4586	5705123
4587	-1
4588	5706948
4589	-1
4590	5708774
4591	-1
4592	5710600
4593	-1
4594	5712425
4595	-1
4596	5714251
4597	5716076
4598	-1
4599	5717902
4600	-1
4601	5719728
4602	-1
4603	5721553
4604	-1
4605	5723379
4606	-1
4607	5725204
4608	5727030
4609	-1
4610	5728856
4611	-1
4612	5730681
4613	-1
4614	5732507
4615	-1
4616	5734332
4617	5736158
4618	-1
4619	5737984
4620	-1
4621	5739809
4622	-1
4623	5741635
4624	-1
4625	5743460
4626	-1
4627	5745286
4628	5747112
4629	-1
4630	5748937
4631	-1
4632	5750763
4633	-1
4634	5752588
4635	-1
4636	5754414
4637	-1
4638	5756240
4639	5758065
4640	-1
4641	5759891
4642	-1
4643	5761716
4644	-1
4645	5763542
4646	-1
4647	5765368
4648	-1
4649	5767193
4650	5769019
4651	-1
4652	5770844
4653	-1
4654	5772670
4655	-1
4656	5774496
4657	-1
4658	5776321
4659	5778147
4660	-1
4661	5779972
4662	-1
4663	5781798
4664	-1
4665	5783624
4666	-1
4667	5785449
4668	-1
4669	5787275
4670	5789100
4671	-1
4672	5790926
4673	-1
4674	5792752
4675	-1
4676	5794577
4677	-1
4678	5796403
4679	-1
4680	5798228
4681	5800054
4682	-1
4683	5801880
4684	-1
4685	5803705
4686	-1
4687	5805531
4688	-1
4689	5807356
4690	-1
4691	5809182
4692	5811008
4693	-1
4694	5812833
4695	-1
4696	5814659
4697	-1
4698	5816484
4699	-1
4700	5818310
4701	5820136
4702	-1
4703	5821961
4704	-1
4705	5823787
4706	-1
4707	5825612
4708	-1
4709	5827438
4710	-1
4711	5829264
4712	5831089
4713	-1
4714	5832915
4715	-1
4716	5834740
4717	-1
4718	5836566
4719	-1
4720	5838392
4721	-1
4722	5840217
4723	5842043
4724	-1
4725	5843868
4726	-1
4727	5845694
4728	-1
4729	5847520
4730	-1
4731	5849345
4732	-1
4733	5851171
4734	5852996
4735	-1
4736	5854822
4737	-1
4738	5856648
4739	-1
4740	5858473
4741	-1
4742	5860299
4743	5862124
4744	-1
4745	5863950
4746	-1
4747	5865776
4748	-1
4749	5867601
4750	-1
4751	5869427
4752	-1
4753	5871252
4754	5873078
4755	-1
4756	5874904
4757	-1
4758	5876729
4759	-1
4760	5878555
4761	-1
4762	5880380
4763	-1
4764	5882206
4765	5884032
4766	-1
4767	5885857
4768	-1
4769	5887683
4770	-1
4771	5889508
4772	-1
4773	5891334
4774	5893160
4775	-1
4776	5894985
4777	-1
4778	5896811
4779	-1
4780	5898636
4781	-1
4782	5900462
4783	-1
4784	5902288
4785	5904113
4786	-1
4787	5905939
4788	-1
4789	5907764
4790	-1
4791	5909590
4792	-1
4793	5911416
4794	-1
4795	5913241
4796	5915067
4797	-1
4798	5916892
4799	-1
4800	5918718
4801	-1
4802	5920544
4803	-1
4804	5922369
4805	-1
4806	5924195
4807	5926020
4808	-1
4809	5927846
4810	-1
4811	5929672
4812	-1
4813	5931497
4814	-1
4815	5933323
4816	5935148
4817	-1
4818	5936974
4819	-1
4820	5938800
4821	-1
4822	5940625
4823	-1
4824	5942451
4825	-1
4826	5944276
4827	5946102
4828	-1
4829	5947928
4830	-1
4831	5949753
4832	-1
4833	5951579
4834	-1
4835	5953404
4836	-1
4837	5955230
4838	5957056
4839	-1
4840	5958881
4841	-1
4842	5960707
4843	-1
4844	5962532
4845	-1
4846	5964358
4847	-1
4848	5966184
4849	5968009
4850	-1
4851	5969835
4852	-1
4853	5971660
4854	-1
4855	5973486
4856	-1
4857	5975312
4858	5977137
4859	-1
4860	5978963
4861	-1
4862	5980788
4863	-1
4864	5982614
4865	-1
4866	5984440
4867	-1
4868	5986265
4869	5988091
4870	-1
4871	5989916
4872	-1
4873	5991742
4874	-1
4875	5993568
4876	-1
4877	5995393
4878	-1
4879	5997219
4880	5999044
4881	-1
4882	6000870
4883	-1
4884	6002696
4885	-1
4886	6004521
4887	-1
4888	6006347
4889	-1
4890	6008172
4891	6009998
4892	-1
4893	6011824
4894	-1
4895	6013649
4896	-1
4897	6015475
4898	-1
4899	6017300
4900	6019126
4901	-1
4902	6020952
4903	-1
4904	6022777
4905	-1
4906	6024603
4907	-1
4908	6026428
4909	-1
4910	6028254
4911	6030080
4912	-1
4913	6031905
4914	-1
4915	6033731
4916	-1
4917	6035556
4918	-1
4919	6037382
4920	-1
4921	6039208
4922	6041033
4923	-1
4924	6042859
4925	-1
4926	6044684
4927	-1
4928	6046510
4929	-1
4930	6048336
4931	6050161
4932	-1
4933	6051987
4934	-1
4935	6053812
4936	-1
4937	6055638
4938	-1
4939	6057464
4940	-1
4941	6059289
4942	6061115
4943	-1
4944	6062940
4945	-1
4946	6064766
4947	-1
4948	6066592
4949	-1
4950	6068417
4951	-1
4952	6070243
4953	6072068
4954	-1
4955	6073894
4956	-1
4957	6075720
4958	-1
4959	6077545
4960	-1
4961	6079371
4962	-1
4963	6081196
4964	6083022
4965	-1
4966	6084848
4967	-1
4968	6086673
4969	-1
4970	6088499
4971	-1
4972	6090324
4973	6092150
4974	-1
4975	6093976
4976	-1
4977	6095801
4978	-1
4979	6097627
4980	-1
4981	6099452
4982	-1
4983	6101278
4984	6103104
4985	-1
4986	6104929
4987	-1
4988	6106755
4989	-1
4990	6108580
4991	-1
4992	6110406
4993	-1
4994	6112232
4995	6114057
4996	-1
4997	6115883
4998	-1
4999	6117708
5000	-1
5001	6119534
5002	-1
5003	6121360
5004	-1
5005	6123185
5006	6125011
5007	-1
5008	6126836
5009	-1
5010	6128662
5011	-1
5012	6130488
5013	-1
5014	6132313
5015	6134139
5016	-1
5017	6135964
5018	-1
5019	6137790
5020	-1
5021	6139616
5022	-1
5023	6141441
5024	-1
5025	6143267
5026	6145092
5027	-1
5028	6146918
5029	-1
5030	6148744
5031	-1
5032	6150569
5033	-1
5034	6152395
5035	-1
5036	6154220
5037	6156046
5038	-1
5039	6157872
5040	-1
5041	6159697
5042	-1
5043	6161523
5044	-1
5045	6163348
5046	-1
5047	6165174
5048	6167000
5049	-1
5050	6168825
5051	-1
5052	6170651
5053	-1
5054	6172476
5055	-1
5056	6174302
5057	6176128
5058	-1
5059	6177953
5060	-1
5061	6179779
5062	-1
5063	6181604
5064	-1
5065	6183430
5066	-1
5067	6185256
5068	6187081
5069	-1
5070	6188907
5071	-1
5072	6190732
5073	-1
5074	6192558
5075	-1
5076	6194384
5077	-1
5078	6196209
5079	6198035
5080	-1
5081	6199860
5082	-1
5083	6201686
5084	-1
5085	6203512
5086	-1
5087	6205337
5088	6207163
5089	-1
5090	6208988
5091	-1
5092	6210814
5093	-1
5094	6212640
5095	-1
5096	6214465
5097	-1
5098	6216291
5099	6218116
5100	-1
5101	6219942
5102	-1
5103	6221768
5104	-1
5105	6223593
5106	-1
5107	6225419
5108	-1
5109	6227244
5110	6229070
5111	-1
5112	6230896
5113	-1
5114	6232721
5115	-1
5116	6234547
5117	-1
5118	6236372
5119	-1
5120	6238198
5121	6240024
5122	-1
5123	6241849
5124	-1
5125	6243675
5126	-1
5127	6245500
5128	-1
5129	6247326
5130	6249152
5131	-1
5132	6250977
5133	-1
5134	6252803
5135	-1
5136	6254628
5137	-1
5138	6256454
5139	-1
5140	6258280
5141	6260105
5142	-1
5143	6261931
5144	-1
5145	6263756
5146	-1
5147	6265582
5148	-1
5149	6267408
5150	-1
5151	6269233
5152	6271059
5153	-1
5154	6272884
5155	-1
5156	6274710
5157	-1
5158	6276536
5159	-1
5160	6278361
5161	-1
5162	6280187
5163	6282012
5164	-1
5165	6283838
5166	-1
5167	6285664
5168	-1
5169	6287489
5170	-1
5171	6289315
5172	6291140
5173	-1
5174	6292966
5175	-1
5176	6294792
5177	-1
5178	6296617
5179	-1
5180	6298443
5181	-1
5182	6300268
5183	6302094
5184	-1
5185	6303920
5186	-1
5187	6305745
5188	-1
5189	6307571
5190	-1
5191	6309396
5192	-1
5193	6311222
5194	6313048
5195	-1
5196	6314873
5197	-1
5198	6316699
5199	-1
5200	6318524
5201	-1
5202	6320350
5203	-1
5204	6322176
5205	6324001
5206	-1
5207	6325827
5208	-1
5209	6327652
5210	-1
5211	6329478
5212	-1
5213	6331304
5214	6333129
5215	-1
5216	6334955
5217	-1
5218	6336780
5219	-1
5220	6338606
5221	-1
5222	6340432
5223	-1
5224	6342257
5225	6344083
5226	-1
5227	6345908
5228	-1
5229	6347734
5230	-1
5231	6349560
5232	-1
5233	6351385
5234	-1
5235	6353211
5236	6355036
5237	-1
5238	6356862
5239	-1
5240	6358688
5241	-1
5242	6360513
5243	-1
5244	6362339
5245	6364164
5246	-1
5247	6365990
5248	-1
5249	6367816
5250	-1
5251	6369641
5252	-1
5253	6371467
5254	-1
5255	6373292
5256	6375118
5257	-1
5258	6376944
5259	-1
5260	6378769
5261	-1
5262	6380595
5263	-1
5264	6382420
5265	-1
5266	6384246
5267	6386072
5268	-1
5269	6387897
5270	-1
5271	6389723
5272	-1
5273	6391548
5274	-1
5275	6393374
5276	-1
5277	6395200
5278	6397025
5279	-1
5280	6398851
5281	-1
5282	6400676
5283	-1
5284	6402502
5285	-1
5286	6404328
5287	6406153
5288	-1
5289	6407979
5290	-1
5291	6409804
5292	-1
5293	6411630
5294	-1
5295	6413456
5296	-1
5297	6415281
5298	6417107
5299	-1
5300	6418932
5301	-1
5302	6420758
5303	-1
5304	6422584
5305	-1
5306	6424409
5307	-1
5308	6426235
5309	6428060
5310	-1
5311	6429886
5312	-1
5313	6431712
5314	-1
5315	6433537
5316	-1
5317	6435363
5318	-1
5319	6437188
5320	6439014
5321	-1
5322	6440840
5323	-1
5324	6442665
5325	-1
5326	6444491
5327	-1
5328	6446316
5329	6448142
5330	-1
5331	6449968
5332	-1
5333	6451793
5334	-1
5335	6453619
5336	-1
5337	6455444
5338	-1
5339	6457270
5340	6459096
5341	-1
5342	6460921
5343	-1
5344	6462747
5345	-1
5346	6464572
5347	-1
5348	6466398
5349	-1
5350	6468224
5351	6470049
5352	-1
5353	6471875
5354	-1
5355	6473700
5356	-1
5357	6475526
5358	-1
5359	6477352
5360	-1
5361	6479177
5362	6481003
5363	-1
5364	6482828
5365	-1
5366	6484654
5367	-1
5368	6486480
5369	-1
5370	6488305
5371	6490131
5372	-1
5373	6491956
5374	-1
5375	6493782
5376	-1
5377	6495608
5378	-1
5379	6497433
5380	-1
5381	6499259
5382	6501084
5383	-1
5384	6502910
5385	-1
5386	6504736
5387	-1
5388	6506561
5389	-1
5390	6508387
5391	-1
5392	6510212
5393	6512038
5394	-1
5395	6513864
5396	-1
5397	6515689
5398	-1
5399	6517515
5400	-1
5401	6519340
5402	6521166
5403	-1
5404	6522992
5405	-1
5406	6524817
5407	-1
5408	6526643
5409	-1
5410	6528468
5411	-1
5412	6530294
5413	6532120
5414	-1
5415	6533945
5416	-1
5417	6535771
5418	-1
5419	6537596
5420	-1
5421	6539422
5422	-1
5423	6541248
5424	6543073
5425	-1
5426	6544899
5427	-1
5428	6546724
5429	-1
5430	6548550
5431	-1
5432	6550376
5433	-1
5434	6552201
5435	6554027
5436	-1
5437	6555852
5438	-1
5439	6557678
5440	-1
5441	6559504
5442	-1
5443	6561329
5444	6563155
5445	-1
5446	6564980
5447	-1
5448	6566806
5449	-1
5450	6568632
5451	-1
5452	6570457
5453	-1
5454	6572283
5455	6574108
5456	-1
5457	6575934
5458	-1
5459	6577760
5460	-1
5461	6579585
5462	-1
5463	6581411
5464	-1
5465	6583236
5466	6585062
5467	-1
5468	6586888
5469	-1
5470	6588713
5471	-1
5472	6590539
5473	-1
5474	6592364
5475	-1
5476	6594190
5477	6596016
5478	-1
5479	6597841
5480	-1
5481	6599667
5482	-1
5483	6601492
5484	-1
5485	6603318
5486	6605144
5487	-1
5488	6606969
5489	-1
5490	6608795
5491	-1
5492	6610620
5493	-1
5494	6612446
5495	-1
5496	6614272
5497	6616097
5498	-1
5499	6617923
5500	-1
5501	6619748
5502	-1
5503	6621574
5504	-1
5505	6623400
5506	-1
5507	6625225
5508	6627051
5509	-1
5510	6628876
5511	-1
5512	6630702
5513	-1
5514	6632528
5515	-1
5516	6634353
5517	-1
5518	6636179
5519	6638004
5520	-1
5521	6639830
5522	-1
5523	6641656
5524	-1
5525	6643481
5526	-1
5527	6645307
5528	6647132
5529	-1
5530	6648958
5531	-1
5532	6650784
5533	-1
5534	6652609
5535	-1
5536	6654435
5537	-1
5538	6656260
5539	6658086
5540	-1
5541	6659912
5542	-1
5543	6661737
5544	-1
5545	6663563
5546	-1
5547	6665388
5548	-1
5549	6667214
5550	6669040
5551	-1
5552	6670865
5553	-1
5554	6672691
5555	-1
5556	6674516
5557	-1
5558	6676342
5559	6678168
5560	-1
5561	6679993
5562	-1
5563	6681819
5564	-1
5565	6683644
5566	-1
5567	6685470
5568	-1
5569	6687296
5570	6689121
5571	-1
5572	6690947
5573	-1
5574	6692772
5575	-1
5576	6694598
5577	-1
5578	6696424
5579	-1
5580	6698249
5581	6700075
5582	-1
5583	6701900
5584	-1
5585	6703726
5586	-1
5587	6705552
5588	-1
5589	6707377
5590	-1
5591	6709203
5592	6711028
5593	-1
5594	6712854
5595	-1
5596	6714680
5597	-1
5598	6716505
5599	-1
5600	6718331
5601	6720156
5602	-1
5603	6721982
5604	-1
5605	6723808
5606	-1
5607	6725633
5608	-1
5609	6727459
5610	-1
5611	6729284
5612	6731110
5613	-1
5614	6732936
5615	-1
5616	6734761
5617	-1
5618	6736587
5619	-1
5620	6738412
5621	-1
5622	6740238
5623	6742064
5624	-1
5625	6743889
5626	-1
5627	6745715
5628	-1
5629	6747540
5630	-1
5631	6749366
5632	-1
5633	6751192
5634	6753017
5635	-1
5636	6754843
5637	-1
5638	6756668
5639	-1
5640	6758494
5641	-1
5642	6760320
5643	6762145
5644	-1
5645	6763971
5646	-1
5647	6765796
5648	-1
5649	6767622
5650	-1
5651	6769448
5652	-1
5653	6771273
5654	6773099
5655	-1
5656	6774924
5657	-1
5658	6776750
5659	-1
5660	6778576
5661	-1
5662	6780401
5663	-1
5664	6782227
5665	6784052
5666	-1
5667	6785878
5668	-1
5669	6787704
5670	-1
5671	6789529
5672	-1
5673	6791355
5674	-1
5675	6793180
5676	6795006
5677	-1
5678	6796832
5679	-1
5680	6798657
5681	-1
5682	6800483
5683	-1
5684	6802308
5685	6804134
5686	-1
5687	6805960
5688	-1
5689	6807785
5690	-1
5691	6809611
5692	-1
5693	6811436
5694	-1
5695	6813262
5696	6815088
5697	-1
5698	6816913
5699	-1
5700	6818739
5701	-1
5702	6820564
5703	-1
5704	6822390
5705	-1
5706	6824216
5707	6826041
5708	-1
5709	6827867
5710	-1
5711	6829692
5712	-1
5713	6831518
5714	-1
5715	6833344
5716	-1
5717	6835169
5718	6836995
5719	-1
5720	6838820
5721	-1
5722	6840646
5723	-1
5724	6842472
5725	-1
5726	6844297
5727	6846123
5728	-1
5729	6847948
5730	-1
5731	6849774
5732	-1
5733	6851600
5734	-1
5735	6853425
5736	-1
5737	6855251
5738	6857076
5739	-1
5740	6858902
5741	-1
5742	6860728
5743	-1
5744	6862553
5745	-1
5746	6864379
5747	-1
5748	6866204
5749	6868030
5750	-1
5751	6869856
5752	-1
5753	6871681
5754	-1
5755	6873507
5756	-1
5757	6875332
5758	6877158
5759	-1
5760	6878984
5761	-1
5762	6880809
5763	-1
5764	6882635
5765	-1
5766	6884460
5767	-1
5768	6886286
5769	6888112
5770	-1
5771	6889937
5772	-1
5773	6891763
5774	-1
5775	6893588
5776	-1
5777	6895414
5778	-1
5779	6897240
5780	6899065
5781	-1
5782	6900891
5783	-1
5784	6902716
5785	-1
5786	6904542
5787	-1
5788	6906368
5789	-1
5790	6908193
5791	6910019
5792	-1
5793	6911844
5794	-1
5795	6913670
5796	-1
5797	6915496
5798	-1
5799	6917321
5800	6919147
5801	-1
5802	6920972
5803	-1
5804	6922798
5805	-1
5806	6924624
5807	-1
5808	6926449
5809	-1
5810	6928275
5811	6930100
5812	-1
5813	6931926
5814	-1
5815	6933752
5816	-1
5817	6935577
5818	-1
5819	6937403
5820	-1
5821	6939228
5822	6941054
5823	-1
5824	6942880
5825	-1
5826	6944705
5827	-1
5828	6946531
5829	-1
5830	6948356
5831	-1
5832	6950182
5833	6952008
5834	-1
5835	6953833
5836	-1
5837	6955659
5838	-1
5839	6957484
5840	-1
5841	6959310
5842	6961136
5843	-1
5844	6962961
5845	-1
5846	6964787
5847	-1
5848	6966612
5849	-1
5850	6968438
5851	-1
5852	6970264
5853	6972089
5854	-1
5855	6973915
5856	-1
5857	6975740
5858	-1
5859	6977566
5860	-1
5861	6979392
5862	-1
5863	6981217
5864	6983043
5865	-1
5866	6984868
5867	-1
5868	6986694
5869	-1
5870	6988520
5871	-1
5872	6990345
5873	-1
5874	6992171
5875	6993996
5876	-1
5877	6995822
5878	-1
5879	6997648
5880	-1
5881	6999473
5882	-1
5883	7001299
5884	7003124
5885	-1
5886	7004950
5887	-1
5888	7006776
5889	-1
5890	7008601
5891	-1
5892	7010427
5893	-1
5894	7012252
5895	7014078
5896	-1
5897	7015904
5898	-1
5899	7017729
5900	-1
5901	7019555
5902	-1
5903	7021380
5904	-1
5905	7023206
5906	7025032
5907	-1
5908	7026857
5909	-1
5910	7028683
5911	-1
5912	7030508
5913	-1
5914	7032334
5915	7034160
5916	-1
5917	7035985
5918	-1
5919	7037811
5920	-1
5921	7039636
5922	-1
5923	7041462
5924	-1
5925	7043288
5926	7045113
5927	-1
5928	7046939
5929	-1
5930	7048764
5931	-1
5932	7050590
5933	-1
5934	7052416
5935	-1
5936	7054241
5937	7056067
5938	-1
5939	7057892
5940	-1
5941	7059718
5942	-1
5943	7061544
5944	-1
5945	7063369
5946	-1
5947	7065195
5948	7067020
5949	-1
5950	7068846
5951	-1
5952	7070672
5953	-1
5954	7072497
5955	-1
5956	7074323
5957	7076148
5958	-1
5959	7077974
5960	-1
5961	7079800
5962	-1
5963	7081625
5964	-1
5965	7083451
5966	-1
5967	7085276
5968	7087102
5969	-1
5970	7088928
5971	-1
5972	7090753
5973	-1
5974	7092579
5975	-1
5976	7094404
5977	-1
5978	7096230
5979	7098056
5980	-1
5981	7099881
5982	-1
5983	7101707
5984	-1
5985	7103532
5986	-1
5987	7105358
5988	-1
5989	7107184
5990	7109009
5991	-1
5992	7110835
5993	-1
5994	7112660
5995	-1
5996	7114486
5997	-1
5998	7116312
5999	7118137
6000	-1
6001	7119963
6002	-1
6003	7121788
6004	-1
6005	7123614
6006	-1
6007	7125440
6008	-1
6009	7127265
6010	7129091
6011	-1
6012	7130916
6013	-1
6014	7132742
6015	-1
6016	7134568
6017	-1
6018	7136393
6019	-1
6020	7138219
6021	7140044
6022	-1
6023	7141870
6024	-1
6025	7143696
6026	-1
6027	7145521
6028	-1
6029	7147347
6030	-1
6031	7149172
6032	7150998
6033	-1
6034	7152824
6035	-1
6036	7154649
6037	-1
6038	7156475
6039	-1
6040	7158300
6041	7160126
6042	-1
6043	7161952
6044	-1
6045	7163777
6046	-1
6047	7165603
6048	-1
6049	7167428
6050	-1
6051	7169254
6052	7171080
6053	-1
6054	7172905
6055	-1
6056	7174731
6057	-1
6058	7176556
6059	-1
6060	7178382
6061	-1
6062	7180208
6063	7182033
6064	-1
6065	7183859
6066	-1
6067	7185684
6068	-1
6069	7187510
6070	-1
6071	7189336
6072	7191161
6073	-1
6074	7192987
6075	-1
6076	7194812
6077	-1
6078	7196638
6079	-1
6080	7198464
6081	-1
6082	7200289
6083	7202115
6084	-1
6085	7203940
6086	-1
6087	7205766
6088	-1
6089	7207592
6090	-1
6091	7209417
6092	-1
6093	7211243
6094	7213068
6095	-1
6096	7214894
6097	-1
6098	7216720
6099	-1
6100	7218545
6101	-1
6102	7220371
6103	-1
6104	7222196
6105	7224022
6106	-1
6107	7225848
6108	-1
6109	7227673
6110	-1
6111	7229499
6112	-1
6113	7231324
6114	7233150
6115	-1
6116	7234976
6117	-1
6118	7236801
6119	-1
6120	7238627
6121	-1
6122	7240452
6123	-1
6124	7242278
6125	7244104
6126	-1
6127	7245929
6128	-1
6129	7247755
6130	-1
6131	7249580
6132	-1
6133	7251406
6134	-1
6135	7253232
6136	7255057
6137	-1
6138	7256883
6139	-1
6140	7258708
6141	-1
6142	7260534
6143	-1
6144	7262360
6145	-1
6146	7264185
6147	7266011
6148	-1
6149	7267836
6150	-1
6151	7269662
6152	-1
6153	7271488
6154	-1
6155	7273313
6156	7275139
6157	-1
6158	7276964
6159	-1
6160	7278790
6161	-1
6162	7280616
6163	-1
6164	7282441
6165	-1
6166	7284267
6167	7286092
6168	-1
6169	7287918
6170	-1
6171	7289744
6172	-1
6173	7291569
6174	-1
6175	7293395
6176	-1
6177	7295220
6178	7297046
6179	-1
6180	7298872
6181	-1
6182	7300697
6183	-1
6184	7302523
6185	-1
6186	7304348
6187	-1
6188	7306174
6189	7308000
6190	-1
6191	7309825
6192	-1
6193	7311651
6194	-1
6195	7313476
6196	-1
6197	7315302
6198	7317128
6199	-1
6200	7318953
6201	-1
6202	7320779
6203	-1
6204	7322604
6205	-1
6206	7324430
6207	-1
6208	7326256
6209	7328081
6210	-1
6211	7329907
6212	-1
6213	7331732
6214	-1
6215	7333558
6216	-1
6217	7335384
6218	-1
6219	7337209
6220	7339035
6221	-1
6222	7340860
6223	-1
6224	7342686
6225	-1
6226	7344512
6227	-1
6228	7346337
6229	7348163
6230	-1
6231	7349988
6232	-1
6233	7351814
6234	-1
6235	7353640
6236	-1
6237	7355465
6238	-1
6239	7357291
6240	7359116
6241	-1
6242	7360942
6243	-1
6244	7362768
6245	-1
6246	7364593
6247	-1
6248	7366419
6249	-1
6250	7368244
6251	7370070
6252	-1
6253	7371896
6254	-1
6255	7373721
6256	-1
6257	7375547
6258	-1
6259	7377372
6260	-1
6261	7379198
6262	7381024
6263	-1
6264	7382849
6265	-1
6266	7384675
6267	-1
6268	7386500
6269	-1
6270	7388326
6271	7390152
6272	-1
6273	7391977
6274	-1
6275	7393803
6276	-1
6277	7395628
6278	-1
6279	7397454
6280	-1
6281	7399280
6282	7401105
6283	-1
6284	7402931
6285	-1
6286	7404756
6287	-1
6288	7406582
6289	-1
6290	7408408
6291	-1
6292	7410233
6293	7412059
6294	-1
6295	7413884
6296	-1
6297	7415710
6298	-1
6299	7417536
6300	-1
6301	7419361
6302	-1
6303	7421187
6304	7423012
6305	-1
6306	7424838
6307	-1
6308	7426664
6309	-1
6310	7428489
6311	-1
6312	7430315
6313	7432140
6314	-1
6315	7433966
6316	-1
6317	7435792
6318	-1
6319	7437617
6320	-1
6321	7439443
6322	-1
6323	7441268
6324	7443094
6325	-1
6326	7444920
6327	-1
6328	7446745
6329	-1
6330	7448571
6331	-1
6332	7450396
6333	-1
6334	7452222
6335	7454048
6336	-1
6337	7455873
6338	-1
6339	7457699
6340	-1
6341	7459524
6342	-1
6343	7461350
6344	-1
6345	7463176
6346	7465001
6347	-1
6348	7466827
6349	-1
6350	7468652
6351	-1
6352	7470478
6353	-1
6354	7472304
6355	7474129
6356	-1
6357	7475955
6358	-1
6359	7477780
6360	-1
6361	7479606
6362	-1
6363	7481432
6364	-1
6365	7483257
6366	7485083
6367	-1
6368	7486908
6369	-1
6370	7488734
6371	-1
6372	7490560
6373	-1
6374	7492385
6375	-1
6376	7494211
6377	7496036
6378	-1
6379	7497862
6380	-1
6381	7499688
6382	-1
6383	7501513
6384	-1
6385	7503339
6386	7505164
6387	-1
6388	7506990
6389	-1
6390	7508816
6391	-1
6392	7510641
6393	-1
6394	7512467
6395	-1
6396	7514292
6397	7516118
6398	-1
6399	7517944
6400	-1
6401	7519769
6402	-1
6403	7521595
6404	-1
6405	7523420
6406	-1
6407	7525246
6408	7527072
6409	-1
6410	7528897
6411	-1
6412	7530723
6413	-1
6414	7532548
6415	-1
6416	7534374
6417	-1
6418	7536200
6419	7538025
6420	-1
6421	7539851
6422	-1
6423	7541676
6424	-1
6425	7543502
6426	-1
6427	7545328
6428	7547153
6429	-1
6430	7548979
6431	-1
6432	7550804
6433	-1
6434	7552630
6435	-1
6436	7554456
6437	-1
6438	7556281
6439	7558107
6440	-1
6441	7559932
6442	-1
6443	7561758
6444	-1
6445	7563584
6446	-1
6447	7565409
6448	-1
6449	7567235
6450	7569060
6451	-1
6452	7570886
6453	-1
6454	7572712
6455	-1
6456	7574537
6457	-1
6458	7576363
6459	-1
6460	7578188
6461	7580014
6462	-1
6463	7581840
6464	-1
6465	7583665
6466	-1
6467	7585491
6468	-1
6469	7587316
6470	7589142
6471	-1
6472	7590968
6473	-1
6474	7592793
6475	-1
6476	7594619
6477	-1
6478	7596444
6479	-1
6480	7598270
6481	7600096
6482	-1
6483	7601921
6484	-1
6485	7603747
6486	-1
6487	7605572
6488	-1
6489	7607398
6490	-1
6491	7609224
6492	7611049
6493	-1
6494	7612875
6495	-1
6496	7614700
6497	-1
6498	7616526
6499	-1
6500	7618352
6501	-1
6502	7620177
6503	7622003
6504	-1
6505	7623828
6506	-1
6507	7625654
6508	-1
6509	7627480
6510	-1
6511	7629305
6512	7631131
6513	-1
6514	7632956
6515	-1
6516	7634782
6517	-1
6518	7636608
6519	-1
6520	7638433
6521	-1
6522	7640259
6523	7642084
6524	-1
6525	7643910
6526	-1
6527	7645736
6528	-1
6529	7647561
6530	-1
6531	7649387
6532	-1
6533	7651212
6534	7653038
6535	-1
6536	7654864
6537	-1
6538	7656689
6539	-1
6540	7658515
6541	-1
6542	7660340
6543	7662166
6544	-1
6545	7663992
6546	-1
6547	7665817
6548	-1
6549	7667643
6550	-1
6551	7669468
6552	-1
6553	7671294
6554	7673120
6555	-1
6556	7674945
6557	-1
6558	7676771
6559	-1
6560	7678596
6561	-1
6562	7680422
6563	-1
6564	7682248
6565	7684073
6566	-1
6567	7685899
6568	-1
6569	7687724
6570	-1
6571	7689550
6572	-1
6573	7691376
6574	-1
6575	7693201
6576	7695027
6577	-1
6578	7696852
6579	-1
6580	7698678
6581	-1
6582	7700504
6583	-1
6584	7702329
6585	7704155
6586	-1
6587	7705980
6588	-1
6589	7707806
6590	-1
6591	7709632
6592	-1
6593	7711457
6594	-1
6595	7713283
6596	7715108
6597	-1
6598	7716934
6599	-1
6600	7718760
6601	-1
6602	7720585
6603	-1
6604	7722411
6605	-1
6606	7724236
6607	7726062
6608	-1
6609	7727888
6610	-1
6611	7729713
6612	-1
6613	7731539
6614	-1
6615	7733364
6616	-1
6617	7735190
6618	7737016
6619	-1
6620	7738841
6621	-1
6622	7740667
6623	-1
6624	7742492
6625	-1
6626	7744318
6627	7746144
6628	-1
6629	7747969
6630	-1
6631	7749795
6632	-1
6633	7751620
6634	-1
6635	7753446
6636	-1
6637	7755272
6638	7757097
6639	-1
6640	7758923
6641	-1
6642	7760748
6643	-1
6644	7762574
6645	-1
6646	7764400
6647	-1
6648	7766225
6649	7768051
6650	-1
6651	7769876
6652	-1
6653	7771702
6654	-1
6655	7773528
6656	-1
6657	7775353
6658	-1
6659	7777179
6660	7779004
6661	-1
6662	7780830
6663	-1
6664	7782656
6665	-1
6666	7784481
6667	-1
6668	7786307
6669	7788132
6670	-1
6671	7789958
6672	-1
6673	7791784
6674	-1
6675	7793609
6676	-1
6677	7795435
6678	-1
6679	7797260
6680	7799086
6681	-1
6682	7800912
6683	-1
6684	7802737
6685	-1
6686	7804563
6687	-1
6688	7806388
6689	-1
6690	7808214
6691	7810040
6692	-1
6693	7811865
6694	-1
6695	7813691
6696	-1
6697	7815516
6698	-1
6699	7817342
6700	7819168
6701	-1
6702	7820993
6703	-1
6704	7822819
6705	-1
6706	7824644
6707	-1
6708	7826470
6709	-1
6710	7828296
6711	7830121
6712	-1
6713	7831947
6714	-1
6715	7833772
6716	-1
6717	7835598
6718	-1
6719	7837424
6720	-1
6721	7839249
6722	7841075
6723	-1
6724	7842900
6725	-1
6726	7844726
6727	-1
6728	7846552
6729	-1
6730	7848377
6731	-1
6732	7850203
6733	7852028
6734	-1
6735	7853854
6736	-1
6737	7855680
6738	-1
6739	7857505
6740	-1
6741	7859331
6742	7861156
6743	-1
6744	7862982
6745	-1
6746	7864808
6747	-1
6748	7866633
6749	-1
6750	7868459
6751	-1
6752	7870284
6753	7872110
6754	-1
6755	7873936
6756	-1
6757	7875761
6758	-1
6759	7877587
6760	-1
6761	7879412
6762	-1
6763	7881238
6764	7883064
6765	-1
6766	7884889
6767	-1
6768	7886715
6769	-1
6770	7888540
6771	-1
6772	7890366
6773	-1
6774	7892192
6775	7894017
6776	-1
6777	7895843
6778	-1
6779	7897668
6780	-1
6781	7899494
6782	-1
6783	7901320
6784	7903145
6785	-1
6786	7904971
6787	-1
6788	7906796
6789	-1
6790	7908622
6791	-1
6792	7910448
6793	-1
6794	7912273
6795	7914099
6796	-1
6797	7915924
6798	-1
6799	7917750
6800	-1
6801	7919576
6802	-1
6803	7921401
6804	-1
6805	7923227
6806	7925052
6807	-1
6808	7926878
6809	-1
6810	7928704
6811	-1
6812	7930529
6813	-1
6814	7932355
6815	-1
6816	7934180
6817	7936006
6818	-1
6819	7937832
6820	-1
6821	7939657
6822	-1
6823	7941483
6824	-1
6825	7943308
6826	7945134
6827	-1
6828	7946960
6829	-1
6830	7948785
6831	-1
6832	7950611
6833	-1
6834	7952436
6835	-1
6836	7954262
6837	7956088
6838	-1
6839	7957913
6840	-1
6841	7959739
6842	-1
6843	7961564
6844	-1
6845	7963390
6846	-1
6847	7965216
6848	7967041
6849	-1
6850	7968867
6851	-1
6852	7970692
6853	-1
6854	7972518
6855	-1
6856	7974344
6857	-1
6858	7976169
6859	7977995
6860	-1
6861	7979820
6862	-1
6863	7981646
6864	-1
6865	7983472
6866	-1
6867	7985297
6868	7987123
6869	-1
6870	7988948
6871	-1
6872	7990774
6873	-1
6874	7992600
6875	-1
6876	7994425
6877	-1
6878	7996251
6879	7998076
6880	-1
6881	7999902
6882	-1
6883	8001728
6884	-1
6885	8003553
6886	-1
6887	8005379
6888	-1
6889	8007204
6890	8009030
6891	-1
6892	8010856
6893	-1
6894	8012681
6895	-1
6896	8014507
6897	-1
6898	8016332
6899	8018158
6900	-1
6901	8019984
6902	-1
6903	8021809
6904	-1
6905	8023635
6906	-1
6907	8025460
6908	-1
6909	8027286
6910	8029112
6911	-1
6912	8030937
6913	-1
6914	8032763
6915	-1
6916	8034588
6917	-1
6918	8036414
6919	-1
6920	8038240
6921	8040065
6922	-1
6923	8041891
6924	-1
6925	8043716
6926	-1
6927	8045542
6928	-1
6929	8047368
6930	-1
6931	8049193
6932	8051019
6933	-1
6934	8052844
6935	-1
6936	8054670
6937	-1
6938	8056496
6939	-1
6940	8058321
6941	8060147
6942	-1
6943	8061972
6944	-1
6945	8063798
6946	-1
6947	8065624
6948	-1
6949	8067449
6950	-1
6951	8069275
6952	8071100
6953	-1
6954	8072926
6955	-1
6956	8074752
6957	-1
6958	8076577
6959	-1
6960	8078403
6961	-1
6962	8080228
6963	8082054
6964	-1
6965	8083880
6966	-1
6967	8085705
6968	-1
6969	8087531
6970	-1
6971	8089356
6972	-1
6973	8091182
6974	8093008
6975	-1
6976	8094833
6977	-1
6978	8096659
6979	-1
6980	8098484
6981	-1
6982	8100310
6983	8102136
6984	-1
6985	8103961
6986	-1
6987	8105787
6988	-1
6989	8107612
6990	-1
6991	8109438
6992	-1
6993	8111264
6994	8113089
6995	-1
6996	8114915
6997	-1
6998	8116740
6999	-1
7000	8118566
7001	-1
7002	8120392
7003	-1
7004	8122217
7005	8124043
7006	-1
7007	8125868
7008	-1
7009	8127694
7010	-1
7011	8129520
7012	-1
7013	8131345
7014	-1
7015	8133171
7016	8134996
7017	-1
7018	8136822
7019	-1
7020	8138648
7021	-1
7022	8140473
7023	-1
7024	8142299
7025	8144124
7026	-1
7027	8145950
7028	-1
7029	8147776
7030	-1
7031	8149601
7032	-1
7033	8151427
7034	-1
7035	8153252
7036	8155078
7037	-1
7038	8156904
7039	-1
7040	8158729
7041	-1
7042	8160555
7043	-1
7044	8162380
7045	-1
7046	8164206
7047	8166032
7048	-1
7049	8167857
7050	-1
7051	8169683
7052	-1
7053	8171508
7054	-1
7055	8173334
7056	8175160
7057	-1
7058	8176985
7059	-1
7060	8178811
7061	-1
7062	8180636
7063	-1
7064	8182462
7065	-1
7066	8184288
7067	8186113
7068	-1
7069	8187939
7070	-1
7071	8189764
7072	-1
7073	8191590
7074	-1
7075	8193416
7076	-1
7077	8195241
7078	8197067
7079	-1
7080	8198892
7081	-1
7082	8200718
7083	-1
7084	8202544
7085	-1
7086	8204369
7087	-1
7088	8206195
7089	8208020
7090	-1
7091	8209846
7092	-1
7093	8211672
7094	-1
7095	8213497
7096	-1
7097	8215323
7098	8217148
7099	-1
7100	8218974
7101	-1
7102	8220800
7103	-1
7104	8222625
7105	-1
7106	8224451
7107	-1
7108	8226276
7109	8228102
7110	-1
7111	8229928
7112	-1
7113	8231753
7114	-1
7115	8233579
7116	-1
7117	8235404
7118	-1
7119	8237230
7120	8239056
7121	-1
7122	8240881
7123	-1
7124	8242707
7125	-1
7126	8244532
7127	-1
7128	8246358
7129	-1
7130	8248184
7131	8250009
7132	-1
7133	8251835
7134	-1
7135	8253660
7136	-1
7137	8255486
7138	-1
7139	8257312
7140	8259137
7141	-1
7142	8260963
7143	-1
7144	8262788
7145	-1
7146	8264614
7147	-1
7148	8266440
7149	-1
7150	8268265
7151	8270091
7152	-1
7153	8271916
7154	-1
7155	8273742
7156	-1
7157	8275568
7158	-1
7159	8277393
7160	-1
7161	8279219
7162	8281044
7163	-1
7164	8282870
7165	-1
7166	8284696
7167	-1
7168	8286521
7169	-1
7170	8288347
7171	-1
7172	8290172
7173	8291998
7174	-1
7175	8293824
7176	-1
7177	8295649
7178	-1
7179	8297475
7180	-1
7181	8299300
7182	8301126
7183	-1
7184	8302952
7185	-1
7186	8304777
7187	-1
7188	8306603
7189	-1
7190	8308428
7191	-1
7192	8310254
7193	8312080
7194	-1
7195	8313905
7196	-1
7197	8315731
7198	-1
7199	8317556
7200	-1
7201	8319382
7202	-1
7203	8321208
7204	8323033
7205	-1
7206	8324859
7207	-1
7208	8326684
7209	-1
7210	8328510
7211	-1
7212	8330336
7213	8332161
7214	-1
7215	8333987
7216	-1
7217	8335812
7218	-1
7219	8337638
7220	-1
7221	8339464
7222	-1
7223	8341289
7224	8343115
7225	-1
7226	8344940
7227	-1
7228	8346766
7229	-1
7230	8348592
7231	-1
7232	8350417
7233	-1
7234	8352243
7235	8354068
7236	-1
7237	8355894
7238	-1
7239	8357720
7240	-1
7241	8359545
7242	-1
7243	8361371
7244	-1
7245	8363196
7246	8365022
7247	-1
7248	8366848
7249	-1
7250	8368673
7251	-1
7252	8370499
7253	-1
7254	8372324
7255	8374150
7256	-1
7257	8375976
7258	-1
7259	8377801
7260	-1
7261	8379627
7262	-1
7263	8381452
7264	-1
7265	8383278
7266	8385104
7267	-1
7268	8386929
7269	-1
7270	8388755
7271	-1
7272	8390580
7273	-1
7274	8392406
7275	-1
7276	8394232
7277	8396057
7278	-1
7279	8397883
7280	-1
7281	8399708
7282	-1
7283	8401534
7284	-1
7285	8403360
7286	-1
7287	8405185
7288	8407011
7289	-1
7290	8408836
7291	-1
7292	8410662
7293	-1
7294	8412488
7295	-1
7296	8414313
7297	8416139
7298	-1
7299	8417964
7300	-1
7301	8419790
7302	-1
7303	8421616
7304	-1
7305	8423441
7306	-1
7307	8425267
7308	8427092
7309	-1
7310	8428918
7311	-1
7312	8430744
7313	-1
7314	8432569
7315	-1
7316	8434395
7317	-1
7318	8436220
7319	8438046
7320	-1
7321	8439872
7322	-1
7323	8441697
7324	-1
7325	8443523
7326	-1
7327	8445348
7328	-1
7329	8447174
7330	8449000
7331	-1
7332	8450825
7333	-1
7334	8452651
7335	-1
7336	8454476
7337	-1
7338	8456302
7339	8458128
7340	-1
7341	8459953
7342	-1
7343	8461779
7344	-1
7345	8463604
7346	-1
7347	8465430
7348	-1
7349	8467256
7350	8469081
7351	-1
7352	8470907
7353	-1
7354	8472732
7355	-1
7356	8474558
7357	-1
7358	8476384
7359	-1
7360	8478209
7361	8480035
7362	-1
7363	8481860
7364	-1
7365	8483686
7366	-1
7367	8485512
7368	-1
7369	8487337
7370	8489163
7371	-1
7372	8490988
7373	-1
7374	8492814
7375	-1
7376	8494640
7377	-1
7378	8496465
7379	-1
7380	8498291
7381	8500116
7382	-1
7383	8501942
7384	-1
7385	8503768
7386	-1
7387	8505593
7388	-1
7389	8507419
7390	-1
7391	8509244
7392	8511070
7393	-1
7394	8512896
7395	-1
7396	8514721
7397	-1
7398	8516547
7399	-1
7400	8518372
7401	-1
7402	8520198
7403	8522024
7404	-1
7405	8523849
7406	-1
7407	8525675
7408	-1
7409	8527500
7410	-1
7411	8529326
7412	8531152
7413	-1
7414	8532977
7415	-1
7416	8534803
7417	-1
7418	8536628
7419	-1
7420	8538454
7421	-1
7422	8540280
7423	8542105
7424	-1
7425	8543931
7426	-1
7427	8545756
7428	-1
7429	8547582
7430	-1
7431	8549408
7432	-1
7433	8551233
7434	8553059
7435	-1
7436	8554884
7437	-1
7438	8556710
7439	-1
7440	8558536
7441	-1
7442	8560361
7443	-1
7444	8562187
7445	8564012
7446	-1
7447	8565838
7448	-1
7449	8567664
7450	-1
7451	8569489
7452	-1
7453	8571315
7454	8573140
7455	-1
7456	8574966
7457	-1
7458	8576792
7459	-1
7460	8578617
7461	-1
7462	8580443
7463	-1
7464	8582268
7465	8584094
7466	-1
7467	8585920
7468	-1
7469	8587745
7470	-1
7471	8589571
7472	-1
7473	8591396
7474	-1
7475	8593222
7476	8595048
7477	-1
7478	8596873
7479	-1
7480	8598699
7481	-1
7482	8600524
7483	-1
7484	8602350
7485	-1
7486	8604176
7487	8606001
7488	-1
7489	8607827
7490	-1
7491	8609652
7492	-1
7493	8611478
7494	-1
7495	8613304
7496	8615129
7497	-1
7498	8616955
7499	-1
7500	8618780
7501	-1
7502	8620606
7503	-1
7504	8622432
7505	-1
7506	8624257
7507	8626083
7508	-1
7509	8627908
7510	-1
7511	8629734
7512	-1
7513	8631560
7514	-1
7515	8633385
7516	-1
7517	8635211
7518	8637036
7519	-1
7520	8638862
7521	-1
7522	8640688
7523	-1
7524	8642513
7525	-1
7526	8644339
7527	8646164
7528	-1
7529	8647990
7530	-1
7531	8649816
7532	-1
7533	8651641
7534	-1
7535	8653467
7536	-1
7537	8655292
7538	8657118
7539	-1
7540	8658944
7541	-1
7542	8660769
7543	-1
7544	8662595
7545	-1
7546	8664420
7547	-1
7548	8666246
7549	8668072
7550	-1
7551	8669897
7552	-1
7553	8671723
7554	-1
7555	8673548
7556	-1
7557	8675374
7558	-1
7559	8677200
7560	8679025
7561	-1
7562	8680851
7563	-1
7564	8682676
7565	-1
7566	8684502
7567	-1
7568	8686328
7569	8688153
7570	-1
7571	8689979
7572	-1
7573	8691804
7574	-1
7575	8693630
7576	-1
7577	8695456
7578	-1
7579	8697281
7580	8699107
7581	-1
7582	8700932
7583	-1
7584	8702758
7585	-1
7586	8704584
7587	-1
7588	8706409
7589	-1
7590	8708235
7591	8710060
7592	-1
7593	8711886
7594	-1
7595	8713712
7596	-1
7597	8715537
7598	-1
7599	8717363
7600	-1
7601	8719188
7602	8721014
7603	-1
7604	8722840
7605	-1
7606	8724665
7607	-1
7608	8726491
7609	-1
7610	8728316
7611	8730142
7612	-1
7613	8731968
7614	-1
7615	8733793
7616	-1
7617	8735619
7618	-1
7619	8737444
7620	-1
7621	8739270
7622	8741096
7623	-1
7624	8742921
7625	-1
7626	8744747
7627	-1
7628	8746572
7629	-1
7630	8748398
7631	-1
7632	8750224
7633	8752049
7634	-1
7635	8753875
7636	-1
7637	8755700
7638	-1
7639	8757526
7640	-1
7641	8759352
7642	-1
7643	8761177
7644	8763003
7645	-1
7646	8764828
7647	-1
7648	8766654
7649	-1
7650	8768480
7651	-1
7652	8770305
7653	8772131
7654	-1
7655	8773956
7656	-1
7657	8775782
7658	-1
7659	8777608
7660	-1
7661	8779433
7662	-1
7663	8781259
7664	8783084
7665	-1
7666	8784910
7667	-1
7668	8786736
7669	-1
7670	8788561
7671	-1
7672	8790387
7673	-1
7674	8792212
7675	8794038
7676	-1
7677	8795864
7678	-1
7679	8797689
7680	-1
7681	8799515
7682	-1
7683	8801340
7684	8803166
7685	-1
7686	8804992
7687	-1
7688	8806817
7689	-1
7690	8808643
7691	-1
7692	8810468
7693	-1
7694	8812294
7695	8814120
7696	-1
7697	8815945
7698	-1
7699	8817771
7700	-1
7701	8819596
7702	-1
7703	8821422
7704	-1
7705	8823248
7706	8825073
7707	-1
7708	8826899
7709	-1
7710	8828724
7711	-1
7712	8830550
7713	-1
7714	8832376
7715	-1
7716	8834201
7717	8836027
7718	-1
7719	8837852
7720	-1
7721	8839678
7722	-1
7723	8841504
7724	-1
7725	8843329
7726	8845155
7727	-1
7728	8846980
7729	-1
7730	8848806
7731	-1
7732	8850632
7733	-1
7734	8852457
7735	-1
7736	8854283
7737	8856108
7738	-1
7739	8857934
7740	-1
7741	8859760
7742	-1
7743	8861585
7744	-1
7745	8863411
7746	-1
7747	8865236
7748	8867062
7749	-1
7750	8868888
7751	-1
7752	8870713
7753	-1
7754	8872539
7755	-1
7756	8874364
7757	-1
7758	8876190
7759	8878016
7760	-1
7761	8879841
7762	-1
7763	8881667
7764	-1
7765	8883492
7766	-1
7767	8885318
7768	8887144
7769	-1
7770	8888969
7771	-1
7772	8890795
7773	-1
7774	8892620
7775	-1
7776	8894446
7777	-1
7778	8896272
7779	8898097
7780	-1
7781	8899923
7782	-1
7783	8901748
7784	-1
7785	8903574
7786	-1
7787	8905400
7788	-1
7789	8907225
7790	8909051
7791	-1
7792	8910876
7793	-1
7794	8912702
7795	-1
7796	8914528
7797	-1
7798	8916353
7799	-1
7800	8918179
7801	8920004
7802	-1
7803	8921830
7804	-1
7805	8923656
7806	-1
7807	8925481
7808	-1
7809	8927307
7810	8929132
7811	-1
7812	8930958
7813	-1
7814	8932784
7815	-1
7816	8934609
7817	-1
7818	8936435
7819	-1
7820	8938260
7821	8940086
7822	-1
7823	8941912
7824	-1
7825	8943737
7826	-1
7827	8945563
7828	-1
7829	8947388
7830	-1
7831	8949214
7832	8951040
7833	-1
7834	8952865
7835	-1
7836	8954691
7837	-1
7838	8956516
7839	-1
7840	8958342
7841	8960168
7842	-1
7843	8961993
7844	-1
7845	8963819
7846	-1
7847	8965644
7848	-1
7849	8967470
7850	-1
7851	8969296
7852	8971121
7853	-1
7854	8972947
7855	-1
7856	8974772
7857	-1
7858	8976598
7859	-1
7860	8978424
7861	-1
7862	8980249
7863	8982075
7864	-1
7865	8983900
7866	-1
7867	8985726
7868	-1
7869	8987552
7870	-1
7871	8989377
7872	-1
7873	8991203
7874	8993028
7875	-1
7876	8994854
7877	-1
7878	8996680
7879	-1
7880	8998505
7881	-1
7882	9000331
7883	9002156
7884	-1
7885	9003982
7886	-1
7887	9005808
7888	-1
7889	9007633
7890	-1
7891	9009459
7892	-1
7893	9011284
7894	9013110
7895	-1
7896	9014936
7897	-1
7898	9016761
7899	-1
7900	9018587
7901	-1
7902	9020412
7903	-1
7904	9022238
7905	9024064
7906	-1
7907	9025889
7908	-1
7909	9027715
7910	-1
7911	9029540
7912	-1
7913	9031366
7914	-1
7915	9033192
7916	9035017
7917	-1
7918	9036843
7919	-1
7920	9038668
7921	-1
7922	9040494
7923	-1
7924	9042320
7925	9044145
7926	-1
7927	9045971
7928	-1
7929	9047796
7930	-1
7931	9049622
7932	-1
7933	9051448
7934	-1
7935	9053273
7936	9055099
7937	-1
7938	9056924
7939	-1
7940	9058750
7941	-1
7942	9060576
7943	-1
7944	9062401
7945	-1
7946	9064227
7947	9066052
7948	-1
7949	9067878
7950	-1
7951	9069704
7952	-1
7953	9071529
7954	-1
7955	9073355
7956	-1
7957	9075180
7958	9077006
7959	-1
7960	9078832
7961	-1
7962	9080657
7963	-1
7964	9082483
7965	-1
7966	9084308
7967	9086134
7968	-1
7969	9087960
7970	-1
7971	9089785
7972	-1
7973	9091611
7974	-1
7975	9093436
7976	-1
7977	9095262
7978	9097088
7979	-1
7980	9098913
7981	-1
7982	9100739
7983	-1
7984	9102564
7985	-1
7986	9104390
7987	-1
7988	9106216
7989	9108041
7990	-1
7991	9109867
7992	-1
7993	9111692
7994	-1
7995	9113518
7996	-1
7997	9115344
7998	-1
7999	9117169
