0	1012418
1	1016982
2	-1
3	-1
4	-1
5	1021546
6	-1
7	-1
8	-1
9	-1
10	1026110
11	-1
12	-1
13	-1
14	1030674
15	-1
16	-1
17	-1
18	-1
19	1035238
20	-1
21	-1
22	-1
23	1039802
24	-1
25	-1
26	-1
27	-1
28	1044366
29	-1
30	-1
31	-1
32	1048930
33	-1
34	-1
35	-1
36	-1
37	1053494
38	-1
39	-1
40	-1
41	-1
42	1058058
43	-1
44	-1
45	-1
46	1062622
47	-1
48	-1
49	-1
50	-1
51	1067186
52	-1
53	-1
54	-1
55	1071750
56	-1
57	-1
58	-1
59	-1
60	1076314
61	-1
62	-1
63	-1
64	1080878
65	-1
66	-1
67	-1
68	-1
69	1085442
70	-1
71	-1
72	-1
73	-1
74	1090006
75	-1
76	-1
77	-1
78	1094570
79	-1
80	-1
81	-1
82	-1
83	1099134
84	-1
85	-1
86	-1
87	1103698
88	-1
89	-1
90	-1
91	-1
92	1108262
93	-1
94	-1
95	-1
96	1112826
97	-1
98	-1
99	-1
100	-1
101	1117390
102	-1
103	-1
104	-1
105	-1
106	1121954
107	-1
108	-1
109	-1
110	1126518
111	-1
112	-1
113	-1
114	-1
115	1131082
116	-1
117	-1
118	-1
119	1135646
120	-1
121	-1
122	-1
123	-1
124	1140210
125	-1
126	-1
127	-1
128	1144774
129	-1
130	-1
131	-1
132	-1
133	1149338
134	-1
135	-1
136	-1
137	1153902
138	-1
139	-1
140	-1
141	-1
142	1158466
143	-1
144	-1
145	-1
146	-1
147	1163030
148	-1
149	-1
150	-1
151	1167594
152	-1
153	-1
154	-1
155	-1
156	1172158
157	-1
158	-1
159	-1
160	1176722
161	-1
162	-1
163	-1
164	-1
165	1181286
166	-1
167	-1
168	-1
169	1185850
170	-1
171	-1
172	-1
173	-1
174	1190414
175	-1
176	-1
177	-1
178	-1
179	1194978
180	-1
181	-1
182	-1
183	1199542
184	-1
185	-1
186	-1
187	-1
188	1204106
189	-1
190	-1
191	-1
192	1208670
193	-1
194	-1
195	-1
196	-1
197	1213234
198	-1
199	-1
200	-1
201	1217798
202	-1
203	-1
204	-1
205	-1
206	1222362
207	-1
208	-1
209	-1
210	1226926
211	-1
212	-1
213	-1
214	-1
215	1231490
216	-1
217	-1
218	-1
219	-1
220	1236054
221	-1
222	-1
223	-1
224	1240618
225	-1
226	-1
227	-1
228	-1
229	1245182
230	-1
231	-1
232	-1
233	1249746
234	-1
235	-1
236	-1
237	-1
238	1254310
239	-1
240	-1
241	-1
242	1258874
243	-1
244	-1
245	-1
246	-1
247	1263438
248	-1
249	-1
250	-1
251	-1
252	1268002
253	-1
254	-1
255	-1
256	1272566
257	-1
258	-1
259	-1
260	-1
261	1277130
262	-1
263	-1
264	-1
265	1281694
266	-1
267	-1
268	-1
269	-1
270	1286258
271	-1
272	-1
273	-1
274	1290822
275	-1
276	-1
277	-1
278	-1
279	1295386
280	-1
281	-1
282	-1
283	-1
284	1299950
285	-1
286	-1
287	-1
288	1304514
289	-1
290	-1
291	-1
292	-1
293	1309078
294	-1
295	-1
296	-1
297	1313642
298	-1
299	-1
300	-1
301	-1
302	1318206
303	-1
304	-1
305	-1
306	1322770
307	-1
308	-1
309	-1
310	-1
311	1327334
312	-1
313	-1
314	-1
315	1331898
316	-1
317	-1
318	-1
319	-1
320	1336462
321	-1
322	-1
323	-1
324	-1
325	1341026
326	-1
327	-1
328	-1
329	1345590
330	-1
331	-1
332	-1
333	-1
334	1350154
335	-1
336	-1
337	-1
338	1354718
339	-1
340	-1
341	-1
342	-1
343	1359282
344	-1
345	-1
346	-1
347	1363846
348	-1
349	-1
350	-1
351	-1
352	1368410
353	-1
354	-1
355	-1
356	-1
357	1372974
358	-1
359	-1
360	-1
361	1377538
362	-1
363	-1
364	-1
365	-1
366	1382102
367	-1
368	-1
369	-1
370	1386666
371	-1
372	-1
373	-1
374	-1
375	1391230
376	-1
377	-1
378	-1
379	1395794
380	-1
381	-1
382	-1
383	-1
384	1400358
385	-1
386	-1
387	-1
388	1404922
389	-1
390	-1
391	-1
392	-1
393	1409486
394	-1
395	-1
396	-1
397	-1
398	1414050
399	-1
400	-1
401	-1
402	1418614
403	-1
404	-1
405	-1
406	-1
407	1423178
408	-1
409	-1
410	-1
411	1427742
412	-1
413	-1
414	-1
415	-1
416	1432306
417	-1
418	-1
419	-1
420	1436870
421	-1
422	-1
423	-1
424	-1
425	1441434
426	-1
427	-1
428	-1
429	-1
430	1445998
431	-1
432	-1
433	-1
434	1450562
435	-1
436	-1
437	-1
438	-1
439	1455126
440	-1
441	-1
442	-1
443	1459690
444	-1
445	-1
446	-1
447	-1
448	1464254
449	-1
450	-1
451	-1
452	1468818
453	-1
454	-1
455	-1
456	-1
457	1473382
458	-1
459	-1
460	-1
461	-1
462	1477946
463	-1
464	-1
465	-1
466	1482510
467	-1
468	-1
469	-1
470	-1
471	1487074
472	-1
473	-1
474	-1
475	1491638
476	-1
477	-1
478	-1
479	-1
480	1496202
481	-1
482	-1
483	-1
484	1500766
485	-1
486	-1
487	-1
488	-1
489	1505330
490	-1
491	-1
492	-1
493	1509894
494	-1
495	-1
496	-1
497	-1
498	1514458
499	-1
500	-1
501	-1
502	-1
503	1519022
504	-1
505	-1
506	-1
507	1523586
508	-1
509	-1
510	-1
511	-1
512	1528150
513	-1
514	-1
515	-1
516	1532714
517	-1
518	-1
519	-1
520	-1
521	1537278
522	-1
523	-1
524	-1
525	1541842
526	-1
527	-1
528	-1
529	-1
530	1546406
531	-1
532	-1
533	-1
534	-1
535	1550970
536	-1
537	-1
538	-1
539	1555534
540	-1
541	-1
542	-1
543	-1
544	1560098
545	-1
546	-1
547	-1
548	1564662
549	-1
550	-1
551	-1
552	-1
553	1569226
554	-1
555	-1
556	-1
557	1573790
558	-1
559	-1
560	-1
561	-1
562	1578354
563	-1
564	-1
565	-1
566	1582918
567	-1
568	-1
569	-1
570	-1
571	1587482
572	-1
573	-1
574	-1
575	-1
576	1592046
577	-1
578	-1
579	-1
580	1596610
581	-1
582	-1
583	-1
584	-1
585	1601174
586	-1
587	-1
588	-1
589	1605738
590	-1
591	-1
592	-1
593	-1
594	1610302
595	-1
596	-1
597	-1
598	1614866
599	-1
600	-1
601	-1
602	-1
603	1619430
604	-1
605	-1
606	-1
607	-1
608	1623994
609	-1
610	-1
611	-1
612	1628558
613	-1
614	-1
615	-1
616	-1
617	1633122
618	-1
619	-1
620	-1
621	1637686
622	-1
623	-1
624	-1
625	-1
626	1642250
627	-1
628	-1
629	-1
630	1646814
631	-1
632	-1
633	-1
634	-1
635	1651378
636	-1
637	-1
638	-1
639	-1
640	1655942
641	-1
642	-1
643	-1
644	1660506
645	-1
646	-1
647	-1
648	-1
649	1665070
650	-1
651	-1
652	-1
653	1669634
654	-1
655	-1
656	-1
657	-1
658	1674198
659	-1
660	-1
661	-1
662	1678762
663	-1
664	-1
665	-1
666	-1
667	1683326
668	-1
669	-1
670	-1
671	1687890
672	-1
673	-1
674	-1
675	-1
676	1692454
677	-1
678	-1
679	-1
680	-1
681	1697018
682	-1
683	-1
684	-1
685	1701582
686	-1
687	-1
688	-1
689	-1
690	1706146
691	-1
692	-1
693	-1
694	1710710
695	-1
696	-1
697	-1
698	-1
699	1715274
700	-1
701	-1
702	-1
703	1719838
704	-1
705	-1
706	-1
707	-1
708	1724402
709	-1
710	-1
711	-1
712	-1
713	1728966
714	-1
715	-1
716	-1
717	1733530
718	-1
719	-1
720	-1
721	-1
722	1738094
723	-1
724	-1
725	-1
726	1742658
727	-1
728	-1
729	-1
730	-1
731	1747222
732	-1
733	-1
734	-1
735	1751786
736	-1
737	-1
738	-1
739	-1
740	1756350
741	-1
742	-1
743	-1
744	1760914
745	-1
746	-1
747	-1
748	-1
749	1765478
750	-1
751	-1
752	-1
753	-1
754	1770042
755	-1
756	-1
757	-1
758	1774606
759	-1
760	-1
761	-1
762	-1
763	1779170
764	-1
765	-1
766	-1
767	1783734
768	-1
769	-1
770	-1
771	-1
772	1788298
773	-1
774	-1
775	-1
776	1792862
777	-1
778	-1
779	-1
780	-1
781	1797426
782	-1
783	-1
784	-1
785	-1
786	1801990
787	-1
788	-1
789	-1
790	1806554
791	-1
792	-1
793	-1
794	-1
795	1811118
796	-1
797	-1
798	-1
799	1815682
800	-1
801	-1
802	-1
803	-1
804	1820246
805	-1
806	-1
807	-1
808	1824810
809	-1
810	-1
811	-1
812	-1
813	1829374
814	-1
815	-1
816	-1
817	-1
818	1833938
819	-1
820	-1
821	-1
822	1838502
823	-1
824	-1
825	-1
826	-1
827	1843066
828	-1
829	-1
830	-1
831	1847630
832	-1
833	-1
834	-1
835	-1
836	1852194
837	-1
838	-1
839	-1
840	1856758
841	-1
842	-1
843	-1
844	-1
845	1861322
846	-1
847	-1
848	-1
849	1865886
850	-1
851	-1
852	-1
853	-1
854	1870450
855	-1
856	-1
857	-1
858	-1
859	1875014
860	-1
861	-1
862	-1
863	1879578
864	-1
865	-1
866	-1
867	-1
868	1884142
869	-1
870	-1
871	-1
872	1888706
873	-1
874	-1
875	-1
876	-1
877	1893270
878	-1
879	-1
880	-1
881	1897834
882	-1
883	-1
884	-1
885	-1
886	1902398
887	-1
888	-1
889	-1
890	-1
891	1906962
892	-1
893	-1
894	-1
895	1911526
896	-1
897	-1
898	-1
899	-1
900	1916090
901	-1
902	-1
903	-1
904	1920654
905	-1
906	-1
907	-1
908	-1
909	1925218
910	-1
911	-1
912	-1
913	1929782
914	-1
915	-1
916	-1
917	-1
918	1934346
919	-1
920	-1
921	-1
922	1938910
923	-1
924	-1
925	-1
926	-1
927	1943474
928	-1
929	-1
930	-1
931	-1
932	1948038
933	-1
934	-1
935	-1
936	1952602
937	-1
938	-1
939	-1
940	-1
941	1957166
942	-1
943	-1
944	-1
945	1961730
946	-1
947	-1
948	-1
949	-1
950	1966294
951	-1
952	-1
953	-1
954	1970858
955	-1
956	-1
957	-1
958	-1
959	1975422
960	-1
961	-1
962	-1
963	-1
964	1979986
965	-1
966	-1
967	-1
968	1984550
969	-1
970	-1
971	-1
972	-1
973	1989114
974	-1
975	-1
976	-1
977	1993678
978	-1
979	-1
980	-1
981	-1
982	1998242
983	-1
984	-1
985	-1
986	2002806
987	-1
988	-1
989	-1
990	-1
991	2007370
992	-1
993	-1
994	-1
995	2011934
996	-1
997	-1
998	-1
999	-1
1000	2016498
1001	-1
1002	-1
1003	-1
1004	-1
1005	2021062
1006	-1
1007	-1
1008	-1
1009	2025626
1010	-1
1011	-1
1012	-1
1013	-1
1014	2030190
1015	-1
1016	-1
1017	-1
1018	2034754
1019	-1
1020	-1
1021	-1
1022	-1
1023	2039318
1024	-1
1025	-1
1026	-1
1027	2043882
1028	-1
1029	-1
1030	-1
1031	-1
1032	2048446
1033	-1
1034	-1
1035	-1
1036	-1
1037	2053010
1038	-1
1039	-1
1040	-1
1041	2057574
1042	-1
1043	-1
1044	-1
1045	-1
1046	2062138
1047	-1
1048	-1
1049	-1
1050	2066702
1051	-1
1052	-1
1053	-1
1054	-1
1055	2071266
1056	-1
1057	-1
1058	-1
1059	2075830
1060	-1
1061	-1
1062	-1
1063	-1
1064	2080394
1065	-1
1066	-1
1067	-1
1068	-1
1069	2084958
1070	-1
1071	-1
1072	-1
1073	2089522
1074	-1
1075	-1
1076	-1
1077	-1
1078	2094086
1079	-1
1080	-1
1081	-1
1082	2098650
1083	-1
1084	-1
1085	-1
1086	-1
1087	2103214
1088	-1
1089	-1
1090	-1
1091	2107778
1092	-1
1093	-1
1094	-1
1095	-1
1096	2112342
1097	-1
1098	-1
1099	-1
1100	2116906
1101	-1
1102	-1
1103	-1
1104	-1
1105	2121470
1106	-1
1107	-1
1108	-1
1109	-1
1110	2126034
1111	-1
1112	-1
1113	-1
1114	2130598
1115	-1
1116	-1
1117	-1
1118	-1
1119	2135162
1120	-1
1121	-1
1122	-1
1123	2139726
1124	-1
1125	-1
1126	-1
1127	-1
1128	2144290
1129	-1
1130	-1
1131	-1
1132	2148854
1133	-1
1134	-1
1135	-1
1136	-1
1137	2153418
1138	-1
1139	-1
1140	-1
1141	-1
1142	2157982
1143	-1
1144	-1
1145	-1
1146	2162546
1147	-1
1148	-1
1149	-1
1150	-1
1151	2167110
1152	-1
1153	-1
1154	-1
1155	2171674
1156	-1
1157	-1
1158	-1
1159	-1
1160	2176238
1161	-1
1162	-1
1163	-1
1164	2180802
1165	-1
1166	-1
1167	-1
1168	-1
1169	2185366
1170	-1
1171	-1
1172	-1
1173	2189930
1174	-1
1175	-1
1176	-1
1177	-1
1178	2194494
1179	-1
1180	-1
1181	-1
1182	-1
1183	2199058
1184	-1
1185	-1
1186	-1
1187	2203622
1188	-1
1189	-1
1190	-1
1191	-1
1192	2208186
1193	-1
1194	-1
1195	-1
1196	2212750
1197	-1
1198	-1
1199	-1
1200	-1
1201	2217314
1202	-1
1203	-1
1204	-1
1205	2221878
1206	-1
1207	-1
1208	-1
1209	-1
1210	2226442
1211	-1
1212	-1
1213	-1
1214	-1
1215	2231006
1216	-1
1217	-1
1218	-1
1219	2235570
1220	-1
1221	-1
1222	-1
1223	-1
1224	2240134
1225	-1
1226	-1
1227	-1
1228	2244698
1229	-1
1230	-1
1231	-1
1232	-1
1233	2249262
1234	-1
1235	-1
1236	-1
1237	2253826
1238	-1
1239	-1
1240	-1
1241	-1
1242	2258390
1243	-1
1244	-1
1245	-1
1246	-1
1247	2262954
1248	-1
1249	-1
1250	-1
1251	2267518
1252	-1
1253	-1
1254	-1
1255	-1
1256	2272082
1257	-1
1258	-1
1259	-1
1260	2276646
1261	-1
1262	-1
1263	-1
1264	-1
1265	2281210
1266	-1
1267	-1
1268	-1
1269	2285774
1270	-1
1271	-1
1272	-1
1273	-1
1274	2290338
1275	-1
1276	-1
1277	-1
1278	2294902
1279	-1
1280	-1
1281	-1
1282	-1
1283	2299466
1284	-1
1285	-1
1286	-1
1287	-1
1288	2304030
1289	-1
1290	-1
1291	-1
1292	2308594
1293	-1
1294	-1
1295	-1
1296	-1
1297	2313158
1298	-1
1299	-1
1300	-1
1301	2317722
1302	-1
1303	-1
1304	-1
1305	-1
1306	2322286
1307	-1
1308	-1
1309	-1
1310	2326850
1311	-1
1312	-1
1313	-1
1314	-1
1315	2331414
1316	-1
1317	-1
1318	-1
1319	-1
1320	2335978
1321	-1
1322	-1
1323	-1
1324	2340542
1325	-1
1326	-1
1327	-1
1328	-1
1329	2345106
1330	-1
1331	-1
1332	-1
1333	2349670
1334	-1
1335	-1
1336	-1
1337	-1
1338	2354234
1339	-1
1340	-1
1341	-1
1342	2358798
1343	-1
1344	-1
1345	-1
1346	-1
1347	2363362
1348	-1
1349	-1
1350	-1
1351	2367926
1352	-1
1353	-1
1354	-1
1355	-1
1356	2372490
1357	-1
1358	-1
1359	-1
1360	-1
1361	2377054
1362	-1
1363	-1
1364	-1
1365	2381618
1366	-1
1367	-1
1368	-1
1369	-1
1370	2386182
1371	-1
1372	-1
1373	-1
1374	2390746
1375	-1
1376	-1
1377	-1
1378	-1
1379	2395310
1380	-1
1381	-1
1382	-1
1383	2399874
1384	-1
1385	-1
1386	-1
1387	-1
1388	2404438
1389	-1
1390	-1
1391	-1
1392	-1
1393	2409002
1394	-1
1395	-1
1396	-1
1397	2413566
1398	-1
1399	-1
1400	-1
1401	-1
1402	2418130
1403	-1
1404	-1
1405	-1
1406	2422694
1407	-1
1408	-1
1409	-1
1410	-1
1411	2427258
1412	-1
1413	-1
1414	-1
1415	2431822
1416	-1
1417	-1
1418	-1
1419	-1
1420	2436386
1421	-1
1422	-1
1423	-1
1424	-1
1425	2440950
1426	-1
1427	-1
1428	-1
1429	2445514
1430	-1
1431	-1
1432	-1
1433	-1
1434	2450078
1435	-1
1436	-1
1437	-1
1438	2454642
1439	-1
1440	-1
1441	-1
1442	-1
1443	2459206
1444	-1
1445	-1
1446	-1
1447	2463770
1448	-1
1449	-1
1450	-1
1451	-1
1452	2468334
1453	-1
1454	-1
1455	-1
1456	2472898
1457	-1
1458	-1
1459	-1
1460	-1
1461	2477462
1462	-1
1463	-1
1464	-1
1465	-1
1466	2482026
1467	-1
1468	-1
1469	-1
1470	2486590
1471	-1
1472	-1
1473	-1
1474	-1
1475	2491154
1476	-1
1477	-1
1478	-1
1479	2495718
1480	-1
1481	-1
1482	-1
1483	-1
1484	2500282
1485	-1
1486	-1
1487	-1
1488	2504846
1489	-1
1490	-1
1491	-1
1492	-1
1493	2509410
1494	-1
1495	-1
1496	-1
1497	-1
1498	2513974
1499	-1
1500	-1
1501	-1
1502	2518538
1503	-1
1504	-1
1505	-1
1506	-1
1507	2523102
1508	-1
1509	-1
1510	-1
1511	2527666
1512	-1
1513	-1
1514	-1
1515	-1
1516	2532230
1517	-1
1518	-1
1519	-1
1520	2536794
1521	-1
1522	-1
1523	-1
1524	-1
1525	2541358
1526	-1
1527	-1
1528	-1
1529	2545922
1530	-1
1531	-1
1532	-1
1533	-1
1534	2550486
1535	-1
1536	-1
1537	-1
1538	-1
1539	2555050
1540	-1
1541	-1
1542	-1
1543	2559614
1544	-1
1545	-1
1546	-1
1547	-1
1548	2564178
1549	-1
1550	-1
1551	-1
1552	2568742
1553	-1
1554	-1
1555	-1
1556	-1
1557	2573306
1558	-1
1559	-1
1560	-1
1561	2577870
1562	-1
1563	-1
1564	-1
1565	-1
1566	2582434
1567	-1
1568	-1
1569	-1
1570	-1
1571	2586998
1572	-1
1573	-1
1574	-1
1575	2591562
1576	-1
1577	-1
1578	-1
1579	-1
1580	2596126
1581	-1
1582	-1
1583	-1
1584	2600690
1585	-1
1586	-1
1587	-1
1588	-1
1589	2605254
1590	-1
1591	-1
1592	-1
1593	2609818
1594	-1
1595	-1
1596	-1
1597	-1
1598	2614382
1599	-1
1600	-1
1601	-1
1602	-1
1603	2618946
1604	-1
1605	-1
1606	-1
1607	2623510
1608	-1
1609	-1
1610	-1
1611	-1
1612	2628074
1613	-1
1614	-1
1615	-1
1616	2632638
1617	-1
1618	-1
1619	-1
1620	-1
1621	2637202
1622	-1
1623	-1
1624	-1
1625	2641766
1626	-1
1627	-1
1628	-1
1629	-1
1630	2646330
1631	-1
1632	-1
1633	-1
1634	2650894
1635	-1
1636	-1
1637	-1
1638	-1
1639	2655458
1640	-1
1641	-1
1642	-1
1643	-1
1644	2660022
1645	-1
1646	-1
1647	-1
1648	2664586
1649	-1
1650	-1
1651	-1
1652	-1
1653	2669150
1654	-1
1655	-1
1656	-1
1657	2673714
1658	-1
1659	-1
1660	-1
1661	-1
1662	2678278
1663	-1
1664	-1
1665	-1
1666	2682842
1667	-1
1668	-1
1669	-1
1670	-1
1671	2687406
1672	-1
1673	-1
1674	-1
1675	-1
1676	2691970
1677	-1
1678	-1
1679	-1
1680	2696534
1681	-1
1682	-1
1683	-1
1684	-1
1685	2701098
1686	-1
1687	-1
1688	-1
1689	2705662
1690	-1
1691	-1
1692	-1
1693	-1
1694	2710226
1695	-1
1696	-1
1697	-1
1698	2714790
1699	-1
1700	-1
1701	-1
1702	-1
1703	2719354
1704	-1
1705	-1
1706	-1
1707	2723918
1708	-1
1709	-1
1710	-1
1711	-1
1712	2728482
1713	-1
1714	-1
1715	-1
1716	-1
1717	2733046
1718	-1
1719	-1
1720	-1
1721	2737610
1722	-1
1723	-1
1724	-1
1725	-1
1726	2742174
1727	-1
1728	-1
1729	-1
1730	2746738
1731	-1
1732	-1
1733	-1
1734	-1
1735	2751302
1736	-1
1737	-1
1738	-1
1739	2755866
1740	-1
1741	-1
1742	-1
1743	-1
1744	2760430
1745	-1
1746	-1
1747	-1
1748	-1
1749	2764994
1750	-1
1751	-1
1752	-1
1753	2769558
1754	-1
1755	-1
1756	-1
1757	-1
1758	2774122
1759	-1
1760	-1
1761	-1
1762	2778686
1763	-1
1764	-1
1765	-1
1766	-1
1767	2783250
1768	-1
1769	-1
1770	-1
1771	2787814
1772	-1
1773	-1
1774	-1
1775	-1
1776	2792378
1777	-1
1778	-1
1779	-1
1780	-1
1781	2796942
1782	-1
1783	-1
1784	-1
1785	2801506
1786	-1
1787	-1
1788	-1
1789	-1
1790	2806070
1791	-1
1792	-1
1793	-1
1794	2810634
1795	-1
1796	-1
1797	-1
1798	-1
1799	2815198
1800	-1
1801	-1
1802	-1
1803	2819762
1804	-1
1805	-1
1806	-1
1807	-1
1808	2824326
1809	-1
1810	-1
1811	-1
1812	2828890
1813	-1
1814	-1
1815	-1
1816	-1
1817	2833454
1818	-1
1819	-1
1820	-1
1821	-1
1822	2838018
1823	-1
1824	-1
1825	-1
1826	2842582
1827	-1
1828	-1
1829	-1
1830	-1
1831	2847146
1832	-1
1833	-1
1834	-1
1835	2851710
1836	-1
1837	-1
1838	-1
1839	-1
1840	2856274
1841	-1
1842	-1
1843	-1
1844	2860838
1845	-1
1846	-1
1847	-1
1848	-1
1849	2865402
1850	-1
1851	-1
1852	-1
1853	-1
1854	2869966
1855	-1
1856	-1
1857	-1
1858	2874530
1859	-1
1860	-1
1861	-1
1862	-1
1863	2879094
1864	-1
1865	-1
1866	-1
1867	2883658
1868	-1
1869	-1
1870	-1
1871	-1
1872	2888222
1873	-1
1874	-1
1875	-1
1876	2892786
1877	-1
1878	-1
1879	-1
1880	-1
1881	2897350
1882	-1
1883	-1
1884	-1
1885	2901914
1886	-1
1887	-1
1888	-1
1889	-1
1890	2906478
1891	-1
1892	-1
1893	-1
1894	-1
1895	2911042
1896	-1
1897	-1
1898	-1
1899	2915606
1900	-1
1901	-1
1902	-1
1903	-1
1904	2920170
1905	-1
1906	-1
1907	-1
1908	2924734
1909	-1
1910	-1
1911	-1
1912	-1
1913	2929298
1914	-1
1915	-1
1916	-1
1917	2933862
1918	-1
1919	-1
1920	-1
1921	-1
1922	2938426
1923	-1
1924	-1
1925	-1
1926	-1
1927	2942990
1928	-1
1929	-1
1930	-1
1931	2947554
1932	-1
1933	-1
1934	-1
1935	-1
1936	2952118
1937	-1
1938	-1
1939	-1
1940	2956682
1941	-1
1942	-1
1943	-1
1944	-1
1945	2961246
1946	-1
1947	-1
1948	-1
1949	2965810
1950	-1
1951	-1
1952	-1
1953	-1
1954	2970374
1955	-1
1956	-1
1957	-1
1958	-1
1959	2974938
1960	-1
1961	-1
1962	-1
1963	2979502
1964	-1
1965	-1
1966	-1
1967	-1
1968	2984066
1969	-1
1970	-1
1971	-1
1972	2988630
1973	-1
1974	-1
1975	-1
1976	-1
1977	2993194
1978	-1
1979	-1
1980	-1
1981	2997758
1982	-1
1983	-1
1984	-1
1985	-1
1986	3002322
1987	-1
1988	-1
1989	-1
1990	3006886
1991	-1
1992	-1
1993	-1
1994	-1
1995	3011450
1996	-1
1997	-1
1998	-1
1999	-1
2000	3016014
2001	-1
2002	-1
2003	-1
2004	3020578
2005	-1
2006	-1
2007	-1
2008	-1
2009	3025142
2010	-1
2011	-1
2012	-1
2013	3029706
2014	-1
2015	-1
2016	-1
2017	-1
2018	3034270
2019	-1
2020	-1
2021	-1
2022	3038834
2023	-1
2024	-1
2025	-1
2026	-1
2027	3043398
2028	-1
2029	-1
2030	-1
2031	-1
2032	3047962
2033	-1
2034	-1
2035	-1
2036	3052526
2037	-1
2038	-1
2039	-1
2040	-1
2041	3057090
2042	-1
2043	-1
2044	-1
2045	3061654
2046	-1
2047	-1
2048	-1
2049	-1
2050	3066218
2051	-1
2052	-1
2053	-1
2054	3070782
2055	-1
2056	-1
2057	-1
2058	-1
2059	3075346
2060	-1
2061	-1
2062	-1
2063	3079910
2064	-1
2065	-1
2066	-1
2067	-1
2068	3084474
2069	-1
2070	-1
2071	-1
2072	-1
2073	3089038
2074	-1
2075	-1
2076	-1
2077	3093602
2078	-1
2079	-1
2080	-1
2081	-1
2082	3098166
2083	-1
2084	-1
2085	-1
2086	3102730
2087	-1
2088	-1
2089	-1
2090	-1
2091	3107294
2092	-1
2093	-1
2094	-1
2095	3111858
2096	-1
2097	-1
2098	-1
2099	-1
2100	3116422
2101	-1
2102	-1
2103	-1
2104	-1
2105	3120986
2106	-1
2107	-1
2108	-1
2109	3125550
2110	-1
2111	-1
2112	-1
2113	-1
2114	3130114
2115	-1
2116	-1
2117	-1
2118	3134678
2119	-1
2120	-1
2121	-1
2122	-1
2123	3139242
2124	-1
2125	-1
2126	-1
2127	3143806
2128	-1
2129	-1
2130	-1
2131	-1
2132	3148370
2133	-1
2134	-1
2135	-1
2136	3152934
2137	-1
2138	-1
2139	-1
2140	-1
2141	3157498
2142	-1
2143	-1
2144	-1
2145	-1
2146	3162062
2147	-1
2148	-1
2149	-1
2150	3166626
2151	-1
2152	-1
2153	-1
2154	-1
2155	3171190
2156	-1
2157	-1
2158	-1
2159	3175754
2160	-1
2161	-1
2162	-1
2163	-1
2164	3180318
2165	-1
2166	-1
2167	-1
2168	3184882
2169	-1
2170	-1
2171	-1
2172	-1
2173	3189446
2174	-1
2175	-1
2176	-1
2177	-1
2178	3194010
2179	-1
2180	-1
2181	-1
2182	3198574
2183	-1
2184	-1
2185	-1
2186	-1
2187	3203138
2188	-1
2189	-1
2190	-1
2191	3207702
2192	-1
2193	-1
2194	-1
2195	-1
2196	3212266
2197	-1
2198	-1
2199	-1
2200	3216830
2201	-1
2202	-1
2203	-1
2204	-1
2205	3221394
2206	-1
2207	-1
2208	-1
2209	-1
2210	3225958
2211	-1
2212	-1
2213	-1
2214	3230522
2215	-1
2216	-1
2217	-1
2218	-1
2219	3235086
2220	-1
2221	-1
2222	-1
2223	3239650
2224	-1
2225	-1
2226	-1
2227	-1
2228	3244214
2229	-1
2230	-1
2231	-1
2232	3248778
2233	-1
2234	-1
2235	-1
2236	-1
2237	3253342
2238	-1
2239	-1
2240	-1
2241	3257906
2242	-1
2243	-1
2244	-1
2245	-1
2246	3262470
2247	-1
2248	-1
2249	-1
2250	-1
2251	3267034
2252	-1
2253	-1
2254	-1
2255	3271598
2256	-1
2257	-1
2258	-1
2259	-1
2260	3276162
2261	-1
2262	-1
2263	-1
2264	3280726
2265	-1
2266	-1
2267	-1
2268	-1
2269	3285290
2270	-1
2271	-1
2272	-1
2273	3289854
2274	-1
2275	-1
2276	-1
2277	-1
2278	3294418
2279	-1
2280	-1
2281	-1
2282	-1
2283	3298982
2284	-1
2285	-1
2286	-1
2287	3303546
2288	-1
2289	-1
2290	-1
2291	-1
2292	3308110
2293	-1
2294	-1
2295	-1
2296	3312674
2297	-1
2298	-1
2299	-1
2300	-1
2301	3317238
2302	-1
2303	-1
2304	-1
2305	3321802
2306	-1
2307	-1
2308	-1
2309	-1
2310	3326366
2311	-1
2312	-1
2313	-1
2314	3330930
2315	-1
2316	-1
2317	-1
2318	-1
2319	3335494
2320	-1
2321	-1
2322	-1
2323	-1
2324	3340058
2325	-1
2326	-1
2327	-1
2328	3344622
2329	-1
2330	-1
2331	-1
2332	-1
2333	3349186
2334	-1
2335	-1
2336	-1
2337	3353750
2338	-1
2339	-1
2340	-1
2341	-1
2342	3358314
2343	-1
2344	-1
2345	-1
2346	3362878
2347	-1
2348	-1
2349	-1
2350	-1
2351	3367442
2352	-1
2353	-1
2354	-1
2355	-1
2356	3372006
2357	-1
2358	-1
2359	-1
2360	3376570
2361	-1
2362	-1
2363	-1
2364	-1
2365	3381134
2366	-1
2367	-1
2368	-1
2369	3385698
2370	-1
2371	-1
2372	-1
2373	-1
2374	3390262
2375	-1
2376	-1
2377	-1
2378	3394826
2379	-1
2380	-1
2381	-1
2382	-1
2383	3399390
2384	-1
2385	-1
2386	-1
2387	-1
2388	3403954
2389	-1
2390	-1
2391	-1
2392	3408518
2393	-1
2394	-1
2395	-1
2396	-1
2397	3413082
2398	-1
2399	-1
2400	-1
2401	3417646
2402	-1
2403	-1
2404	-1
2405	-1
2406	3422210
2407	-1
2408	-1
2409	-1
2410	3426774
2411	-1
2412	-1
2413	-1
2414	-1
2415	3431338
2416	-1
2417	-1
2418	-1
2419	3435902
2420	-1
2421	-1
2422	-1
2423	-1
2424	3440466
2425	-1
2426	-1
2427	-1
2428	-1
2429	3445030
2430	-1
2431	-1
2432	-1
2433	3449594
2434	-1
2435	-1
2436	-1
2437	-1
2438	3454158
2439	-1
2440	-1
2441	-1
2442	3458722
2443	-1
2444	-1
2445	-1
2446	-1
2447	3463286
2448	-1
2449	-1
2450	-1
2451	3467850
2452	-1
2453	-1
2454	-1
2455	-1
2456	3472414
2457	-1
2458	-1
2459	-1
2460	-1
2461	3476978
2462	-1
2463	-1
2464	-1
2465	3481542
2466	-1
2467	-1
2468	-1
2469	-1
2470	3486106
2471	-1
2472	-1
2473	-1
2474	3490670
2475	-1
2476	-1
2477	-1
2478	-1
2479	3495234
2480	-1
2481	-1
2482	-1
2483	3499798
2484	-1
2485	-1
2486	-1
2487	-1
2488	3504362
2489	-1
2490	-1
2491	-1
2492	3508926
2493	-1
2494	-1
2495	-1
2496	-1
2497	3513490
2498	-1
2499	-1
