0	1011298
1	1015062
2	-1
3	-1
4	1018826
5	-1
6	-1
7	-1
8	1022590
9	-1
10	-1
11	-1
12	1026354
13	-1
14	-1
15	-1
16	1030118
17	-1
18	-1
19	1033882
20	-1
21	-1
22	-1
23	1037646
24	-1
25	-1
26	-1
27	1041410
28	-1
29	-1
30	-1
31	1045174
32	-1
33	-1
34	1048938
35	-1
36	-1
37	-1
38	1052702
39	-1
40	-1
41	-1
42	1056466
43	-1
44	-1
45	-1
46	1060230
47	-1
48	-1
49	1063994
50	-1
51	-1
52	-1
53	1067758
54	-1
55	-1
56	-1
57	1071522
58	-1
59	-1
60	-1
61	1075286
62	-1
63	-1
64	-1
65	1079050
66	-1
67	-1
68	1082814
69	-1
70	-1
71	-1
72	1086578
73	-1
74	-1
75	-1
76	1090342
77	-1
78	-1
79	-1
80	1094106
81	-1
82	-1
83	1097870
84	-1
85	-1
86	-1
87	1101634
88	-1
89	-1
90	-1
91	1105398
92	-1
93	-1
94	-1
95	1109162
96	-1
97	-1
98	1112926
99	-1
100	-1
101	-1
102	1116690
103	-1
104	-1
105	-1
106	1120454
107	-1
108	-1
109	-1
110	1124218
111	-1
112	-1
113	1127982
114	-1
115	-1
116	-1
117	1131746
118	-1
119	-1
120	-1
121	1135510
122	-1
123	-1
124	-1
125	1139274
126	-1
127	-1
128	-1
129	1143038
130	-1
131	-1
132	1146802
133	-1
134	-1
135	-1
136	1150566
137	-1
138	-1
139	-1
140	1154330
141	-1
142	-1
143	-1
144	1158094
145	-1
146	-1
147	1161858
148	-1
149	-1
150	-1
151	1165622
152	-1
153	-1
154	-1
155	1169386
156	-1
157	-1
158	-1
159	1173150
160	-1
161	-1
162	1176914
163	-1
164	-1
165	-1
166	1180678
167	-1
168	-1
169	-1
170	1184442
171	-1
172	-1
173	-1
174	1188206
175	-1
176	-1
177	1191970
178	-1
179	-1
180	-1
181	1195734
182	-1
183	-1
184	-1
185	1199498
186	-1
187	-1
188	-1
189	1203262
190	-1
191	-1
192	-1
193	1207026
194	-1
195	-1
196	1210790
197	-1
198	-1
199	-1
200	1214554
201	-1
202	-1
203	-1
204	1218318
205	-1
206	-1
207	-1
208	1222082
209	-1
210	-1
211	1225846
212	-1
213	-1
214	-1
215	1229610
216	-1
217	-1
218	-1
219	1233374
220	-1
221	-1
222	-1
223	1237138
224	-1
225	-1
226	1240902
227	-1
228	-1
229	-1
230	1244666
231	-1
232	-1
233	-1
234	1248430
235	-1
236	-1
237	-1
238	1252194
239	-1
240	-1
241	1255958
242	-1
243	-1
244	-1
245	1259722
246	-1
247	-1
248	-1
249	1263486
250	-1
251	-1
252	-1
253	1267250
254	-1
255	-1
256	1271014
257	-1
258	-1
259	-1
260	1274778
261	-1
262	-1
263	-1
264	1278542
265	-1
266	-1
267	-1
268	1282306
269	-1
270	-1
271	-1
272	1286070
273	-1
274	-1
275	1289834
276	-1
277	-1
278	-1
279	1293598
280	-1
281	-1
282	-1
283	1297362
284	-1
285	-1
286	-1
287	1301126
288	-1
289	-1
290	1304890
291	-1
292	-1
293	-1
294	1308654
295	-1
296	-1
297	-1
298	1312418
299	-1
300	-1
301	-1
302	1316182
303	-1
304	-1
305	1319946
306	-1
307	-1
308	-1
309	1323710
310	-1
311	-1
312	-1
313	1327474
314	-1
315	-1
316	-1
317	1331238
318	-1
319	-1
320	1335002
321	-1
322	-1
323	-1
324	1338766
325	-1
326	-1
327	-1
328	1342530
329	-1
330	-1
331	-1
332	1346294
333	-1
334	-1
335	-1
336	1350058
337	-1
338	-1
339	1353822
340	-1
341	-1
342	-1
343	1357586
344	-1
345	-1
346	-1
347	1361350
348	-1
349	-1
350	-1
351	1365114
352	-1
353	-1
354	1368878
355	-1
356	-1
357	-1
358	1372642
359	-1
360	-1
361	-1
362	1376406
363	-1
364	-1
365	-1
366	1380170
367	-1
368	-1
369	1383934
370	-1
371	-1
372	-1
373	1387698
374	-1
375	-1
376	-1
377	1391462
378	-1
379	-1
380	-1
381	1395226
382	-1
383	-1
384	1398990
385	-1
386	-1
387	-1
388	1402754
389	-1
390	-1
391	-1
392	1406518
393	-1
394	-1
395	-1
396	1410282
397	-1
398	-1
399	-1
400	1414046
401	-1
402	-1
403	1417810
404	-1
405	-1
406	-1
407	1421574
408	-1
409	-1
410	-1
411	1425338
412	-1
413	-1
414	-1
415	1429102
416	-1
417	-1
418	1432866
419	-1
420	-1
421	-1
422	1436630
423	-1
424	-1
425	-1
426	1440394
427	-1
428	-1
429	-1
430	1444158
431	-1
432	-1
433	1447922
434	-1
435	-1
436	-1
437	1451686
438	-1
439	-1
440	-1
441	1455450
442	-1
443	-1
444	-1
445	1459214
446	-1
447	-1
448	1462978
449	-1
450	-1
451	-1
452	1466742
453	-1
454	-1
455	-1
456	1470506
457	-1
458	-1
459	-1
460	1474270
461	-1
462	-1
463	-1
464	1478034
465	-1
466	-1
467	1481798
468	-1
469	-1
470	-1
471	1485562
472	-1
473	-1
474	-1
475	1489326
476	-1
477	-1
478	-1
479	1493090
480	-1
481	-1
482	1496854
483	-1
484	-1
485	-1
486	1500618
487	-1
488	-1
489	-1
490	1504382
491	-1
492	-1
493	-1
494	1508146
495	-1
496	-1
497	1511910
498	-1
499	-1
500	-1
501	1515674
502	-1
503	-1
504	-1
505	1519438
506	-1
507	-1
508	-1
509	1523202
510	-1
511	-1
512	1526966
513	-1
514	-1
515	-1
516	1530730
517	-1
518	-1
519	-1
520	1534494
521	-1
522	-1
523	-1
524	1538258
525	-1
526	-1
527	-1
528	1542022
529	-1
530	-1
531	1545786
532	-1
533	-1
534	-1
535	1549550
536	-1
537	-1
538	-1
539	1553314
540	-1
541	-1
542	-1
543	1557078
544	-1
545	-1
546	1560842
547	-1
548	-1
549	-1
550	1564606
551	-1
552	-1
553	-1
554	1568370
555	-1
556	-1
557	-1
558	1572134
559	-1
560	-1
561	1575898
562	-1
563	-1
564	-1
565	1579662
566	-1
567	-1
568	-1
569	1583426
570	-1
571	-1
572	-1
573	1587190
574	-1
575	-1
576	1590954
577	-1
578	-1
579	-1
580	1594718
581	-1
582	-1
583	-1
584	1598482
585	-1
586	-1
587	-1
588	1602246
589	-1
590	-1
591	1606010
592	-1
593	-1
594	-1
595	1609774
596	-1
597	-1
598	-1
599	1613538
600	-1
601	-1
602	-1
603	1617302
604	-1
605	-1
606	-1
607	1621066
608	-1
609	-1
610	1624830
611	-1
612	-1
613	-1
614	1628594
615	-1
616	-1
617	-1
618	1632358
619	-1
620	-1
621	-1
622	1636122
623	-1
624	-1
625	1639886
626	-1
627	-1
628	-1
629	1643650
630	-1
631	-1
632	-1
633	1647414
634	-1
635	-1
636	-1
637	1651178
638	-1
639	-1
640	1654942
641	-1
642	-1
643	-1
644	1658706
645	-1
646	-1
647	-1
648	1662470
649	-1
650	-1
651	-1
652	1666234
653	-1
654	-1
655	1669998
656	-1
657	-1
658	-1
659	1673762
660	-1
661	-1
662	-1
663	1677526
664	-1
665	-1
666	-1
667	1681290
668	-1
669	-1
670	-1
671	1685054
672	-1
673	-1
674	1688818
675	-1
676	-1
677	-1
678	1692582
679	-1
680	-1
681	-1
682	1696346
683	-1
684	-1
685	-1
686	1700110
687	-1
688	-1
689	1703874
690	-1
691	-1
692	-1
693	1707638
694	-1
695	-1
696	-1
697	1711402
698	-1
699	-1
700	-1
701	1715166
702	-1
703	-1
704	1718930
705	-1
706	-1
707	-1
708	1722694
709	-1
710	-1
711	-1
712	1726458
713	-1
714	-1
715	-1
716	1730222
717	-1
718	-1
719	1733986
720	-1
721	-1
722	-1
723	1737750
724	-1
725	-1
726	-1
727	1741514
728	-1
729	-1
730	-1
731	1745278
732	-1
733	-1
734	-1
735	1749042
736	-1
737	-1
738	1752806
739	-1
740	-1
741	-1
742	1756570
743	-1
744	-1
745	-1
746	1760334
747	-1
748	-1
749	-1
750	1764098
751	-1
752	-1
753	1767862
754	-1
755	-1
756	-1
757	1771626
758	-1
759	-1
760	-1
761	1775390
762	-1
763	-1
764	-1
765	1779154
766	-1
767	-1
768	1782918
769	-1
770	-1
771	-1
772	1786682
773	-1
774	-1
775	-1
776	1790446
777	-1
778	-1
779	-1
780	1794210
781	-1
782	-1
783	1797974
784	-1
785	-1
786	-1
787	1801738
788	-1
789	-1
790	-1
791	1805502
792	-1
793	-1
794	-1
795	1809266
796	-1
797	-1
798	-1
799	1813030
800	-1
801	-1
802	1816794
803	-1
804	-1
805	-1
806	1820558
807	-1
808	-1
809	-1
810	1824322
811	-1
812	-1
813	-1
814	1828086
815	-1
816	-1
817	1831850
818	-1
819	-1
820	-1
821	1835614
822	-1
823	-1
824	-1
825	1839378
826	-1
827	-1
828	-1
829	1843142
830	-1
831	-1
832	1846906
833	-1
834	-1
835	-1
836	1850670
837	-1
838	-1
839	-1
840	1854434
841	-1
842	-1
843	-1
844	1858198
845	-1
846	-1
847	1861962
848	-1
849	-1
850	-1
851	1865726
852	-1
853	-1
854	-1
855	1869490
856	-1
857	-1
858	-1
859	1873254
860	-1
861	-1
862	-1
863	1877018
864	-1
865	-1
866	1880782
867	-1
868	-1
869	-1
870	1884546
871	-1
872	-1
873	-1
874	1888310
875	-1
876	-1
877	-1
878	1892074
879	-1
880	-1
881	1895838
882	-1
883	-1
884	-1
885	1899602
886	-1
887	-1
888	-1
889	1903366
890	-1
891	-1
892	-1
893	1907130
894	-1
895	-1
896	1910894
897	-1
898	-1
899	-1
900	1914658
901	-1
902	-1
903	-1
904	1918422
905	-1
906	-1
907	-1
908	1922186
909	-1
910	-1
911	1925950
912	-1
913	-1
914	-1
915	1929714
916	-1
917	-1
918	-1
919	1933478
920	-1
921	-1
922	-1
923	1937242
924	-1
925	-1
926	1941006
927	-1
928	-1
929	-1
930	1944770
931	-1
932	-1
933	-1
934	1948534
935	-1
936	-1
937	-1
938	1952298
939	-1
940	-1
941	-1
942	1956062
943	-1
944	-1
945	1959826
946	-1
947	-1
948	-1
949	1963590
950	-1
951	-1
952	-1
953	1967354
954	-1
955	-1
956	-1
957	1971118
958	-1
959	-1
960	1974882
961	-1
962	-1
963	-1
964	1978646
965	-1
966	-1
967	-1
968	1982410
969	-1
970	-1
971	-1
972	1986174
973	-1
974	-1
975	1989938
976	-1
977	-1
978	-1
979	1993702
980	-1
981	-1
982	-1
983	1997466
984	-1
985	-1
986	-1
987	2001230
988	-1
989	-1
990	2004994
991	-1
992	-1
993	-1
994	2008758
995	-1
996	-1
997	-1
998	2012522
999	-1
1000	-1
1001	-1
1002	2016286
1003	-1
1004	-1
1005	-1
1006	2020050
1007	-1
1008	-1
1009	2023814
1010	-1
1011	-1
1012	-1
1013	2027578
1014	-1
1015	-1
1016	-1
1017	2031342
1018	-1
1019	-1
1020	-1
1021	2035106
1022	-1
1023	-1
1024	2038870
1025	-1
1026	-1
1027	-1
1028	2042634
1029	-1
1030	-1
1031	-1
1032	2046398
1033	-1
1034	-1
1035	-1
1036	2050162
1037	-1
1038	-1
1039	2053926
1040	-1
1041	-1
1042	-1
1043	2057690
1044	-1
1045	-1
1046	-1
1047	2061454
1048	-1
1049	-1
1050	-1
1051	2065218
1052	-1
1053	-1
1054	2068982
1055	-1
1056	-1
1057	-1
1058	2072746
1059	-1
1060	-1
1061	-1
1062	2076510
1063	-1
1064	-1
1065	-1
1066	2080274
1067	-1
1068	-1
1069	-1
1070	2084038
1071	-1
1072	-1
1073	2087802
1074	-1
1075	-1
1076	-1
1077	2091566
1078	-1
1079	-1
1080	-1
1081	2095330
1082	-1
1083	-1
1084	-1
1085	2099094
1086	-1
1087	-1
1088	2102858
1089	-1
1090	-1
1091	-1
1092	2106622
1093	-1
1094	-1
1095	-1
1096	2110386
1097	-1
1098	-1
1099	-1
1100	2114150
1101	-1
1102	-1
1103	2117914
1104	-1
1105	-1
1106	-1
1107	2121678
1108	-1
1109	-1
1110	-1
1111	2125442
1112	-1
1113	-1
1114	-1
1115	2129206
1116	-1
1117	-1
1118	2132970
1119	-1
1120	-1
1121	-1
1122	2136734
1123	-1
1124	-1
1125	-1
1126	2140498
1127	-1
1128	-1
1129	-1
1130	2144262
1131	-1
1132	-1
1133	-1
1134	2148026
1135	-1
1136	-1
1137	2151790
1138	-1
1139	-1
1140	-1
1141	2155554
1142	-1
1143	-1
1144	-1
1145	2159318
1146	-1
1147	-1
1148	-1
1149	2163082
1150	-1
1151	-1
1152	2166846
1153	-1
1154	-1
1155	-1
1156	2170610
1157	-1
1158	-1
1159	-1
1160	2174374
1161	-1
1162	-1
1163	-1
1164	2178138
1165	-1
1166	-1
1167	2181902
1168	-1
1169	-1
1170	-1
1171	2185666
1172	-1
1173	-1
1174	-1
1175	2189430
1176	-1
1177	-1
1178	-1
1179	2193194
1180	-1
1181	-1
1182	2196958
1183	-1
1184	-1
1185	-1
1186	2200722
1187	-1
1188	-1
1189	-1
1190	2204486
1191	-1
1192	-1
1193	-1
1194	2208250
1195	-1
1196	-1
1197	2212014
1198	-1
1199	-1
1200	-1
1201	2215778
1202	-1
1203	-1
1204	-1
1205	2219542
1206	-1
1207	-1
1208	-1
1209	2223306
1210	-1
1211	-1
1212	-1
1213	2227070
1214	-1
1215	-1
1216	2230834
1217	-1
1218	-1
1219	-1
1220	2234598
1221	-1
1222	-1
1223	-1
1224	2238362
1225	-1
1226	-1
1227	-1
1228	2242126
1229	-1
1230	-1
1231	2245890
1232	-1
1233	-1
1234	-1
1235	2249654
1236	-1
1237	-1
1238	-1
1239	2253418
1240	-1
1241	-1
1242	-1
1243	2257182
1244	-1
1245	-1
1246	2260946
1247	-1
1248	-1
1249	-1
1250	2264710
1251	-1
1252	-1
1253	-1
1254	2268474
1255	-1
1256	-1
1257	-1
1258	2272238
1259	-1
1260	-1
1261	2276002
1262	-1
1263	-1
1264	-1
1265	2279766
1266	-1
1267	-1
1268	-1
1269	2283530
1270	-1
1271	-1
1272	-1
1273	2287294
1274	-1
1275	-1
1276	-1
1277	2291058
1278	-1
1279	-1
1280	2294822
1281	-1
1282	-1
1283	-1
1284	2298586
1285	-1
1286	-1
1287	-1
1288	2302350
1289	-1
1290	-1
1291	-1
1292	2306114
1293	-1
1294	-1
1295	2309878
1296	-1
1297	-1
1298	-1
1299	2313642
1300	-1
1301	-1
1302	-1
1303	2317406
1304	-1
1305	-1
1306	-1
1307	2321170
1308	-1
1309	-1
1310	2324934
1311	-1
1312	-1
1313	-1
1314	2328698
1315	-1
1316	-1
1317	-1
1318	2332462
1319	-1
1320	-1
1321	-1
1322	2336226
1323	-1
1324	-1
1325	2339990
1326	-1
1327	-1
1328	-1
1329	2343754
1330	-1
1331	-1
1332	-1
1333	2347518
1334	-1
1335	-1
1336	-1
1337	2351282
1338	-1
1339	-1
1340	-1
1341	2355046
1342	-1
1343	-1
1344	2358810
1345	-1
1346	-1
1347	-1
1348	2362574
1349	-1
1350	-1
1351	-1
1352	2366338
1353	-1
1354	-1
1355	-1
1356	2370102
1357	-1
1358	-1
1359	2373866
1360	-1
1361	-1
1362	-1
1363	2377630
1364	-1
1365	-1
1366	-1
1367	2381394
1368	-1
1369	-1
1370	-1
1371	2385158
1372	-1
1373	-1
1374	2388922
1375	-1
1376	-1
1377	-1
1378	2392686
1379	-1
1380	-1
1381	-1
1382	2396450
1383	-1
1384	-1
1385	-1
1386	2400214
1387	-1
1388	-1
1389	2403978
1390	-1
1391	-1
1392	-1
1393	2407742
1394	-1
1395	-1
1396	-1
1397	2411506
1398	-1
1399	-1
1400	-1
1401	2415270
1402	-1
1403	-1
1404	-1
1405	2419034
1406	-1
1407	-1
1408	2422798
1409	-1
1410	-1
1411	-1
1412	2426562
1413	-1
1414	-1
1415	-1
1416	2430326
1417	-1
1418	-1
1419	-1
1420	2434090
1421	-1
1422	-1
1423	2437854
1424	-1
1425	-1
1426	-1
1427	2441618
1428	-1
1429	-1
1430	-1
1431	2445382
1432	-1
1433	-1
1434	-1
1435	2449146
1436	-1
1437	-1
1438	2452910
1439	-1
1440	-1
1441	-1
1442	2456674
1443	-1
1444	-1
1445	-1
1446	2460438
1447	-1
1448	-1
1449	-1
1450	2464202
1451	-1
1452	-1
1453	2467966
1454	-1
1455	-1
1456	-1
1457	2471730
1458	-1
1459	-1
1460	-1
1461	2475494
1462	-1
1463	-1
1464	-1
1465	2479258
1466	-1
1467	-1
1468	-1
1469	2483022
1470	-1
1471	-1
1472	2486786
1473	-1
1474	-1
1475	-1
1476	2490550
1477	-1
1478	-1
1479	-1
1480	2494314
1481	-1
1482	-1
1483	-1
1484	2498078
1485	-1
1486	-1
1487	2501842
1488	-1
1489	-1
1490	-1
1491	2505606
1492	-1
1493	-1
1494	-1
1495	2509370
1496	-1
1497	-1
1498	-1
1499	2513134
1500	-1
1501	-1
1502	2516898
1503	-1
1504	-1
1505	-1
1506	2520662
1507	-1
1508	-1
1509	-1
1510	2524426
1511	-1
1512	-1
1513	-1
1514	2528190
1515	-1
1516	-1
1517	2531954
1518	-1
1519	-1
1520	-1
1521	2535718
1522	-1
1523	-1
1524	-1
1525	2539482
1526	-1
1527	-1
1528	-1
1529	2543246
1530	-1
1531	-1
1532	2547010
1533	-1
1534	-1
1535	-1
1536	2550774
1537	-1
1538	-1
1539	-1
1540	2554538
1541	-1
1542	-1
1543	-1
1544	2558302
1545	-1
1546	-1
1547	-1
1548	2562066
1549	-1
1550	-1
1551	2565830
1552	-1
1553	-1
1554	-1
1555	2569594
1556	-1
1557	-1
1558	-1
1559	2573358
1560	-1
1561	-1
1562	-1
1563	2577122
1564	-1
1565	-1
1566	2580886
1567	-1
1568	-1
1569	-1
1570	2584650
1571	-1
1572	-1
1573	-1
1574	2588414
1575	-1
1576	-1
1577	-1
1578	2592178
1579	-1
1580	-1
1581	2595942
1582	-1
1583	-1
1584	-1
1585	2599706
1586	-1
1587	-1
1588	-1
1589	2603470
1590	-1
1591	-1
1592	-1
1593	2607234
1594	-1
1595	-1
1596	2610998
1597	-1
1598	-1
1599	-1
1600	2614762
1601	-1
1602	-1
1603	-1
1604	2618526
1605	-1
1606	-1
1607	-1
1608	2622290
1609	-1
1610	-1
1611	-1
1612	2626054
1613	-1
1614	-1
1615	2629818
1616	-1
1617	-1
1618	-1
1619	2633582
1620	-1
1621	-1
1622	-1
1623	2637346
1624	-1
1625	-1
1626	-1
1627	2641110
1628	-1
1629	-1
1630	2644874
1631	-1
1632	-1
1633	-1
1634	2648638
1635	-1
1636	-1
1637	-1
1638	2652402
1639	-1
1640	-1
1641	-1
1642	2656166
1643	-1
1644	-1
1645	2659930
1646	-1
1647	-1
1648	-1
1649	2663694
1650	-1
1651	-1
1652	-1
1653	2667458
1654	-1
1655	-1
1656	-1
1657	2671222
1658	-1
1659	-1
1660	2674986
1661	-1
1662	-1
1663	-1
1664	2678750
1665	-1
1666	-1
1667	-1
1668	2682514
1669	-1
1670	-1
1671	-1
1672	2686278
1673	-1
1674	-1
1675	-1
1676	2690042
1677	-1
1678	-1
1679	2693806
1680	-1
1681	-1
1682	-1
1683	2697570
1684	-1
1685	-1
1686	-1
1687	2701334
1688	-1
1689	-1
1690	-1
1691	2705098
1692	-1
1693	-1
1694	2708862
1695	-1
1696	-1
1697	-1
1698	2712626
1699	-1
1700	-1
1701	-1
1702	2716390
1703	-1
1704	-1
1705	-1
1706	2720154
1707	-1
1708	-1
1709	2723918
1710	-1
1711	-1
1712	-1
1713	2727682
1714	-1
1715	-1
1716	-1
1717	2731446
1718	-1
1719	-1
1720	-1
1721	2735210
1722	-1
1723	-1
1724	2738974
1725	-1
1726	-1
1727	-1
1728	2742738
1729	-1
1730	-1
1731	-1
1732	2746502
1733	-1
1734	-1
1735	-1
1736	2750266
1737	-1
1738	-1
1739	-1
1740	2754030
1741	-1
1742	-1
1743	2757794
1744	-1
1745	-1
1746	-1
1747	2761558
1748	-1
1749	-1
1750	-1
1751	2765322
1752	-1
1753	-1
1754	-1
1755	2769086
1756	-1
1757	-1
1758	2772850
1759	-1
1760	-1
1761	-1
1762	2776614
1763	-1
1764	-1
1765	-1
1766	2780378
1767	-1
1768	-1
1769	-1
1770	2784142
1771	-1
1772	-1
1773	2787906
1774	-1
1775	-1
1776	-1
1777	2791670
1778	-1
1779	-1
1780	-1
1781	2795434
1782	-1
1783	-1
1784	-1
1785	2799198
1786	-1
1787	-1
1788	2802962
1789	-1
1790	-1
1791	-1
1792	2806726
1793	-1
1794	-1
1795	-1
1796	2810490
1797	-1
1798	-1
1799	-1
1800	2814254
1801	-1
1802	-1
1803	-1
1804	2818018
1805	-1
1806	-1
1807	2821782
1808	-1
1809	-1
1810	-1
1811	2825546
1812	-1
1813	-1
1814	-1
1815	2829310
1816	-1
1817	-1
1818	-1
1819	2833074
1820	-1
1821	-1
1822	2836838
1823	-1
1824	-1
1825	-1
1826	2840602
1827	-1
1828	-1
1829	-1
1830	2844366
1831	-1
1832	-1
1833	-1
1834	2848130
1835	-1
1836	-1
1837	2851894
1838	-1
1839	-1
1840	-1
1841	2855658
1842	-1
1843	-1
1844	-1
1845	2859422
1846	-1
1847	-1
1848	-1
1849	2863186
1850	-1
1851	-1
1852	2866950
1853	-1
1854	-1
1855	-1
1856	2870714
1857	-1
1858	-1
1859	-1
1860	2874478
1861	-1
1862	-1
1863	-1
1864	2878242
1865	-1
1866	-1
1867	2882006
1868	-1
1869	-1
1870	-1
1871	2885770
1872	-1
1873	-1
1874	-1
1875	2889534
1876	-1
1877	-1
1878	-1
1879	2893298
1880	-1
1881	-1
1882	-1
1883	2897062
1884	-1
1885	-1
1886	2900826
1887	-1
1888	-1
1889	-1
1890	2904590
1891	-1
1892	-1
1893	-1
1894	2908354
1895	-1
1896	-1
1897	-1
1898	2912118
1899	-1
1900	-1
1901	2915882
1902	-1
1903	-1
1904	-1
1905	2919646
1906	-1
1907	-1
1908	-1
1909	2923410
1910	-1
1911	-1
1912	-1
1913	2927174
1914	-1
1915	-1
1916	2930938
1917	-1
1918	-1
1919	-1
1920	2934702
1921	-1
1922	-1
1923	-1
1924	2938466
1925	-1
1926	-1
1927	-1
1928	2942230
1929	-1
1930	-1
1931	2945994
1932	-1
1933	-1
1934	-1
1935	2949758
1936	-1
1937	-1
1938	-1
1939	2953522
1940	-1
1941	-1
1942	-1
1943	2957286
1944	-1
1945	-1
1946	-1
1947	2961050
1948	-1
1949	-1
1950	2964814
1951	-1
1952	-1
1953	-1
1954	2968578
1955	-1
1956	-1
1957	-1
1958	2972342
1959	-1
1960	-1
1961	-1
1962	2976106
1963	-1
1964	-1
1965	2979870
1966	-1
1967	-1
1968	-1
1969	2983634
1970	-1
1971	-1
1972	-1
1973	2987398
1974	-1
1975	-1
1976	-1
1977	2991162
1978	-1
1979	-1
1980	2994926
1981	-1
1982	-1
1983	-1
1984	2998690
1985	-1
1986	-1
1987	-1
1988	3002454
1989	-1
1990	-1
1991	-1
1992	3006218
1993	-1
1994	-1
1995	3009982
1996	-1
1997	-1
1998	-1
1999	3013746
2000	-1
2001	-1
2002	-1
2003	3017510
2004	-1
2005	-1
2006	-1
2007	3021274
2008	-1
2009	-1
2010	-1
2011	3025038
2012	-1
2013	-1
2014	3028802
2015	-1
2016	-1
2017	-1
2018	3032566
2019	-1
2020	-1
2021	-1
2022	3036330
2023	-1
2024	-1
2025	-1
2026	3040094
2027	-1
2028	-1
2029	3043858
2030	-1
2031	-1
2032	-1
2033	3047622
2034	-1
2035	-1
2036	-1
2037	3051386
2038	-1
2039	-1
2040	-1
2041	3055150
2042	-1
2043	-1
2044	3058914
2045	-1
2046	-1
2047	-1
2048	3062678
2049	-1
2050	-1
2051	-1
2052	3066442
2053	-1
2054	-1
2055	-1
2056	3070206
2057	-1
2058	-1
2059	3073970
2060	-1
2061	-1
2062	-1
2063	3077734
2064	-1
2065	-1
2066	-1
2067	3081498
2068	-1
2069	-1
2070	-1
2071	3085262
2072	-1
2073	-1
2074	-1
2075	3089026
2076	-1
2077	-1
2078	3092790
2079	-1
2080	-1
2081	-1
2082	3096554
2083	-1
2084	-1
2085	-1
2086	3100318
2087	-1
2088	-1
2089	-1
2090	3104082
2091	-1
2092	-1
2093	3107846
2094	-1
2095	-1
2096	-1
2097	3111610
2098	-1
2099	-1
2100	-1
2101	3115374
2102	-1
2103	-1
2104	-1
2105	3119138
2106	-1
2107	-1
2108	3122902
2109	-1
2110	-1
2111	-1
2112	3126666
2113	-1
2114	-1
2115	-1
2116	3130430
2117	-1
2118	-1
2119	-1
2120	3134194
2121	-1
2122	-1
2123	3137958
2124	-1
2125	-1
2126	-1
2127	3141722
2128	-1
2129	-1
2130	-1
2131	3145486
2132	-1
2133	-1
2134	-1
2135	3149250
2136	-1
2137	-1
2138	3153014
2139	-1
2140	-1
2141	-1
2142	3156778
2143	-1
2144	-1
2145	-1
2146	3160542
2147	-1
2148	-1
2149	-1
2150	3164306
2151	-1
2152	-1
2153	-1
2154	3168070
2155	-1
2156	-1
2157	3171834
2158	-1
2159	-1
2160	-1
2161	3175598
2162	-1
2163	-1
2164	-1
2165	3179362
2166	-1
2167	-1
2168	-1
2169	3183126
2170	-1
2171	-1
2172	3186890
2173	-1
2174	-1
2175	-1
2176	3190654
2177	-1
2178	-1
2179	-1
2180	3194418
2181	-1
2182	-1
2183	-1
2184	3198182
2185	-1
2186	-1
2187	3201946
2188	-1
2189	-1
2190	-1
2191	3205710
2192	-1
2193	-1
2194	-1
2195	3209474
2196	-1
2197	-1
2198	-1
2199	3213238
2200	-1
2201	-1
2202	3217002
2203	-1
2204	-1
2205	-1
2206	3220766
2207	-1
2208	-1
2209	-1
2210	3224530
2211	-1
2212	-1
2213	-1
2214	3228294
2215	-1
2216	-1
2217	-1
2218	3232058
2219	-1
2220	-1
2221	3235822
2222	-1
2223	-1
2224	-1
2225	3239586
2226	-1
2227	-1
2228	-1
2229	3243350
2230	-1
2231	-1
2232	-1
2233	3247114
2234	-1
2235	-1
2236	3250878
2237	-1
2238	-1
2239	-1
2240	3254642
2241	-1
2242	-1
2243	-1
2244	3258406
2245	-1
2246	-1
2247	-1
2248	3262170
2249	-1
2250	-1
2251	3265934
2252	-1
2253	-1
2254	-1
2255	3269698
2256	-1
2257	-1
2258	-1
2259	3273462
2260	-1
2261	-1
2262	-1
2263	3277226
2264	-1
2265	-1
2266	3280990
2267	-1
2268	-1
2269	-1
2270	3284754
2271	-1
2272	-1
2273	-1
2274	3288518
2275	-1
2276	-1
2277	-1
2278	3292282
2279	-1
2280	-1
2281	-1
2282	3296046
2283	-1
2284	-1
2285	3299810
2286	-1
2287	-1
2288	-1
2289	3303574
2290	-1
2291	-1
2292	-1
2293	3307338
2294	-1
2295	-1
2296	-1
2297	3311102
2298	-1
2299	-1
2300	3314866
2301	-1
2302	-1
2303	-1
2304	3318630
2305	-1
2306	-1
2307	-1
2308	3322394
2309	-1
2310	-1
2311	-1
2312	3326158
2313	-1
2314	-1
2315	3329922
2316	-1
2317	-1
2318	-1
2319	3333686
2320	-1
2321	-1
2322	-1
2323	3337450
2324	-1
2325	-1
2326	-1
2327	3341214
2328	-1
2329	-1
2330	3344978
2331	-1
2332	-1
2333	-1
2334	3348742
2335	-1
2336	-1
2337	-1
2338	3352506
2339	-1
2340	-1
2341	-1
2342	3356270
2343	-1
2344	-1
2345	-1
2346	3360034
2347	-1
2348	-1
2349	3363798
2350	-1
2351	-1
2352	-1
2353	3367562
2354	-1
2355	-1
2356	-1
2357	3371326
2358	-1
2359	-1
2360	-1
2361	3375090
2362	-1
2363	-1
2364	3378854
2365	-1
2366	-1
2367	-1
2368	3382618
2369	-1
2370	-1
2371	-1
2372	3386382
2373	-1
2374	-1
2375	-1
2376	3390146
2377	-1
2378	-1
2379	3393910
2380	-1
2381	-1
2382	-1
2383	3397674
2384	-1
2385	-1
2386	-1
2387	3401438
2388	-1
2389	-1
2390	-1
2391	3405202
2392	-1
2393	-1
2394	3408966
2395	-1
2396	-1
2397	-1
2398	3412730
2399	-1
2400	-1
2401	-1
2402	3416494
2403	-1
2404	-1
2405	-1
2406	3420258
2407	-1
2408	-1
2409	-1
2410	3424022
2411	-1
2412	-1
2413	3427786
2414	-1
2415	-1
2416	-1
2417	3431550
2418	-1
2419	-1
2420	-1
2421	3435314
2422	-1
2423	-1
2424	-1
2425	3439078
2426	-1
2427	-1
2428	3442842
2429	-1
2430	-1
2431	-1
2432	3446606
2433	-1
2434	-1
2435	-1
2436	3450370
2437	-1
2438	-1
2439	-1
2440	3454134
2441	-1
2442	-1
2443	3457898
2444	-1
2445	-1
2446	-1
2447	3461662
2448	-1
2449	-1
2450	-1
2451	3465426
2452	-1
2453	-1
2454	-1
2455	3469190
2456	-1
2457	-1
2458	3472954
2459	-1
2460	-1
2461	-1
2462	3476718
2463	-1
2464	-1
2465	-1
2466	3480482
2467	-1
2468	-1
2469	-1
2470	3484246
2471	-1
2472	-1
2473	3488010
2474	-1
2475	-1
2476	-1
2477	3491774
2478	-1
2479	-1
2480	-1
2481	3495538
2482	-1
2483	-1
2484	-1
2485	3499302
2486	-1
2487	-1
2488	-1
2489	3503066
2490	-1
2491	-1
2492	3506830
2493	-1
2494	-1
2495	-1
2496	3510594
2497	-1
2498	-1
2499	-1
2500	3514358
2501	-1
2502	-1
2503	-1
2504	3518122
2505	-1
2506	-1
2507	3521886
2508	-1
2509	-1
2510	-1
2511	3525650
2512	-1
2513	-1
2514	-1
2515	3529414
2516	-1
2517	-1
2518	-1
2519	3533178
2520	-1
2521	-1
2522	3536942
2523	-1
2524	-1
2525	-1
2526	3540706
2527	-1
2528	-1
2529	-1
2530	3544470
2531	-1
2532	-1
2533	-1
2534	3548234
2535	-1
2536	-1
2537	3551998
2538	-1
2539	-1
2540	-1
2541	3555762
2542	-1
2543	-1
2544	-1
2545	3559526
2546	-1
2547	-1
2548	-1
2549	3563290
2550	-1
2551	-1
2552	-1
2553	3567054
2554	-1
2555	-1
2556	3570818
2557	-1
2558	-1
2559	-1
2560	3574582
2561	-1
2562	-1
2563	-1
2564	3578346
2565	-1
2566	-1
2567	-1
2568	3582110
2569	-1
2570	-1
2571	3585874
2572	-1
2573	-1
2574	-1
2575	3589638
2576	-1
2577	-1
2578	-1
2579	3593402
2580	-1
2581	-1
2582	-1
2583	3597166
2584	-1
2585	-1
2586	3600930
2587	-1
2588	-1
2589	-1
2590	3604694
2591	-1
2592	-1
2593	-1
2594	3608458
2595	-1
2596	-1
2597	-1
2598	3612222
2599	-1
2600	-1
2601	3615986
2602	-1
2603	-1
2604	-1
2605	3619750
2606	-1
2607	-1
2608	-1
2609	3623514
2610	-1
2611	-1
2612	-1
2613	3627278
2614	-1
2615	-1
2616	-1
2617	3631042
2618	-1
2619	-1
2620	3634806
2621	-1
2622	-1
2623	-1
2624	3638570
2625	-1
2626	-1
2627	-1
2628	3642334
2629	-1
2630	-1
2631	-1
2632	3646098
2633	-1
2634	-1
2635	3649862
2636	-1
2637	-1
2638	-1
2639	3653626
2640	-1
2641	-1
2642	-1
2643	3657390
2644	-1
2645	-1
2646	-1
2647	3661154
2648	-1
2649	-1
2650	3664918
2651	-1
2652	-1
2653	-1
2654	3668682
2655	-1
2656	-1
2657	-1
2658	3672446
2659	-1
2660	-1
2661	-1
2662	3676210
2663	-1
2664	-1
2665	3679974
2666	-1
2667	-1
2668	-1
2669	3683738
2670	-1
2671	-1
2672	-1
2673	3687502
2674	-1
2675	-1
2676	-1
2677	3691266
2678	-1
2679	-1
2680	-1
2681	3695030
2682	-1
2683	-1
2684	3698794
2685	-1
2686	-1
2687	-1
2688	3702558
2689	-1
2690	-1
2691	-1
2692	3706322
2693	-1
2694	-1
2695	-1
2696	3710086
2697	-1
2698	-1
2699	3713850
2700	-1
2701	-1
2702	-1
2703	3717614
2704	-1
2705	-1
2706	-1
2707	3721378
2708	-1
2709	-1
2710	-1
2711	3725142
2712	-1
2713	-1
2714	3728906
2715	-1
2716	-1
2717	-1
2718	3732670
2719	-1
2720	-1
2721	-1
2722	3736434
2723	-1
2724	-1
2725	-1
2726	3740198
2727	-1
2728	-1
2729	3743962
2730	-1
2731	-1
2732	-1
2733	3747726
2734	-1
2735	-1
2736	-1
2737	3751490
2738	-1
2739	-1
2740	-1
2741	3755254
2742	-1
2743	-1
2744	-1
2745	3759018
2746	-1
2747	-1
2748	3762782
2749	-1
2750	-1
2751	-1
2752	3766546
2753	-1
2754	-1
2755	-1
2756	3770310
2757	-1
2758	-1
2759	-1
2760	3774074
2761	-1
2762	-1
2763	3777838
2764	-1
2765	-1
2766	-1
2767	3781602
2768	-1
2769	-1
2770	-1
2771	3785366
2772	-1
2773	-1
2774	-1
2775	3789130
2776	-1
2777	-1
2778	3792894
2779	-1
2780	-1
2781	-1
2782	3796658
2783	-1
2784	-1
2785	-1
2786	3800422
2787	-1
2788	-1
2789	-1
2790	3804186
2791	-1
2792	-1
2793	3807950
2794	-1
2795	-1
2796	-1
2797	3811714
2798	-1
2799	-1
2800	-1
2801	3815478
2802	-1
2803	-1
2804	-1
2805	3819242
2806	-1
2807	-1
2808	3823006
2809	-1
2810	-1
2811	-1
2812	3826770
2813	-1
2814	-1
2815	-1
2816	3830534
2817	-1
2818	-1
2819	-1
2820	3834298
2821	-1
2822	-1
2823	-1
2824	3838062
2825	-1
2826	-1
2827	3841826
2828	-1
2829	-1
2830	-1
2831	3845590
2832	-1
2833	-1
2834	-1
2835	3849354
2836	-1
2837	-1
2838	-1
2839	3853118
2840	-1
2841	-1
2842	3856882
2843	-1
2844	-1
2845	-1
2846	3860646
2847	-1
2848	-1
2849	-1
2850	3864410
2851	-1
2852	-1
2853	-1
2854	3868174
2855	-1
2856	-1
2857	3871938
2858	-1
2859	-1
2860	-1
2861	3875702
2862	-1
2863	-1
2864	-1
2865	3879466
2866	-1
2867	-1
2868	-1
2869	3883230
2870	-1
2871	-1
2872	3886994
2873	-1
2874	-1
2875	-1
2876	3890758
2877	-1
2878	-1
2879	-1
2880	3894522
2881	-1
2882	-1
2883	-1
2884	3898286
2885	-1
2886	-1
2887	-1
2888	3902050
2889	-1
2890	-1
2891	3905814
2892	-1
2893	-1
2894	-1
2895	3909578
2896	-1
2897	-1
2898	-1
2899	3913342
2900	-1
2901	-1
2902	-1
2903	3917106
2904	-1
2905	-1
2906	3920870
2907	-1
2908	-1
2909	-1
2910	3924634
2911	-1
2912	-1
2913	-1
2914	3928398
2915	-1
2916	-1
2917	-1
2918	3932162
2919	-1
2920	-1
2921	3935926
2922	-1
2923	-1
2924	-1
2925	3939690
2926	-1
2927	-1
2928	-1
2929	3943454
2930	-1
2931	-1
2932	-1
2933	3947218
2934	-1
2935	-1
2936	3950982
2937	-1
2938	-1
2939	-1
2940	3954746
2941	-1
2942	-1
2943	-1
2944	3958510
2945	-1
2946	-1
2947	-1
2948	3962274
2949	-1
2950	-1
2951	-1
2952	3966038
2953	-1
2954	-1
2955	3969802
2956	-1
2957	-1
2958	-1
2959	3973566
2960	-1
2961	-1
2962	-1
2963	3977330
2964	-1
2965	-1
2966	-1
2967	3981094
2968	-1
2969	-1
2970	3984858
2971	-1
2972	-1
2973	-1
2974	3988622
2975	-1
2976	-1
2977	-1
2978	3992386
2979	-1
2980	-1
2981	-1
2982	3996150
2983	-1
2984	-1
2985	3999914
2986	-1
2987	-1
2988	-1
2989	4003678
2990	-1
2991	-1
2992	-1
2993	4007442
2994	-1
2995	-1
2996	-1
2997	4011206
2998	-1
2999	-1
3000	4014970
3001	-1
3002	-1
3003	-1
3004	4018734
3005	-1
3006	-1
3007	-1
3008	4022498
3009	-1
3010	-1
3011	-1
3012	4026262
3013	-1
3014	-1
3015	-1
3016	4030026
3017	-1
3018	-1
3019	4033790
3020	-1
3021	-1
3022	-1
3023	4037554
3024	-1
3025	-1
3026	-1
3027	4041318
3028	-1
3029	-1
3030	-1
3031	4045082
3032	-1
3033	-1
3034	4048846
3035	-1
3036	-1
3037	-1
3038	4052610
3039	-1
3040	-1
3041	-1
3042	4056374
3043	-1
3044	-1
3045	-1
3046	4060138
3047	-1
3048	-1
3049	4063902
3050	-1
3051	-1
3052	-1
3053	4067666
3054	-1
3055	-1
3056	-1
3057	4071430
3058	-1
3059	-1
3060	-1
3061	4075194
3062	-1
3063	-1
3064	4078958
3065	-1
3066	-1
3067	-1
3068	4082722
3069	-1
3070	-1
3071	-1
3072	4086486
3073	-1
3074	-1
3075	-1
3076	4090250
3077	-1
3078	-1
3079	4094014
3080	-1
3081	-1
3082	-1
3083	4097778
3084	-1
3085	-1
3086	-1
3087	4101542
3088	-1
3089	-1
3090	-1
3091	4105306
3092	-1
3093	-1
3094	-1
3095	4109070
3096	-1
3097	-1
3098	4112834
3099	-1
3100	-1
3101	-1
3102	4116598
3103	-1
3104	-1
3105	-1
3106	4120362
3107	-1
3108	-1
3109	-1
3110	4124126
3111	-1
3112	-1
3113	4127890
3114	-1
3115	-1
3116	-1
3117	4131654
3118	-1
3119	-1
3120	-1
3121	4135418
3122	-1
3123	-1
3124	-1
3125	4139182
3126	-1
3127	-1
3128	4142946
3129	-1
3130	-1
3131	-1
3132	4146710
3133	-1
3134	-1
3135	-1
3136	4150474
3137	-1
3138	-1
3139	-1
3140	4154238
3141	-1
3142	-1
3143	4158002
3144	-1
3145	-1
3146	-1
3147	4161766
3148	-1
3149	-1
3150	-1
3151	4165530
3152	-1
3153	-1
3154	-1
3155	4169294
3156	-1
3157	-1
3158	-1
3159	4173058
3160	-1
3161	-1
3162	4176822
3163	-1
3164	-1
3165	-1
3166	4180586
3167	-1
3168	-1
3169	-1
3170	4184350
3171	-1
3172	-1
3173	-1
3174	4188114
3175	-1
3176	-1
3177	4191878
3178	-1
3179	-1
3180	-1
3181	4195642
3182	-1
3183	-1
3184	-1
3185	4199406
3186	-1
3187	-1
3188	-1
3189	4203170
3190	-1
3191	-1
3192	4206934
3193	-1
3194	-1
3195	-1
3196	4210698
3197	-1
3198	-1
3199	-1
3200	4214462
3201	-1
3202	-1
3203	-1
3204	4218226
3205	-1
3206	-1
3207	4221990
3208	-1
3209	-1
3210	-1
3211	4225754
3212	-1
3213	-1
3214	-1
3215	4229518
3216	-1
3217	-1
3218	-1
3219	4233282
3220	-1
3221	-1
3222	-1
3223	4237046
3224	-1
3225	-1
3226	4240810
3227	-1
3228	-1
3229	-1
3230	4244574
3231	-1
3232	-1
3233	-1
3234	4248338
3235	-1
3236	-1
3237	-1
3238	4252102
3239	-1
3240	-1
3241	4255866
3242	-1
3243	-1
3244	-1
3245	4259630
3246	-1
3247	-1
3248	-1
3249	4263394
3250	-1
3251	-1
3252	-1
3253	4267158
3254	-1
3255	-1
3256	4270922
3257	-1
3258	-1
3259	-1
3260	4274686
3261	-1
3262	-1
3263	-1
3264	4278450
3265	-1
3266	-1
3267	-1
3268	4282214
3269	-1
3270	-1
3271	4285978
3272	-1
3273	-1
3274	-1
3275	4289742
3276	-1
3277	-1
3278	-1
3279	4293506
3280	-1
3281	-1
3282	-1
3283	4297270
3284	-1
3285	-1
3286	-1
3287	4301034
3288	-1
3289	-1
3290	4304798
3291	-1
3292	-1
3293	-1
3294	4308562
3295	-1
3296	-1
3297	-1
3298	4312326
3299	-1
3300	-1
3301	-1
3302	4316090
3303	-1
3304	-1
3305	4319854
3306	-1
3307	-1
3308	-1
3309	4323618
3310	-1
3311	-1
3312	-1
3313	4327382
3314	-1
3315	-1
3316	-1
3317	4331146
3318	-1
3319	-1
3320	4334910
3321	-1
3322	-1
3323	-1
3324	4338674
3325	-1
3326	-1
3327	-1
3328	4342438
3329	-1
3330	-1
3331	-1
3332	4346202
3333	-1
3334	-1
3335	4349966
3336	-1
3337	-1
3338	-1
3339	4353730
3340	-1
3341	-1
3342	-1
3343	4357494
3344	-1
3345	-1
3346	-1
3347	4361258
3348	-1
3349	-1
3350	-1
3351	4365022
3352	-1
3353	-1
3354	4368786
3355	-1
3356	-1
3357	-1
3358	4372550
3359	-1
3360	-1
3361	-1
3362	4376314
3363	-1
3364	-1
3365	-1
3366	4380078
3367	-1
3368	-1
3369	4383842
3370	-1
3371	-1
3372	-1
3373	4387606
3374	-1
3375	-1
3376	-1
3377	4391370
3378	-1
3379	-1
3380	-1
3381	4395134
3382	-1
3383	-1
3384	4398898
3385	-1
3386	-1
3387	-1
3388	4402662
3389	-1
3390	-1
3391	-1
3392	4406426
3393	-1
3394	-1
3395	-1
3396	4410190
3397	-1
3398	-1
3399	4413954
3400	-1
3401	-1
3402	-1
3403	4417718
3404	-1
3405	-1
3406	-1
3407	4421482
3408	-1
3409	-1
3410	-1
3411	4425246
3412	-1
3413	-1
3414	4429010
3415	-1
3416	-1
3417	-1
3418	4432774
3419	-1
3420	-1
3421	-1
3422	4436538
3423	-1
3424	-1
3425	-1
3426	4440302
3427	-1
3428	-1
3429	-1
3430	4444066
3431	-1
3432	-1
3433	4447830
3434	-1
3435	-1
3436	-1
3437	4451594
3438	-1
3439	-1
3440	-1
3441	4455358
3442	-1
3443	-1
3444	-1
3445	4459122
3446	-1
3447	-1
3448	4462886
3449	-1
3450	-1
3451	-1
3452	4466650
3453	-1
3454	-1
3455	-1
3456	4470414
3457	-1
3458	-1
3459	-1
3460	4474178
3461	-1
3462	-1
3463	4477942
3464	-1
3465	-1
3466	-1
3467	4481706
3468	-1
3469	-1
3470	-1
3471	4485470
3472	-1
3473	-1
3474	-1
3475	4489234
3476	-1
3477	-1
3478	4492998
3479	-1
3480	-1
3481	-1
3482	4496762
3483	-1
3484	-1
3485	-1
3486	4500526
3487	-1
3488	-1
3489	-1
3490	4504290
3491	-1
3492	-1
3493	-1
3494	4508054
3495	-1
3496	-1
3497	4511818
3498	-1
3499	-1
3500	-1
3501	4515582
3502	-1
3503	-1
3504	-1
3505	4519346
3506	-1
3507	-1
3508	-1
3509	4523110
3510	-1
3511	-1
3512	4526874
3513	-1
3514	-1
3515	-1
3516	4530638
3517	-1
3518	-1
3519	-1
3520	4534402
3521	-1
3522	-1
3523	-1
3524	4538166
3525	-1
3526	-1
3527	4541930
3528	-1
3529	-1
3530	-1
3531	4545694
3532	-1
3533	-1
3534	-1
3535	4549458
3536	-1
3537	-1
3538	-1
3539	4553222
3540	-1
3541	-1
3542	4556986
3543	-1
3544	-1
3545	-1
3546	4560750
3547	-1
3548	-1
3549	-1
3550	4564514
3551	-1
3552	-1
3553	-1
3554	4568278
3555	-1
3556	-1
3557	-1
3558	4572042
3559	-1
3560	-1
3561	4575806
3562	-1
3563	-1
3564	-1
3565	4579570
3566	-1
3567	-1
3568	-1
3569	4583334
3570	-1
3571	-1
3572	-1
3573	4587098
3574	-1
3575	-1
3576	4590862
3577	-1
3578	-1
3579	-1
3580	4594626
3581	-1
3582	-1
3583	-1
3584	4598390
3585	-1
3586	-1
3587	-1
3588	4602154
3589	-1
3590	-1
3591	4605918
3592	-1
3593	-1
3594	-1
3595	4609682
3596	-1
3597	-1
3598	-1
3599	4613446
3600	-1
3601	-1
3602	-1
3603	4617210
3604	-1
3605	-1
3606	4620974
3607	-1
3608	-1
3609	-1
3610	4624738
3611	-1
3612	-1
3613	-1
3614	4628502
3615	-1
3616	-1
3617	-1
3618	4632266
3619	-1
3620	-1
3621	-1
3622	4636030
3623	-1
3624	-1
3625	4639794
3626	-1
3627	-1
3628	-1
3629	4643558
3630	-1
3631	-1
3632	-1
3633	4647322
3634	-1
3635	-1
3636	-1
3637	4651086
3638	-1
3639	-1
3640	4654850
3641	-1
3642	-1
3643	-1
3644	4658614
3645	-1
3646	-1
3647	-1
3648	4662378
3649	-1
3650	-1
3651	-1
3652	4666142
3653	-1
3654	-1
3655	4669906
3656	-1
3657	-1
3658	-1
3659	4673670
3660	-1
3661	-1
3662	-1
3663	4677434
3664	-1
3665	-1
3666	-1
3667	4681198
3668	-1
3669	-1
3670	4684962
3671	-1
3672	-1
3673	-1
3674	4688726
3675	-1
3676	-1
3677	-1
3678	4692490
3679	-1
3680	-1
3681	-1
3682	4696254
3683	-1
3684	-1
3685	-1
3686	4700018
3687	-1
3688	-1
3689	4703782
3690	-1
3691	-1
3692	-1
3693	4707546
3694	-1
3695	-1
3696	-1
3697	4711310
3698	-1
3699	-1
3700	-1
3701	4715074
3702	-1
3703	-1
3704	4718838
3705	-1
3706	-1
3707	-1
3708	4722602
3709	-1
3710	-1
3711	-1
3712	4726366
3713	-1
3714	-1
3715	-1
3716	4730130
3717	-1
3718	-1
3719	4733894
3720	-1
3721	-1
3722	-1
3723	4737658
3724	-1
3725	-1
3726	-1
3727	4741422
3728	-1
3729	-1
3730	-1
3731	4745186
3732	-1
3733	-1
3734	4748950
3735	-1
3736	-1
3737	-1
3738	4752714
3739	-1
3740	-1
3741	-1
3742	4756478
3743	-1
3744	-1
3745	-1
3746	4760242
3747	-1
3748	-1
3749	4764006
3750	-1
3751	-1
3752	-1
3753	4767770
3754	-1
3755	-1
3756	-1
3757	4771534
3758	-1
3759	-1
3760	-1
3761	4775298
3762	-1
3763	-1
3764	-1
3765	4779062
3766	-1
3767	-1
3768	4782826
3769	-1
3770	-1
3771	-1
3772	4786590
3773	-1
3774	-1
3775	-1
3776	4790354
3777	-1
3778	-1
3779	-1
3780	4794118
3781	-1
3782	-1
3783	4797882
3784	-1
3785	-1
3786	-1
3787	4801646
3788	-1
3789	-1
3790	-1
3791	4805410
3792	-1
3793	-1
3794	-1
3795	4809174
3796	-1
3797	-1
3798	4812938
3799	-1
3800	-1
3801	-1
3802	4816702
3803	-1
3804	-1
3805	-1
3806	4820466
3807	-1
3808	-1
3809	-1
3810	4824230
3811	-1
3812	-1
3813	4827994
3814	-1
3815	-1
3816	-1
3817	4831758
3818	-1
3819	-1
3820	-1
3821	4835522
3822	-1
3823	-1
3824	-1
3825	4839286
3826	-1
3827	-1
3828	-1
3829	4843050
3830	-1
3831	-1
3832	4846814
3833	-1
3834	-1
3835	-1
3836	4850578
3837	-1
3838	-1
3839	-1
3840	4854342
3841	-1
3842	-1
3843	-1
3844	4858106
3845	-1
3846	-1
3847	4861870
3848	-1
3849	-1
3850	-1
3851	4865634
3852	-1
3853	-1
3854	-1
3855	4869398
3856	-1
3857	-1
3858	-1
3859	4873162
3860	-1
3861	-1
3862	4876926
3863	-1
3864	-1
3865	-1
3866	4880690
3867	-1
3868	-1
3869	-1
3870	4884454
3871	-1
3872	-1
3873	-1
3874	4888218
3875	-1
3876	-1
3877	4891982
3878	-1
3879	-1
3880	-1
3881	4895746
3882	-1
3883	-1
3884	-1
3885	4899510
3886	-1
3887	-1
3888	-1
3889	4903274
3890	-1
3891	-1
3892	-1
3893	4907038
3894	-1
3895	-1
3896	4910802
3897	-1
3898	-1
3899	-1
3900	4914566
3901	-1
3902	-1
3903	-1
3904	4918330
3905	-1
3906	-1
3907	-1
3908	4922094
3909	-1
3910	-1
3911	4925858
3912	-1
3913	-1
3914	-1
3915	4929622
3916	-1
3917	-1
3918	-1
3919	4933386
3920	-1
3921	-1
3922	-1
3923	4937150
3924	-1
3925	-1
3926	4940914
3927	-1
3928	-1
3929	-1
3930	4944678
3931	-1
3932	-1
3933	-1
3934	4948442
3935	-1
3936	-1
3937	-1
3938	4952206
3939	-1
3940	-1
3941	4955970
3942	-1
3943	-1
3944	-1
3945	4959734
3946	-1
3947	-1
3948	-1
3949	4963498
3950	-1
3951	-1
3952	-1
3953	4967262
3954	-1
3955	-1
3956	-1
3957	4971026
3958	-1
3959	-1
3960	4974790
3961	-1
3962	-1
3963	-1
3964	4978554
3965	-1
3966	-1
3967	-1
3968	4982318
3969	-1
3970	-1
3971	-1
3972	4986082
3973	-1
3974	-1
3975	4989846
3976	-1
3977	-1
3978	-1
3979	4993610
3980	-1
3981	-1
3982	-1
3983	4997374
3984	-1
3985	-1
3986	-1
3987	5001138
3988	-1
3989	-1
3990	5004902
3991	-1
3992	-1
3993	-1
3994	5008666
3995	-1
3996	-1
3997	-1
3998	5012430
3999	-1
4000	-1
4001	-1
4002	5016194
4003	-1
4004	-1
4005	5019958
4006	-1
4007	-1
4008	-1
4009	5023722
4010	-1
4011	-1
4012	-1
4013	5027486
4014	-1
4015	-1
4016	-1
4017	5031250
4018	-1
4019	-1
4020	5035014
4021	-1
4022	-1
4023	-1
4024	5038778
4025	-1
4026	-1
4027	-1
4028	5042542
4029	-1
4030	-1
4031	-1
4032	5046306
4033	-1
4034	-1
4035	-1
4036	5050070
4037	-1
4038	-1
4039	5053834
4040	-1
4041	-1
4042	-1
4043	5057598
4044	-1
4045	-1
4046	-1
4047	5061362
4048	-1
4049	-1
4050	-1
4051	5065126
4052	-1
4053	-1
4054	5068890
4055	-1
4056	-1
4057	-1
4058	5072654
4059	-1
4060	-1
4061	-1
4062	5076418
4063	-1
4064	-1
4065	-1
4066	5080182
4067	-1
4068	-1
4069	5083946
4070	-1
4071	-1
4072	-1
4073	5087710
4074	-1
4075	-1
4076	-1
4077	5091474
4078	-1
4079	-1
4080	-1
4081	5095238
4082	-1
4083	-1
4084	5099002
4085	-1
4086	-1
4087	-1
4088	5102766
4089	-1
4090	-1
4091	-1
4092	5106530
4093	-1
4094	-1
4095	-1
4096	5110294
4097	-1
4098	-1
4099	-1
4100	5114058
4101	-1
4102	-1
4103	5117822
4104	-1
4105	-1
4106	-1
4107	5121586
4108	-1
4109	-1
4110	-1
4111	5125350
4112	-1
4113	-1
4114	-1
4115	5129114
4116	-1
4117	-1
4118	5132878
4119	-1
4120	-1
4121	-1
4122	5136642
4123	-1
4124	-1
4125	-1
4126	5140406
4127	-1
4128	-1
4129	-1
4130	5144170
4131	-1
4132	-1
4133	5147934
4134	-1
4135	-1
4136	-1
4137	5151698
4138	-1
4139	-1
4140	-1
4141	5155462
4142	-1
4143	-1
4144	-1
4145	5159226
4146	-1
4147	-1
4148	5162990
4149	-1
4150	-1
4151	-1
4152	5166754
4153	-1
4154	-1
4155	-1
4156	5170518
4157	-1
4158	-1
4159	-1
4160	5174282
4161	-1
4162	-1
4163	-1
4164	5178046
4165	-1
4166	-1
4167	5181810
4168	-1
4169	-1
4170	-1
4171	5185574
4172	-1
4173	-1
4174	-1
4175	5189338
4176	-1
4177	-1
4178	-1
4179	5193102
4180	-1
4181	-1
4182	5196866
4183	-1
4184	-1
4185	-1
4186	5200630
4187	-1
4188	-1
4189	-1
4190	5204394
4191	-1
4192	-1
4193	-1
4194	5208158
4195	-1
4196	-1
4197	5211922
4198	-1
4199	-1
4200	-1
4201	5215686
4202	-1
4203	-1
4204	-1
4205	5219450
4206	-1
4207	-1
4208	-1
4209	5223214
4210	-1
4211	-1
4212	5226978
4213	-1
4214	-1
4215	-1
4216	5230742
4217	-1
4218	-1
4219	-1
4220	5234506
4221	-1
4222	-1
4223	-1
4224	5238270
4225	-1
4226	-1
4227	-1
4228	5242034
4229	-1
4230	-1
4231	5245798
4232	-1
4233	-1
4234	-1
4235	5249562
4236	-1
4237	-1
4238	-1
4239	5253326
4240	-1
4241	-1
4242	-1
4243	5257090
4244	-1
4245	-1
4246	5260854
4247	-1
4248	-1
4249	-1
4250	5264618
4251	-1
4252	-1
4253	-1
4254	5268382
4255	-1
4256	-1
4257	-1
4258	5272146
4259	-1
4260	-1
4261	5275910
4262	-1
4263	-1
4264	-1
4265	5279674
4266	-1
4267	-1
4268	-1
4269	5283438
4270	-1
4271	-1
4272	-1
4273	5287202
4274	-1
4275	-1
4276	5290966
4277	-1
4278	-1
4279	-1
4280	5294730
4281	-1
4282	-1
4283	-1
4284	5298494
4285	-1
4286	-1
4287	-1
4288	5302258
4289	-1
4290	-1
4291	-1
4292	5306022
4293	-1
4294	-1
4295	5309786
4296	-1
4297	-1
4298	-1
4299	5313550
4300	-1
4301	-1
4302	-1
4303	5317314
4304	-1
4305	-1
4306	-1
4307	5321078
4308	-1
4309	-1
4310	5324842
4311	-1
4312	-1
4313	-1
4314	5328606
4315	-1
4316	-1
4317	-1
4318	5332370
4319	-1
4320	-1
4321	-1
4322	5336134
4323	-1
4324	-1
4325	5339898
4326	-1
4327	-1
4328	-1
4329	5343662
4330	-1
4331	-1
4332	-1
4333	5347426
4334	-1
4335	-1
4336	-1
4337	5351190
4338	-1
4339	-1
4340	5354954
4341	-1
4342	-1
4343	-1
4344	5358718
4345	-1
4346	-1
4347	-1
4348	5362482
4349	-1
4350	-1
4351	-1
4352	5366246
4353	-1
4354	-1
4355	5370010
4356	-1
4357	-1
4358	-1
4359	5373774
4360	-1
4361	-1
4362	-1
4363	5377538
4364	-1
4365	-1
4366	-1
4367	5381302
4368	-1
4369	-1
4370	-1
4371	5385066
4372	-1
4373	-1
4374	5388830
4375	-1
4376	-1
4377	-1
4378	5392594
4379	-1
4380	-1
4381	-1
4382	5396358
4383	-1
4384	-1
4385	-1
4386	5400122
4387	-1
4388	-1
4389	5403886
4390	-1
4391	-1
4392	-1
4393	5407650
4394	-1
4395	-1
4396	-1
4397	5411414
4398	-1
4399	-1
4400	-1
4401	5415178
4402	-1
4403	-1
4404	5418942
4405	-1
4406	-1
4407	-1
4408	5422706
4409	-1
4410	-1
4411	-1
4412	5426470
4413	-1
4414	-1
4415	-1
4416	5430234
4417	-1
4418	-1
4419	5433998
4420	-1
4421	-1
4422	-1
4423	5437762
4424	-1
4425	-1
4426	-1
4427	5441526
4428	-1
4429	-1
4430	-1
4431	5445290
4432	-1
4433	-1
4434	-1
4435	5449054
4436	-1
4437	-1
4438	5452818
4439	-1
4440	-1
4441	-1
4442	5456582
4443	-1
4444	-1
4445	-1
4446	5460346
4447	-1
4448	-1
4449	-1
4450	5464110
4451	-1
4452	-1
4453	5467874
4454	-1
4455	-1
4456	-1
4457	5471638
4458	-1
4459	-1
4460	-1
4461	5475402
4462	-1
4463	-1
4464	-1
4465	5479166
4466	-1
4467	-1
4468	5482930
4469	-1
4470	-1
4471	-1
4472	5486694
4473	-1
4474	-1
4475	-1
4476	5490458
4477	-1
4478	-1
4479	-1
4480	5494222
4481	-1
4482	-1
4483	5497986
4484	-1
4485	-1
4486	-1
4487	5501750
4488	-1
4489	-1
4490	-1
4491	5505514
4492	-1
4493	-1
4494	-1
4495	5509278
4496	-1
4497	-1
4498	-1
4499	5513042
4500	-1
4501	-1
4502	5516806
4503	-1
4504	-1
4505	-1
4506	5520570
4507	-1
4508	-1
4509	-1
4510	5524334
4511	-1
4512	-1
4513	-1
4514	5528098
4515	-1
4516	-1
4517	5531862
4518	-1
4519	-1
4520	-1
4521	5535626
4522	-1
4523	-1
4524	-1
4525	5539390
4526	-1
4527	-1
4528	-1
4529	5543154
4530	-1
4531	-1
4532	5546918
4533	-1
4534	-1
4535	-1
4536	5550682
4537	-1
4538	-1
4539	-1
4540	5554446
4541	-1
4542	-1
4543	-1
4544	5558210
4545	-1
4546	-1
4547	5561974
4548	-1
4549	-1
4550	-1
4551	5565738
4552	-1
4553	-1
4554	-1
4555	5569502
4556	-1
4557	-1
4558	-1
4559	5573266
4560	-1
4561	-1
4562	-1
4563	5577030
4564	-1
4565	-1
4566	5580794
4567	-1
4568	-1
4569	-1
4570	5584558
4571	-1
4572	-1
4573	-1
4574	5588322
4575	-1
4576	-1
4577	-1
4578	5592086
4579	-1
4580	-1
4581	5595850
4582	-1
4583	-1
4584	-1
4585	5599614
4586	-1
4587	-1
4588	-1
4589	5603378
4590	-1
4591	-1
4592	-1
4593	5607142
4594	-1
4595	-1
4596	5610906
4597	-1
4598	-1
4599	-1
4600	5614670
4601	-1
4602	-1
4603	-1
4604	5618434
4605	-1
4606	-1
4607	-1
4608	5622198
4609	-1
4610	-1
4611	5625962
4612	-1
4613	-1
4614	-1
4615	5629726
4616	-1
4617	-1
4618	-1
4619	5633490
4620	-1
4621	-1
4622	-1
4623	5637254
4624	-1
4625	-1
4626	-1
4627	5641018
4628	-1
4629	-1
4630	5644782
4631	-1
4632	-1
4633	-1
4634	5648546
4635	-1
4636	-1
4637	-1
4638	5652310
4639	-1
4640	-1
4641	-1
4642	5656074
4643	-1
4644	-1
4645	5659838
4646	-1
4647	-1
4648	-1
4649	5663602
4650	-1
4651	-1
4652	-1
4653	5667366
4654	-1
4655	-1
4656	-1
4657	5671130
4658	-1
4659	-1
4660	5674894
4661	-1
4662	-1
4663	-1
4664	5678658
4665	-1
4666	-1
4667	-1
4668	5682422
4669	-1
4670	-1
4671	-1
4672	5686186
4673	-1
4674	-1
4675	5689950
4676	-1
4677	-1
4678	-1
4679	5693714
4680	-1
4681	-1
4682	-1
4683	5697478
4684	-1
4685	-1
4686	-1
4687	5701242
4688	-1
4689	-1
4690	5705006
4691	-1
4692	-1
4693	-1
4694	5708770
4695	-1
4696	-1
4697	-1
4698	5712534
4699	-1
4700	-1
4701	-1
4702	5716298
4703	-1
4704	-1
4705	-1
4706	5720062
4707	-1
4708	-1
4709	5723826
4710	-1
4711	-1
4712	-1
4713	5727590
4714	-1
4715	-1
4716	-1
4717	5731354
4718	-1
4719	-1
4720	-1
4721	5735118
4722	-1
4723	-1
4724	5738882
4725	-1
4726	-1
4727	-1
4728	5742646
4729	-1
4730	-1
4731	-1
4732	5746410
4733	-1
4734	-1
4735	-1
4736	5750174
4737	-1
4738	-1
4739	5753938
4740	-1
4741	-1
4742	-1
4743	5757702
4744	-1
4745	-1
4746	-1
4747	5761466
4748	-1
4749	-1
4750	-1
4751	5765230
4752	-1
4753	-1
4754	5768994
4755	-1
4756	-1
4757	-1
4758	5772758
4759	-1
4760	-1
4761	-1
4762	5776522
4763	-1
4764	-1
4765	-1
4766	5780286
4767	-1
4768	-1
4769	-1
4770	5784050
4771	-1
4772	-1
4773	5787814
4774	-1
4775	-1
4776	-1
4777	5791578
4778	-1
4779	-1
4780	-1
4781	5795342
4782	-1
4783	-1
4784	-1
4785	5799106
4786	-1
4787	-1
4788	5802870
4789	-1
4790	-1
4791	-1
4792	5806634
4793	-1
4794	-1
4795	-1
4796	5810398
4797	-1
4798	-1
4799	-1
4800	5814162
4801	-1
4802	-1
4803	5817926
4804	-1
4805	-1
4806	-1
4807	5821690
4808	-1
4809	-1
4810	-1
4811	5825454
4812	-1
4813	-1
4814	-1
4815	5829218
4816	-1
4817	-1
4818	5832982
4819	-1
4820	-1
4821	-1
4822	5836746
4823	-1
4824	-1
4825	-1
4826	5840510
4827	-1
4828	-1
4829	-1
4830	5844274
4831	-1
4832	-1
4833	-1
4834	5848038
4835	-1
4836	-1
4837	5851802
4838	-1
4839	-1
4840	-1
4841	5855566
4842	-1
4843	-1
4844	-1
4845	5859330
4846	-1
4847	-1
4848	-1
4849	5863094
4850	-1
4851	-1
4852	5866858
4853	-1
4854	-1
4855	-1
4856	5870622
4857	-1
4858	-1
4859	-1
4860	5874386
4861	-1
4862	-1
4863	-1
4864	5878150
4865	-1
4866	-1
4867	5881914
4868	-1
4869	-1
4870	-1
4871	5885678
4872	-1
4873	-1
4874	-1
4875	5889442
4876	-1
4877	-1
4878	-1
4879	5893206
4880	-1
4881	-1
4882	5896970
4883	-1
4884	-1
4885	-1
4886	5900734
4887	-1
4888	-1
4889	-1
4890	5904498
4891	-1
4892	-1
4893	-1
4894	5908262
4895	-1
4896	-1
4897	-1
4898	5912026
4899	-1
4900	-1
4901	5915790
4902	-1
4903	-1
4904	-1
4905	5919554
4906	-1
4907	-1
4908	-1
4909	5923318
4910	-1
4911	-1
4912	-1
4913	5927082
4914	-1
4915	-1
4916	5930846
4917	-1
4918	-1
4919	-1
4920	5934610
4921	-1
4922	-1
4923	-1
4924	5938374
4925	-1
4926	-1
4927	-1
4928	5942138
4929	-1
4930	-1
4931	5945902
4932	-1
4933	-1
4934	-1
4935	5949666
4936	-1
4937	-1
4938	-1
4939	5953430
4940	-1
4941	-1
4942	-1
4943	5957194
4944	-1
4945	-1
4946	5960958
4947	-1
4948	-1
4949	-1
4950	5964722
4951	-1
4952	-1
4953	-1
4954	5968486
4955	-1
4956	-1
4957	-1
4958	5972250
4959	-1
4960	-1
4961	5976014
4962	-1
4963	-1
4964	-1
4965	5979778
4966	-1
4967	-1
4968	-1
4969	5983542
4970	-1
4971	-1
4972	-1
4973	5987306
4974	-1
4975	-1
4976	-1
4977	5991070
4978	-1
4979	-1
4980	5994834
4981	-1
4982	-1
4983	-1
4984	5998598
4985	-1
4986	-1
4987	-1
4988	6002362
4989	-1
4990	-1
4991	-1
4992	6006126
4993	-1
4994	-1
4995	6009890
4996	-1
4997	-1
4998	-1
4999	6013654
5000	-1
5001	-1
5002	-1
5003	6017418
5004	-1
5005	-1
5006	-1
5007	6021182
5008	-1
5009	-1
5010	6024946
5011	-1
5012	-1
5013	-1
5014	6028710
5015	-1
5016	-1
5017	-1
5018	6032474
5019	-1
5020	-1
5021	-1
5022	6036238
5023	-1
5024	-1
5025	6040002
5026	-1
5027	-1
5028	-1
5029	6043766
5030	-1
5031	-1
5032	-1
5033	6047530
5034	-1
5035	-1
5036	-1
5037	6051294
5038	-1
5039	-1
5040	-1
5041	6055058
5042	-1
5043	-1
5044	6058822
5045	-1
5046	-1
5047	-1
5048	6062586
5049	-1
5050	-1
5051	-1
5052	6066350
5053	-1
5054	-1
5055	-1
5056	6070114
5057	-1
5058	-1
5059	6073878
5060	-1
5061	-1
5062	-1
5063	6077642
5064	-1
5065	-1
5066	-1
5067	6081406
5068	-1
5069	-1
5070	-1
5071	6085170
5072	-1
5073	-1
5074	6088934
5075	-1
5076	-1
5077	-1
5078	6092698
5079	-1
5080	-1
5081	-1
5082	6096462
5083	-1
5084	-1
5085	-1
5086	6100226
5087	-1
5088	-1
5089	6103990
5090	-1
5091	-1
5092	-1
5093	6107754
5094	-1
5095	-1
5096	-1
5097	6111518
5098	-1
5099	-1
5100	-1
5101	6115282
5102	-1
5103	-1
5104	-1
5105	6119046
5106	-1
5107	-1
5108	6122810
5109	-1
5110	-1
5111	-1
5112	6126574
5113	-1
5114	-1
5115	-1
5116	6130338
5117	-1
5118	-1
5119	-1
5120	6134102
5121	-1
5122	-1
5123	6137866
5124	-1
5125	-1
5126	-1
5127	6141630
5128	-1
5129	-1
5130	-1
5131	6145394
5132	-1
5133	-1
5134	-1
5135	6149158
5136	-1
5137	-1
5138	6152922
5139	-1
5140	-1
5141	-1
5142	6156686
5143	-1
5144	-1
5145	-1
5146	6160450
5147	-1
5148	-1
5149	-1
5150	6164214
5151	-1
5152	-1
5153	6167978
5154	-1
5155	-1
5156	-1
5157	6171742
5158	-1
5159	-1
5160	-1
5161	6175506
5162	-1
5163	-1
5164	-1
5165	6179270
5166	-1
5167	-1
5168	-1
5169	6183034
5170	-1
5171	-1
5172	6186798
5173	-1
5174	-1
5175	-1
5176	6190562
5177	-1
5178	-1
5179	-1
5180	6194326
5181	-1
5182	-1
5183	-1
5184	6198090
5185	-1
5186	-1
5187	6201854
5188	-1
5189	-1
5190	-1
5191	6205618
5192	-1
5193	-1
5194	-1
5195	6209382
5196	-1
5197	-1
5198	-1
5199	6213146
5200	-1
5201	-1
5202	6216910
5203	-1
5204	-1
5205	-1
5206	6220674
5207	-1
5208	-1
5209	-1
5210	6224438
5211	-1
5212	-1
5213	-1
5214	6228202
5215	-1
5216	-1
5217	6231966
5218	-1
5219	-1
5220	-1
5221	6235730
5222	-1
5223	-1
5224	-1
5225	6239494
5226	-1
5227	-1
5228	-1
5229	6243258
5230	-1
5231	-1
5232	-1
5233	6247022
5234	-1
5235	-1
5236	6250786
5237	-1
5238	-1
5239	-1
5240	6254550
5241	-1
5242	-1
5243	-1
5244	6258314
5245	-1
5246	-1
5247	-1
5248	6262078
5249	-1
5250	-1
5251	6265842
5252	-1
5253	-1
5254	-1
5255	6269606
5256	-1
5257	-1
5258	-1
5259	6273370
5260	-1
5261	-1
5262	-1
5263	6277134
5264	-1
5265	-1
5266	6280898
5267	-1
5268	-1
5269	-1
5270	6284662
5271	-1
5272	-1
5273	-1
5274	6288426
5275	-1
5276	-1
5277	-1
5278	6292190
5279	-1
5280	-1
5281	6295954
5282	-1
5283	-1
5284	-1
5285	6299718
5286	-1
5287	-1
5288	-1
5289	6303482
5290	-1
5291	-1
5292	-1
5293	6307246
5294	-1
5295	-1
5296	6311010
5297	-1
5298	-1
5299	-1
5300	6314774
5301	-1
5302	-1
5303	-1
5304	6318538
5305	-1
5306	-1
5307	-1
5308	6322302
5309	-1
5310	-1
5311	-1
5312	6326066
5313	-1
5314	-1
5315	6329830
5316	-1
5317	-1
5318	-1
5319	6333594
5320	-1
5321	-1
5322	-1
5323	6337358
5324	-1
5325	-1
5326	-1
5327	6341122
5328	-1
5329	-1
5330	6344886
5331	-1
5332	-1
5333	-1
5334	6348650
5335	-1
5336	-1
5337	-1
5338	6352414
5339	-1
5340	-1
5341	-1
5342	6356178
5343	-1
5344	-1
5345	6359942
5346	-1
5347	-1
5348	-1
5349	6363706
5350	-1
5351	-1
5352	-1
5353	6367470
5354	-1
5355	-1
5356	-1
5357	6371234
5358	-1
5359	-1
5360	6374998
5361	-1
5362	-1
5363	-1
5364	6378762
5365	-1
5366	-1
5367	-1
5368	6382526
5369	-1
5370	-1
5371	-1
5372	6386290
5373	-1
5374	-1
5375	-1
5376	6390054
5377	-1
5378	-1
5379	6393818
5380	-1
5381	-1
5382	-1
5383	6397582
5384	-1
5385	-1
5386	-1
5387	6401346
5388	-1
5389	-1
5390	-1
5391	6405110
5392	-1
5393	-1
5394	6408874
5395	-1
5396	-1
5397	-1
5398	6412638
5399	-1
5400	-1
5401	-1
5402	6416402
5403	-1
5404	-1
5405	-1
5406	6420166
5407	-1
5408	-1
5409	6423930
5410	-1
5411	-1
5412	-1
5413	6427694
5414	-1
5415	-1
5416	-1
5417	6431458
5418	-1
5419	-1
5420	-1
5421	6435222
5422	-1
5423	-1
5424	6438986
5425	-1
5426	-1
5427	-1
5428	6442750
5429	-1
5430	-1
5431	-1
5432	6446514
5433	-1
5434	-1
5435	-1
5436	6450278
5437	-1
5438	-1
5439	-1
5440	6454042
5441	-1
5442	-1
5443	6457806
5444	-1
5445	-1
5446	-1
5447	6461570
5448	-1
5449	-1
5450	-1
5451	6465334
5452	-1
5453	-1
5454	-1
5455	6469098
5456	-1
5457	-1
5458	6472862
5459	-1
5460	-1
5461	-1
5462	6476626
5463	-1
5464	-1
5465	-1
5466	6480390
5467	-1
5468	-1
5469	-1
5470	6484154
5471	-1
5472	-1
5473	6487918
5474	-1
5475	-1
5476	-1
5477	6491682
5478	-1
5479	-1
5480	-1
5481	6495446
5482	-1
5483	-1
5484	-1
5485	6499210
5486	-1
5487	-1
5488	6502974
5489	-1
5490	-1
5491	-1
5492	6506738
5493	-1
5494	-1
5495	-1
5496	6510502
5497	-1
5498	-1
5499	-1
5500	6514266
5501	-1
5502	-1
5503	-1
5504	6518030
5505	-1
5506	-1
5507	6521794
5508	-1
5509	-1
5510	-1
5511	6525558
5512	-1
5513	-1
5514	-1
5515	6529322
5516	-1
5517	-1
5518	-1
5519	6533086
5520	-1
5521	-1
5522	6536850
5523	-1
5524	-1
5525	-1
5526	6540614
5527	-1
5528	-1
5529	-1
5530	6544378
5531	-1
5532	-1
5533	-1
5534	6548142
5535	-1
5536	-1
5537	6551906
5538	-1
5539	-1
5540	-1
5541	6555670
5542	-1
5543	-1
5544	-1
5545	6559434
5546	-1
5547	-1
5548	-1
5549	6563198
5550	-1
5551	-1
5552	6566962
5553	-1
5554	-1
5555	-1
5556	6570726
5557	-1
5558	-1
5559	-1
5560	6574490
5561	-1
5562	-1
5563	-1
5564	6578254
5565	-1
5566	-1
5567	-1
5568	6582018
5569	-1
5570	-1
5571	6585782
5572	-1
5573	-1
5574	-1
5575	6589546
5576	-1
5577	-1
5578	-1
5579	6593310
5580	-1
5581	-1
5582	-1
5583	6597074
5584	-1
5585	-1
5586	6600838
5587	-1
5588	-1
5589	-1
5590	6604602
5591	-1
5592	-1
5593	-1
5594	6608366
5595	-1
5596	-1
5597	-1
5598	6612130
5599	-1
5600	-1
5601	6615894
5602	-1
5603	-1
5604	-1
5605	6619658
5606	-1
5607	-1
5608	-1
5609	6623422
5610	-1
5611	-1
5612	-1
5613	6627186
5614	-1
5615	-1
5616	6630950
5617	-1
5618	-1
5619	-1
5620	6634714
5621	-1
5622	-1
5623	-1
5624	6638478
5625	-1
5626	-1
5627	-1
5628	6642242
5629	-1
5630	-1
5631	6646006
5632	-1
5633	-1
5634	-1
5635	6649770
5636	-1
5637	-1
5638	-1
5639	6653534
5640	-1
5641	-1
5642	-1
5643	6657298
5644	-1
5645	-1
5646	-1
5647	6661062
5648	-1
5649	-1
5650	6664826
5651	-1
5652	-1
5653	-1
5654	6668590
5655	-1
5656	-1
5657	-1
5658	6672354
5659	-1
5660	-1
5661	-1
5662	6676118
5663	-1
5664	-1
5665	6679882
5666	-1
5667	-1
5668	-1
5669	6683646
5670	-1
5671	-1
5672	-1
5673	6687410
5674	-1
5675	-1
5676	-1
5677	6691174
5678	-1
5679	-1
5680	6694938
5681	-1
5682	-1
5683	-1
5684	6698702
5685	-1
5686	-1
5687	-1
5688	6702466
5689	-1
5690	-1
5691	-1
5692	6706230
5693	-1
5694	-1
5695	6709994
5696	-1
5697	-1
5698	-1
5699	6713758
5700	-1
5701	-1
5702	-1
5703	6717522
5704	-1
5705	-1
5706	-1
5707	6721286
5708	-1
5709	-1
5710	-1
5711	6725050
5712	-1
5713	-1
5714	6728814
5715	-1
5716	-1
5717	-1
5718	6732578
5719	-1
5720	-1
5721	-1
5722	6736342
5723	-1
5724	-1
5725	-1
5726	6740106
5727	-1
5728	-1
5729	6743870
5730	-1
5731	-1
5732	-1
5733	6747634
5734	-1
5735	-1
5736	-1
5737	6751398
5738	-1
5739	-1
5740	-1
5741	6755162
5742	-1
5743	-1
5744	6758926
5745	-1
5746	-1
5747	-1
5748	6762690
5749	-1
5750	-1
5751	-1
5752	6766454
5753	-1
5754	-1
5755	-1
5756	6770218
5757	-1
5758	-1
5759	6773982
5760	-1
5761	-1
5762	-1
5763	6777746
5764	-1
5765	-1
5766	-1
5767	6781510
5768	-1
5769	-1
5770	-1
5771	6785274
5772	-1
5773	-1
5774	-1
5775	6789038
5776	-1
5777	-1
5778	6792802
5779	-1
5780	-1
5781	-1
5782	6796566
5783	-1
5784	-1
5785	-1
5786	6800330
5787	-1
5788	-1
5789	-1
5790	6804094
5791	-1
5792	-1
5793	6807858
5794	-1
5795	-1
5796	-1
5797	6811622
5798	-1
5799	-1
5800	-1
5801	6815386
5802	-1
5803	-1
5804	-1
5805	6819150
5806	-1
5807	-1
5808	6822914
5809	-1
5810	-1
5811	-1
5812	6826678
5813	-1
5814	-1
5815	-1
5816	6830442
5817	-1
5818	-1
5819	-1
5820	6834206
5821	-1
5822	-1
5823	6837970
5824	-1
5825	-1
5826	-1
5827	6841734
5828	-1
5829	-1
5830	-1
5831	6845498
5832	-1
5833	-1
5834	-1
5835	6849262
5836	-1
5837	-1
5838	-1
5839	6853026
5840	-1
5841	-1
5842	6856790
5843	-1
5844	-1
5845	-1
5846	6860554
5847	-1
5848	-1
5849	-1
5850	6864318
5851	-1
5852	-1
5853	-1
5854	6868082
5855	-1
5856	-1
5857	6871846
5858	-1
5859	-1
5860	-1
5861	6875610
5862	-1
5863	-1
5864	-1
5865	6879374
5866	-1
5867	-1
5868	-1
5869	6883138
5870	-1
5871	-1
5872	6886902
5873	-1
5874	-1
5875	-1
5876	6890666
5877	-1
5878	-1
5879	-1
5880	6894430
5881	-1
5882	-1
5883	-1
5884	6898194
5885	-1
5886	-1
5887	6901958
5888	-1
5889	-1
5890	-1
5891	6905722
5892	-1
5893	-1
5894	-1
5895	6909486
5896	-1
5897	-1
5898	-1
5899	6913250
5900	-1
5901	-1
5902	6917014
5903	-1
5904	-1
5905	-1
5906	6920778
5907	-1
5908	-1
5909	-1
5910	6924542
5911	-1
5912	-1
5913	-1
5914	6928306
5915	-1
5916	-1
5917	-1
5918	6932070
5919	-1
5920	-1
5921	6935834
5922	-1
5923	-1
5924	-1
5925	6939598
5926	-1
5927	-1
5928	-1
5929	6943362
5930	-1
5931	-1
5932	-1
5933	6947126
5934	-1
5935	-1
5936	6950890
5937	-1
5938	-1
5939	-1
5940	6954654
5941	-1
5942	-1
5943	-1
5944	6958418
5945	-1
5946	-1
5947	-1
5948	6962182
5949	-1
5950	-1
5951	6965946
5952	-1
5953	-1
5954	-1
5955	6969710
5956	-1
5957	-1
5958	-1
5959	6973474
5960	-1
5961	-1
5962	-1
5963	6977238
5964	-1
5965	-1
5966	6981002
5967	-1
5968	-1
5969	-1
5970	6984766
5971	-1
5972	-1
5973	-1
5974	6988530
5975	-1
5976	-1
5977	-1
5978	6992294
5979	-1
5980	-1
5981	-1
5982	6996058
5983	-1
5984	-1
5985	6999822
5986	-1
5987	-1
5988	-1
5989	7003586
5990	-1
5991	-1
5992	-1
5993	7007350
5994	-1
5995	-1
5996	-1
5997	7011114
5998	-1
5999	-1
6000	7014878
6001	-1
6002	-1
6003	-1
6004	7018642
6005	-1
6006	-1
6007	-1
6008	7022406
6009	-1
6010	-1
6011	-1
6012	7026170
6013	-1
6014	-1
6015	7029934
6016	-1
6017	-1
6018	-1
6019	7033698
6020	-1
6021	-1
6022	-1
6023	7037462
6024	-1
6025	-1
6026	-1
6027	7041226
6028	-1
6029	-1
6030	7044990
6031	-1
6032	-1
6033	-1
6034	7048754
6035	-1
6036	-1
6037	-1
6038	7052518
6039	-1
6040	-1
6041	-1
6042	7056282
6043	-1
6044	-1
6045	-1
6046	7060046
6047	-1
6048	-1
6049	7063810
6050	-1
6051	-1
6052	-1
6053	7067574
6054	-1
6055	-1
6056	-1
6057	7071338
6058	-1
6059	-1
6060	-1
6061	7075102
6062	-1
6063	-1
6064	7078866
6065	-1
6066	-1
6067	-1
6068	7082630
6069	-1
6070	-1
6071	-1
6072	7086394
6073	-1
6074	-1
6075	-1
6076	7090158
6077	-1
6078	-1
6079	7093922
6080	-1
6081	-1
6082	-1
6083	7097686
6084	-1
6085	-1
6086	-1
6087	7101450
6088	-1
6089	-1
6090	-1
6091	7105214
6092	-1
6093	-1
6094	7108978
6095	-1
6096	-1
6097	-1
6098	7112742
6099	-1
6100	-1
6101	-1
6102	7116506
6103	-1
6104	-1
6105	-1
6106	7120270
6107	-1
6108	-1
6109	-1
6110	7124034
6111	-1
6112	-1
6113	7127798
6114	-1
6115	-1
6116	-1
6117	7131562
6118	-1
6119	-1
6120	-1
6121	7135326
6122	-1
6123	-1
6124	-1
6125	7139090
6126	-1
6127	-1
6128	7142854
6129	-1
6130	-1
6131	-1
6132	7146618
6133	-1
6134	-1
6135	-1
6136	7150382
6137	-1
6138	-1
6139	-1
6140	7154146
6141	-1
6142	-1
6143	7157910
6144	-1
6145	-1
6146	-1
6147	7161674
6148	-1
6149	-1
6150	-1
6151	7165438
6152	-1
6153	-1
6154	-1
6155	7169202
6156	-1
6157	-1
6158	7172966
6159	-1
6160	-1
6161	-1
6162	7176730
6163	-1
6164	-1
6165	-1
6166	7180494
6167	-1
6168	-1
6169	-1
6170	7184258
6171	-1
6172	-1
6173	-1
6174	7188022
6175	-1
6176	-1
6177	7191786
6178	-1
6179	-1
6180	-1
6181	7195550
6182	-1
6183	-1
6184	-1
6185	7199314
6186	-1
6187	-1
6188	-1
6189	7203078
6190	-1
6191	-1
6192	7206842
6193	-1
6194	-1
6195	-1
6196	7210606
6197	-1
6198	-1
6199	-1
6200	7214370
6201	-1
6202	-1
6203	-1
6204	7218134
6205	-1
6206	-1
6207	7221898
6208	-1
6209	-1
6210	-1
6211	7225662
6212	-1
6213	-1
6214	-1
6215	7229426
6216	-1
6217	-1
6218	-1
6219	7233190
6220	-1
6221	-1
6222	7236954
6223	-1
6224	-1
6225	-1
6226	7240718
6227	-1
6228	-1
6229	-1
6230	7244482
6231	-1
6232	-1
6233	-1
6234	7248246
6235	-1
6236	-1
6237	7252010
6238	-1
6239	-1
6240	-1
6241	7255774
6242	-1
6243	-1
6244	-1
6245	7259538
6246	-1
6247	-1
6248	-1
6249	7263302
6250	-1
6251	-1
6252	-1
6253	7267066
6254	-1
6255	-1
6256	7270830
6257	-1
6258	-1
6259	-1
6260	7274594
6261	-1
6262	-1
6263	-1
6264	7278358
6265	-1
6266	-1
6267	-1
6268	7282122
6269	-1
6270	-1
6271	7285886
6272	-1
6273	-1
6274	-1
6275	7289650
6276	-1
6277	-1
6278	-1
6279	7293414
6280	-1
6281	-1
6282	-1
6283	7297178
6284	-1
6285	-1
6286	7300942
6287	-1
6288	-1
6289	-1
6290	7304706
6291	-1
6292	-1
6293	-1
6294	7308470
6295	-1
6296	-1
6297	-1
6298	7312234
6299	-1
6300	-1
6301	7315998
6302	-1
6303	-1
6304	-1
6305	7319762
6306	-1
6307	-1
6308	-1
6309	7323526
6310	-1
6311	-1
6312	-1
6313	7327290
6314	-1
6315	-1
6316	-1
6317	7331054
6318	-1
6319	-1
6320	7334818
6321	-1
6322	-1
6323	-1
6324	7338582
6325	-1
6326	-1
6327	-1
6328	7342346
6329	-1
6330	-1
6331	-1
6332	7346110
6333	-1
6334	-1
6335	7349874
6336	-1
6337	-1
6338	-1
6339	7353638
6340	-1
6341	-1
6342	-1
6343	7357402
6344	-1
6345	-1
6346	-1
6347	7361166
6348	-1
6349	-1
6350	7364930
6351	-1
6352	-1
6353	-1
6354	7368694
6355	-1
6356	-1
6357	-1
6358	7372458
6359	-1
6360	-1
6361	-1
6362	7376222
6363	-1
6364	-1
6365	7379986
6366	-1
6367	-1
6368	-1
6369	7383750
6370	-1
6371	-1
6372	-1
6373	7387514
6374	-1
6375	-1
6376	-1
6377	7391278
6378	-1
6379	-1
6380	-1
6381	7395042
6382	-1
6383	-1
6384	7398806
6385	-1
6386	-1
6387	-1
6388	7402570
6389	-1
6390	-1
6391	-1
6392	7406334
6393	-1
6394	-1
6395	-1
6396	7410098
6397	-1
6398	-1
6399	7413862
6400	-1
6401	-1
6402	-1
6403	7417626
6404	-1
6405	-1
6406	-1
6407	7421390
6408	-1
6409	-1
6410	-1
6411	7425154
6412	-1
6413	-1
6414	7428918
6415	-1
6416	-1
6417	-1
6418	7432682
6419	-1
6420	-1
6421	-1
6422	7436446
6423	-1
6424	-1
6425	-1
6426	7440210
6427	-1
6428	-1
6429	7443974
6430	-1
6431	-1
6432	-1
6433	7447738
6434	-1
6435	-1
6436	-1
6437	7451502
6438	-1
6439	-1
6440	-1
6441	7455266
6442	-1
6443	-1
6444	-1
6445	7459030
6446	-1
6447	-1
6448	7462794
6449	-1
6450	-1
6451	-1
6452	7466558
6453	-1
6454	-1
6455	-1
6456	7470322
6457	-1
6458	-1
6459	-1
6460	7474086
6461	-1
6462	-1
6463	7477850
6464	-1
6465	-1
6466	-1
6467	7481614
6468	-1
6469	-1
6470	-1
6471	7485378
6472	-1
6473	-1
6474	-1
6475	7489142
6476	-1
6477	-1
6478	7492906
6479	-1
6480	-1
6481	-1
6482	7496670
6483	-1
6484	-1
6485	-1
6486	7500434
6487	-1
6488	-1
6489	-1
6490	7504198
6491	-1
6492	-1
6493	7507962
6494	-1
6495	-1
6496	-1
6497	7511726
6498	-1
6499	-1
6500	-1
6501	7515490
6502	-1
6503	-1
6504	-1
6505	7519254
6506	-1
6507	-1
6508	-1
6509	7523018
6510	-1
6511	-1
6512	7526782
6513	-1
6514	-1
6515	-1
6516	7530546
6517	-1
6518	-1
6519	-1
6520	7534310
6521	-1
6522	-1
6523	-1
6524	7538074
6525	-1
6526	-1
6527	7541838
6528	-1
6529	-1
6530	-1
6531	7545602
6532	-1
6533	-1
6534	-1
6535	7549366
6536	-1
6537	-1
6538	-1
6539	7553130
6540	-1
6541	-1
6542	7556894
6543	-1
6544	-1
6545	-1
6546	7560658
6547	-1
6548	-1
6549	-1
6550	7564422
6551	-1
6552	-1
6553	-1
6554	7568186
6555	-1
6556	-1
6557	7571950
6558	-1
6559	-1
6560	-1
6561	7575714
6562	-1
6563	-1
6564	-1
6565	7579478
6566	-1
6567	-1
6568	-1
6569	7583242
6570	-1
6571	-1
6572	7587006
6573	-1
6574	-1
6575	-1
6576	7590770
6577	-1
6578	-1
6579	-1
6580	7594534
6581	-1
6582	-1
6583	-1
6584	7598298
6585	-1
6586	-1
6587	-1
6588	7602062
6589	-1
6590	-1
6591	7605826
6592	-1
6593	-1
6594	-1
6595	7609590
6596	-1
6597	-1
6598	-1
6599	7613354
6600	-1
6601	-1
6602	-1
6603	7617118
6604	-1
6605	-1
6606	7620882
6607	-1
6608	-1
6609	-1
6610	7624646
6611	-1
6612	-1
6613	-1
6614	7628410
6615	-1
6616	-1
6617	-1
6618	7632174
6619	-1
6620	-1
6621	7635938
6622	-1
6623	-1
6624	-1
6625	7639702
6626	-1
6627	-1
6628	-1
6629	7643466
6630	-1
6631	-1
6632	-1
6633	7647230
6634	-1
6635	-1
6636	7650994
6637	-1
6638	-1
6639	-1
6640	7654758
6641	-1
6642	-1
6643	-1
6644	7658522
6645	-1
6646	-1
6647	-1
6648	7662286
6649	-1
6650	-1
6651	-1
6652	7666050
6653	-1
6654	-1
6655	7669814
6656	-1
6657	-1
6658	-1
6659	7673578
6660	-1
6661	-1
6662	-1
6663	7677342
6664	-1
6665	-1
6666	-1
6667	7681106
6668	-1
6669	-1
6670	7684870
6671	-1
6672	-1
6673	-1
6674	7688634
6675	-1
6676	-1
6677	-1
6678	7692398
6679	-1
6680	-1
6681	-1
6682	7696162
6683	-1
6684	-1
6685	7699926
6686	-1
6687	-1
6688	-1
6689	7703690
6690	-1
6691	-1
6692	-1
6693	7707454
6694	-1
6695	-1
6696	-1
6697	7711218
6698	-1
6699	-1
6700	7714982
6701	-1
6702	-1
6703	-1
6704	7718746
6705	-1
6706	-1
6707	-1
6708	7722510
6709	-1
6710	-1
6711	-1
6712	7726274
6713	-1
6714	-1
6715	-1
6716	7730038
6717	-1
6718	-1
6719	7733802
6720	-1
6721	-1
6722	-1
6723	7737566
6724	-1
6725	-1
6726	-1
6727	7741330
6728	-1
6729	-1
6730	-1
6731	7745094
6732	-1
6733	-1
6734	7748858
6735	-1
6736	-1
6737	-1
6738	7752622
6739	-1
6740	-1
6741	-1
6742	7756386
6743	-1
6744	-1
6745	-1
6746	7760150
6747	-1
6748	-1
6749	7763914
6750	-1
6751	-1
6752	-1
6753	7767678
6754	-1
6755	-1
6756	-1
6757	7771442
6758	-1
6759	-1
6760	-1
6761	7775206
6762	-1
6763	-1
6764	7778970
6765	-1
6766	-1
6767	-1
6768	7782734
6769	-1
6770	-1
6771	-1
6772	7786498
6773	-1
6774	-1
6775	-1
6776	7790262
6777	-1
6778	-1
6779	-1
6780	7794026
6781	-1
6782	-1
6783	7797790
6784	-1
6785	-1
6786	-1
6787	7801554
6788	-1
6789	-1
6790	-1
6791	7805318
6792	-1
6793	-1
6794	-1
6795	7809082
6796	-1
6797	-1
6798	7812846
6799	-1
6800	-1
6801	-1
6802	7816610
6803	-1
6804	-1
6805	-1
6806	7820374
6807	-1
6808	-1
6809	-1
6810	7824138
6811	-1
6812	-1
6813	7827902
6814	-1
6815	-1
6816	-1
6817	7831666
6818	-1
6819	-1
6820	-1
6821	7835430
6822	-1
6823	-1
6824	-1
6825	7839194
6826	-1
6827	-1
6828	7842958
6829	-1
6830	-1
6831	-1
6832	7846722
6833	-1
6834	-1
6835	-1
6836	7850486
6837	-1
6838	-1
6839	-1
6840	7854250
6841	-1
6842	-1
6843	7858014
6844	-1
6845	-1
6846	-1
6847	7861778
6848	-1
6849	-1
6850	-1
6851	7865542
6852	-1
6853	-1
6854	-1
6855	7869306
6856	-1
6857	-1
6858	-1
6859	7873070
6860	-1
6861	-1
6862	7876834
6863	-1
6864	-1
6865	-1
6866	7880598
6867	-1
6868	-1
6869	-1
6870	7884362
6871	-1
6872	-1
6873	-1
6874	7888126
6875	-1
6876	-1
6877	7891890
6878	-1
6879	-1
6880	-1
6881	7895654
6882	-1
6883	-1
6884	-1
6885	7899418
6886	-1
6887	-1
6888	-1
6889	7903182
6890	-1
6891	-1
6892	7906946
6893	-1
6894	-1
6895	-1
6896	7910710
6897	-1
6898	-1
6899	-1
6900	7914474
6901	-1
6902	-1
6903	-1
6904	7918238
6905	-1
6906	-1
6907	7922002
6908	-1
6909	-1
6910	-1
6911	7925766
6912	-1
6913	-1
6914	-1
6915	7929530
6916	-1
6917	-1
6918	-1
6919	7933294
6920	-1
6921	-1
6922	-1
6923	7937058
6924	-1
6925	-1
6926	7940822
6927	-1
6928	-1
6929	-1
6930	7944586
6931	-1
6932	-1
6933	-1
6934	7948350
6935	-1
6936	-1
6937	-1
6938	7952114
6939	-1
6940	-1
6941	7955878
6942	-1
6943	-1
6944	-1
6945	7959642
6946	-1
6947	-1
6948	-1
6949	7963406
6950	-1
6951	-1
6952	-1
6953	7967170
6954	-1
6955	-1
6956	7970934
6957	-1
6958	-1
6959	-1
6960	7974698
6961	-1
6962	-1
6963	-1
6964	7978462
6965	-1
6966	-1
6967	-1
6968	7982226
6969	-1
6970	-1
6971	7985990
6972	-1
6973	-1
6974	-1
6975	7989754
6976	-1
6977	-1
6978	-1
6979	7993518
6980	-1
6981	-1
6982	-1
6983	7997282
6984	-1
6985	-1
6986	-1
6987	8001046
6988	-1
6989	-1
6990	8004810
6991	-1
6992	-1
6993	-1
6994	8008574
6995	-1
6996	-1
6997	-1
6998	8012338
6999	-1
7000	-1
7001	-1
7002	8016102
7003	-1
7004	-1
7005	8019866
7006	-1
7007	-1
7008	-1
7009	8023630
7010	-1
7011	-1
7012	-1
7013	8027394
7014	-1
7015	-1
7016	-1
7017	8031158
7018	-1
7019	-1
7020	8034922
7021	-1
7022	-1
7023	-1
7024	8038686
7025	-1
7026	-1
7027	-1
7028	8042450
7029	-1
7030	-1
7031	-1
7032	8046214
7033	-1
7034	-1
7035	8049978
7036	-1
7037	-1
7038	-1
7039	8053742
7040	-1
7041	-1
7042	-1
7043	8057506
7044	-1
7045	-1
7046	-1
7047	8061270
7048	-1
7049	-1
7050	-1
7051	8065034
7052	-1
7053	-1
7054	8068798
7055	-1
7056	-1
7057	-1
7058	8072562
7059	-1
7060	-1
7061	-1
7062	8076326
7063	-1
7064	-1
7065	-1
7066	8080090
7067	-1
7068	-1
7069	8083854
7070	-1
7071	-1
7072	-1
7073	8087618
7074	-1
7075	-1
7076	-1
7077	8091382
7078	-1
7079	-1
7080	-1
7081	8095146
7082	-1
7083	-1
7084	8098910
7085	-1
7086	-1
7087	-1
7088	8102674
7089	-1
7090	-1
7091	-1
7092	8106438
7093	-1
7094	-1
7095	-1
7096	8110202
7097	-1
7098	-1
7099	8113966
7100	-1
7101	-1
7102	-1
7103	8117730
7104	-1
7105	-1
7106	-1
7107	8121494
7108	-1
7109	-1
7110	-1
7111	8125258
7112	-1
7113	-1
7114	-1
7115	8129022
7116	-1
7117	-1
7118	8132786
7119	-1
7120	-1
7121	-1
7122	8136550
7123	-1
7124	-1
7125	-1
7126	8140314
7127	-1
7128	-1
7129	-1
7130	8144078
7131	-1
7132	-1
7133	8147842
7134	-1
7135	-1
7136	-1
7137	8151606
7138	-1
7139	-1
7140	-1
7141	8155370
7142	-1
7143	-1
7144	-1
7145	8159134
7146	-1
7147	-1
7148	8162898
7149	-1
7150	-1
7151	-1
7152	8166662
7153	-1
7154	-1
7155	-1
7156	8170426
7157	-1
7158	-1
7159	-1
7160	8174190
7161	-1
7162	-1
7163	8177954
7164	-1
7165	-1
7166	-1
7167	8181718
7168	-1
7169	-1
7170	-1
7171	8185482
7172	-1
7173	-1
7174	-1
7175	8189246
7176	-1
7177	-1
7178	8193010
7179	-1
7180	-1
7181	-1
7182	8196774
7183	-1
7184	-1
7185	-1
7186	8200538
7187	-1
7188	-1
7189	-1
7190	8204302
7191	-1
7192	-1
7193	-1
7194	8208066
7195	-1
7196	-1
7197	8211830
7198	-1
7199	-1
7200	-1
7201	8215594
7202	-1
7203	-1
7204	-1
7205	8219358
7206	-1
7207	-1
7208	-1
7209	8223122
7210	-1
7211	-1
7212	8226886
7213	-1
7214	-1
7215	-1
7216	8230650
7217	-1
7218	-1
7219	-1
7220	8234414
7221	-1
7222	-1
7223	-1
7224	8238178
7225	-1
7226	-1
7227	8241942
7228	-1
7229	-1
7230	-1
7231	8245706
7232	-1
7233	-1
7234	-1
7235	8249470
7236	-1
7237	-1
7238	-1
7239	8253234
7240	-1
7241	-1
7242	8256998
7243	-1
7244	-1
7245	-1
7246	8260762
7247	-1
7248	-1
7249	-1
7250	8264526
7251	-1
7252	-1
7253	-1
7254	8268290
7255	-1
7256	-1
7257	-1
7258	8272054
7259	-1
7260	-1
7261	8275818
7262	-1
7263	-1
7264	-1
7265	8279582
7266	-1
7267	-1
7268	-1
7269	8283346
7270	-1
7271	-1
7272	-1
7273	8287110
7274	-1
7275	-1
7276	8290874
7277	-1
7278	-1
7279	-1
7280	8294638
7281	-1
7282	-1
7283	-1
7284	8298402
7285	-1
7286	-1
7287	-1
7288	8302166
7289	-1
7290	-1
7291	8305930
7292	-1
7293	-1
7294	-1
7295	8309694
7296	-1
7297	-1
7298	-1
7299	8313458
7300	-1
7301	-1
7302	-1
7303	8317222
7304	-1
7305	-1
7306	8320986
7307	-1
7308	-1
7309	-1
7310	8324750
7311	-1
7312	-1
7313	-1
7314	8328514
7315	-1
7316	-1
7317	-1
7318	8332278
7319	-1
7320	-1
7321	-1
7322	8336042
7323	-1
7324	-1
7325	8339806
7326	-1
7327	-1
7328	-1
7329	8343570
7330	-1
7331	-1
7332	-1
7333	8347334
7334	-1
7335	-1
7336	-1
7337	8351098
7338	-1
7339	-1
7340	8354862
7341	-1
7342	-1
7343	-1
7344	8358626
7345	-1
7346	-1
7347	-1
7348	8362390
7349	-1
7350	-1
7351	-1
7352	8366154
7353	-1
7354	-1
7355	8369918
7356	-1
7357	-1
7358	-1
7359	8373682
7360	-1
7361	-1
7362	-1
7363	8377446
7364	-1
7365	-1
7366	-1
7367	8381210
7368	-1
7369	-1
7370	8384974
7371	-1
7372	-1
7373	-1
7374	8388738
7375	-1
7376	-1
7377	-1
7378	8392502
7379	-1
7380	-1
7381	-1
7382	8396266
7383	-1
7384	-1
7385	-1
7386	8400030
7387	-1
7388	-1
7389	8403794
7390	-1
7391	-1
7392	-1
7393	8407558
7394	-1
7395	-1
7396	-1
7397	8411322
7398	-1
7399	-1
7400	-1
7401	8415086
7402	-1
7403	-1
7404	8418850
7405	-1
7406	-1
7407	-1
7408	8422614
7409	-1
7410	-1
7411	-1
7412	8426378
7413	-1
7414	-1
7415	-1
7416	8430142
7417	-1
7418	-1
7419	8433906
7420	-1
7421	-1
7422	-1
7423	8437670
7424	-1
7425	-1
7426	-1
7427	8441434
7428	-1
7429	-1
7430	-1
7431	8445198
7432	-1
7433	-1
7434	8448962
7435	-1
7436	-1
7437	-1
7438	8452726
7439	-1
7440	-1
7441	-1
7442	8456490
7443	-1
7444	-1
7445	-1
7446	8460254
7447	-1
7448	-1
7449	-1
7450	8464018
7451	-1
7452	-1
7453	8467782
7454	-1
7455	-1
7456	-1
7457	8471546
7458	-1
7459	-1
7460	-1
7461	8475310
7462	-1
7463	-1
7464	-1
7465	8479074
7466	-1
7467	-1
7468	8482838
7469	-1
7470	-1
7471	-1
7472	8486602
7473	-1
7474	-1
7475	-1
7476	8490366
7477	-1
7478	-1
7479	-1
7480	8494130
7481	-1
7482	-1
7483	8497894
7484	-1
7485	-1
7486	-1
7487	8501658
7488	-1
7489	-1
7490	-1
7491	8505422
7492	-1
7493	-1
7494	-1
7495	8509186
7496	-1
7497	-1
7498	8512950
7499	-1
7500	-1
7501	-1
7502	8516714
7503	-1
7504	-1
7505	-1
7506	8520478
7507	-1
7508	-1
7509	-1
7510	8524242
7511	-1
7512	-1
7513	8528006
7514	-1
7515	-1
7516	-1
7517	8531770
7518	-1
7519	-1
7520	-1
7521	8535534
7522	-1
7523	-1
7524	-1
7525	8539298
7526	-1
7527	-1
7528	-1
7529	8543062
7530	-1
7531	-1
7532	8546826
7533	-1
7534	-1
7535	-1
7536	8550590
7537	-1
7538	-1
7539	-1
7540	8554354
7541	-1
7542	-1
7543	-1
7544	8558118
7545	-1
7546	-1
7547	8561882
7548	-1
7549	-1
7550	-1
7551	8565646
7552	-1
7553	-1
7554	-1
7555	8569410
7556	-1
7557	-1
7558	-1
7559	8573174
7560	-1
7561	-1
7562	8576938
7563	-1
7564	-1
7565	-1
7566	8580702
7567	-1
7568	-1
7569	-1
7570	8584466
7571	-1
7572	-1
7573	-1
7574	8588230
7575	-1
7576	-1
7577	8591994
7578	-1
7579	-1
7580	-1
7581	8595758
7582	-1
7583	-1
7584	-1
7585	8599522
7586	-1
7587	-1
7588	-1
7589	8603286
7590	-1
7591	-1
7592	-1
7593	8607050
7594	-1
7595	-1
7596	8610814
7597	-1
7598	-1
7599	-1
7600	8614578
7601	-1
7602	-1
7603	-1
7604	8618342
7605	-1
7606	-1
7607	-1
7608	8622106
7609	-1
7610	-1
7611	8625870
7612	-1
7613	-1
7614	-1
7615	8629634
7616	-1
7617	-1
7618	-1
7619	8633398
7620	-1
7621	-1
7622	-1
7623	8637162
7624	-1
7625	-1
7626	8640926
7627	-1
7628	-1
7629	-1
7630	8644690
7631	-1
7632	-1
7633	-1
7634	8648454
7635	-1
7636	-1
7637	-1
7638	8652218
7639	-1
7640	-1
7641	8655982
7642	-1
7643	-1
7644	-1
7645	8659746
7646	-1
7647	-1
7648	-1
7649	8663510
7650	-1
7651	-1
7652	-1
7653	8667274
7654	-1
7655	-1
7656	-1
7657	8671038
7658	-1
7659	-1
7660	8674802
7661	-1
7662	-1
7663	-1
7664	8678566
7665	-1
7666	-1
7667	-1
7668	8682330
7669	-1
7670	-1
7671	-1
7672	8686094
7673	-1
7674	-1
7675	8689858
7676	-1
7677	-1
7678	-1
7679	8693622
7680	-1
7681	-1
7682	-1
7683	8697386
7684	-1
7685	-1
7686	-1
7687	8701150
7688	-1
7689	-1
7690	8704914
7691	-1
7692	-1
7693	-1
7694	8708678
7695	-1
7696	-1
7697	-1
7698	8712442
7699	-1
7700	-1
7701	-1
7702	8716206
7703	-1
7704	-1
7705	8719970
7706	-1
7707	-1
7708	-1
7709	8723734
7710	-1
7711	-1
7712	-1
7713	8727498
7714	-1
7715	-1
7716	-1
7717	8731262
7718	-1
7719	-1
7720	-1
7721	8735026
7722	-1
7723	-1
7724	8738790
7725	-1
7726	-1
7727	-1
7728	8742554
7729	-1
7730	-1
7731	-1
7732	8746318
7733	-1
7734	-1
7735	-1
7736	8750082
7737	-1
7738	-1
7739	8753846
7740	-1
7741	-1
7742	-1
7743	8757610
7744	-1
7745	-1
7746	-1
7747	8761374
7748	-1
7749	-1
7750	-1
7751	8765138
7752	-1
7753	-1
7754	8768902
7755	-1
7756	-1
7757	-1
7758	8772666
7759	-1
7760	-1
7761	-1
7762	8776430
7763	-1
7764	-1
7765	-1
7766	8780194
7767	-1
7768	-1
7769	8783958
7770	-1
7771	-1
7772	-1
7773	8787722
7774	-1
7775	-1
7776	-1
7777	8791486
7778	-1
7779	-1
7780	-1
7781	8795250
7782	-1
7783	-1
7784	8799014
7785	-1
7786	-1
7787	-1
7788	8802778
7789	-1
7790	-1
7791	-1
7792	8806542
7793	-1
7794	-1
7795	-1
7796	8810306
7797	-1
7798	-1
7799	-1
7800	8814070
7801	-1
7802	-1
7803	8817834
7804	-1
7805	-1
7806	-1
7807	8821598
7808	-1
7809	-1
7810	-1
7811	8825362
7812	-1
7813	-1
7814	-1
7815	8829126
7816	-1
7817	-1
7818	8832890
7819	-1
7820	-1
7821	-1
7822	8836654
7823	-1
7824	-1
7825	-1
7826	8840418
7827	-1
7828	-1
7829	-1
7830	8844182
7831	-1
7832	-1
7833	8847946
7834	-1
7835	-1
7836	-1
7837	8851710
7838	-1
7839	-1
7840	-1
7841	8855474
7842	-1
7843	-1
7844	-1
7845	8859238
7846	-1
7847	-1
7848	8863002
7849	-1
7850	-1
7851	-1
7852	8866766
7853	-1
7854	-1
7855	-1
7856	8870530
7857	-1
7858	-1
7859	-1
7860	8874294
7861	-1
7862	-1
7863	-1
7864	8878058
7865	-1
7866	-1
7867	8881822
7868	-1
7869	-1
7870	-1
7871	8885586
7872	-1
7873	-1
7874	-1
7875	8889350
7876	-1
7877	-1
7878	-1
7879	8893114
7880	-1
7881	-1
7882	8896878
7883	-1
7884	-1
7885	-1
7886	8900642
7887	-1
7888	-1
7889	-1
7890	8904406
7891	-1
7892	-1
7893	-1
7894	8908170
7895	-1
7896	-1
7897	8911934
7898	-1
7899	-1
7900	-1
7901	8915698
7902	-1
7903	-1
7904	-1
7905	8919462
7906	-1
7907	-1
7908	-1
7909	8923226
7910	-1
7911	-1
7912	8926990
7913	-1
7914	-1
7915	-1
7916	8930754
7917	-1
7918	-1
7919	-1
7920	8934518
7921	-1
7922	-1
7923	-1
7924	8938282
7925	-1
7926	-1
7927	-1
7928	8942046
7929	-1
7930	-1
7931	8945810
7932	-1
7933	-1
7934	-1
7935	8949574
7936	-1
7937	-1
7938	-1
7939	8953338
7940	-1
7941	-1
7942	-1
7943	8957102
7944	-1
7945	-1
7946	8960866
7947	-1
7948	-1
7949	-1
7950	8964630
7951	-1
7952	-1
7953	-1
7954	8968394
7955	-1
7956	-1
7957	-1
7958	8972158
7959	-1
7960	-1
7961	8975922
7962	-1
7963	-1
7964	-1
7965	8979686
7966	-1
7967	-1
7968	-1
7969	8983450
7970	-1
7971	-1
7972	-1
7973	8987214
7974	-1
7975	-1
7976	8990978
7977	-1
7978	-1
7979	-1
7980	8994742
7981	-1
7982	-1
7983	-1
7984	8998506
7985	-1
7986	-1
7987	-1
7988	9002270
7989	-1
7990	-1
7991	-1
7992	9006034
7993	-1
7994	-1
7995	9009798
7996	-1
7997	-1
7998	-1
7999	9013562
8000	-1
8001	-1
8002	-1
8003	9017326
8004	-1
8005	-1
8006	-1
8007	9021090
8008	-1
8009	-1
8010	9024854
8011	-1
8012	-1
8013	-1
8014	9028618
8015	-1
8016	-1
8017	-1
8018	9032382
8019	-1
8020	-1
8021	-1
8022	9036146
8023	-1
8024	-1
8025	9039910
8026	-1
8027	-1
8028	-1
8029	9043674
8030	-1
8031	-1
8032	-1
8033	9047438
8034	-1
8035	-1
8036	-1
8037	9051202
8038	-1
8039	-1
8040	9054966
8041	-1
8042	-1
8043	-1
8044	9058730
8045	-1
8046	-1
8047	-1
8048	9062494
8049	-1
8050	-1
8051	-1
8052	9066258
8053	-1
8054	-1
8055	-1
8056	9070022
8057	-1
8058	-1
8059	9073786
8060	-1
8061	-1
8062	-1
8063	9077550
8064	-1
8065	-1
8066	-1
8067	9081314
8068	-1
8069	-1
8070	-1
8071	9085078
8072	-1
8073	-1
8074	9088842
8075	-1
8076	-1
8077	-1
8078	9092606
8079	-1
8080	-1
8081	-1
8082	9096370
8083	-1
8084	-1
8085	-1
8086	9100134
8087	-1
8088	-1
8089	9103898
8090	-1
8091	-1
8092	-1
8093	9107662
8094	-1
8095	-1
8096	-1
8097	9111426
8098	-1
8099	-1
8100	-1
8101	9115190
8102	-1
8103	-1
8104	9118954
8105	-1
8106	-1
8107	-1
8108	9122718
8109	-1
8110	-1
8111	-1
8112	9126482
8113	-1
8114	-1
8115	-1
8116	9130246
8117	-1
8118	-1
8119	9134010
8120	-1
8121	-1
8122	-1
8123	9137774
8124	-1
8125	-1
8126	-1
8127	9141538
8128	-1
8129	-1
8130	-1
8131	9145302
8132	-1
8133	-1
8134	-1
8135	9149066
8136	-1
8137	-1
8138	9152830
8139	-1
8140	-1
8141	-1
8142	9156594
8143	-1
8144	-1
8145	-1
8146	9160358
8147	-1
8148	-1
8149	-1
8150	9164122
8151	-1
8152	-1
8153	9167886
8154	-1
8155	-1
8156	-1
8157	9171650
8158	-1
8159	-1
8160	-1
8161	9175414
8162	-1
8163	-1
8164	-1
8165	9179178
8166	-1
8167	-1
8168	9182942
8169	-1
8170	-1
8171	-1
8172	9186706
8173	-1
8174	-1
8175	-1
8176	9190470
8177	-1
8178	-1
8179	-1
8180	9194234
8181	-1
8182	-1
8183	9197998
8184	-1
8185	-1
8186	-1
8187	9201762
8188	-1
8189	-1
8190	-1
8191	9205526
8192	-1
8193	-1
8194	-1
8195	9209290
8196	-1
8197	-1
8198	-1
8199	9213054
8200	-1
8201	-1
8202	9216818
8203	-1
8204	-1
8205	-1
8206	9220582
8207	-1
8208	-1
8209	-1
8210	9224346
8211	-1
8212	-1
8213	-1
8214	9228110
8215	-1
8216	-1
8217	9231874
8218	-1
8219	-1
8220	-1
8221	9235638
8222	-1
8223	-1
8224	-1
8225	9239402
8226	-1
8227	-1
8228	-1
8229	9243166
8230	-1
8231	-1
8232	9246930
8233	-1
8234	-1
8235	-1
8236	9250694
8237	-1
8238	-1
8239	-1
8240	9254458
8241	-1
8242	-1
8243	-1
8244	9258222
8245	-1
8246	-1
8247	9261986
8248	-1
8249	-1
8250	-1
8251	9265750
8252	-1
8253	-1
8254	-1
8255	9269514
8256	-1
8257	-1
8258	-1
8259	9273278
8260	-1
8261	-1
8262	-1
8263	9277042
8264	-1
8265	-1
8266	9280806
8267	-1
8268	-1
8269	-1
8270	9284570
8271	-1
8272	-1
8273	-1
8274	9288334
8275	-1
8276	-1
8277	-1
8278	9292098
8279	-1
8280	-1
8281	9295862
8282	-1
8283	-1
8284	-1
8285	9299626
8286	-1
8287	-1
8288	-1
8289	9303390
8290	-1
8291	-1
8292	-1
8293	9307154
8294	-1
8295	-1
8296	9310918
8297	-1
8298	-1
8299	-1
8300	9314682
8301	-1
8302	-1
8303	-1
8304	9318446
8305	-1
8306	-1
8307	-1
8308	9322210
8309	-1
8310	-1
8311	9325974
8312	-1
8313	-1
8314	-1
8315	9329738
8316	-1
8317	-1
8318	-1
8319	9333502
8320	-1
8321	-1
8322	-1
8323	9337266
8324	-1
8325	-1
8326	-1
8327	9341030
8328	-1
8329	-1
8330	9344794
8331	-1
8332	-1
8333	-1
8334	9348558
8335	-1
8336	-1
8337	-1
8338	9352322
8339	-1
8340	-1
8341	-1
8342	9356086
8343	-1
8344	-1
8345	9359850
8346	-1
8347	-1
8348	-1
8349	9363614
8350	-1
8351	-1
8352	-1
8353	9367378
8354	-1
8355	-1
8356	-1
8357	9371142
8358	-1
8359	-1
8360	9374906
8361	-1
8362	-1
8363	-1
8364	9378670
8365	-1
8366	-1
8367	-1
8368	9382434
8369	-1
8370	-1
8371	-1
8372	9386198
8373	-1
8374	-1
8375	9389962
8376	-1
8377	-1
8378	-1
8379	9393726
8380	-1
8381	-1
8382	-1
8383	9397490
8384	-1
8385	-1
8386	-1
8387	9401254
8388	-1
8389	-1
8390	-1
8391	9405018
8392	-1
8393	-1
8394	9408782
8395	-1
8396	-1
8397	-1
8398	9412546
8399	-1
8400	-1
8401	-1
8402	9416310
8403	-1
8404	-1
8405	-1
8406	9420074
8407	-1
8408	-1
8409	9423838
8410	-1
8411	-1
8412	-1
8413	9427602
8414	-1
8415	-1
8416	-1
8417	9431366
8418	-1
8419	-1
8420	-1
8421	9435130
8422	-1
8423	-1
8424	9438894
8425	-1
8426	-1
8427	-1
8428	9442658
8429	-1
8430	-1
8431	-1
8432	9446422
8433	-1
8434	-1
8435	-1
8436	9450186
8437	-1
8438	-1
8439	9453950
8440	-1
8441	-1
8442	-1
8443	9457714
8444	-1
8445	-1
8446	-1
8447	9461478
8448	-1
8449	-1
8450	-1
8451	9465242
8452	-1
8453	-1
8454	9469006
8455	-1
8456	-1
8457	-1
8458	9472770
8459	-1
8460	-1
8461	-1
8462	9476534
8463	-1
8464	-1
8465	-1
8466	9480298
8467	-1
8468	-1
8469	-1
8470	9484062
8471	-1
8472	-1
8473	9487826
8474	-1
8475	-1
8476	-1
8477	9491590
8478	-1
8479	-1
8480	-1
8481	9495354
8482	-1
8483	-1
8484	-1
8485	9499118
8486	-1
8487	-1
8488	9502882
8489	-1
8490	-1
8491	-1
8492	9506646
8493	-1
8494	-1
8495	-1
8496	9510410
8497	-1
8498	-1
8499	-1
8500	9514174
8501	-1
8502	-1
8503	9517938
8504	-1
8505	-1
8506	-1
8507	9521702
8508	-1
8509	-1
8510	-1
8511	9525466
8512	-1
8513	-1
8514	-1
8515	9529230
8516	-1
8517	-1
8518	9532994
8519	-1
8520	-1
8521	-1
8522	9536758
8523	-1
8524	-1
8525	-1
8526	9540522
8527	-1
8528	-1
8529	-1
8530	9544286
8531	-1
8532	-1
8533	-1
8534	9548050
8535	-1
8536	-1
8537	9551814
8538	-1
8539	-1
8540	-1
8541	9555578
8542	-1
8543	-1
8544	-1
8545	9559342
8546	-1
8547	-1
8548	-1
8549	9563106
8550	-1
8551	-1
8552	9566870
8553	-1
8554	-1
8555	-1
8556	9570634
8557	-1
8558	-1
8559	-1
8560	9574398
8561	-1
8562	-1
8563	-1
8564	9578162
8565	-1
8566	-1
8567	9581926
8568	-1
8569	-1
8570	-1
8571	9585690
8572	-1
8573	-1
8574	-1
8575	9589454
8576	-1
8577	-1
8578	-1
8579	9593218
8580	-1
8581	-1
8582	9596982
8583	-1
8584	-1
8585	-1
8586	9600746
8587	-1
8588	-1
8589	-1
8590	9604510
8591	-1
8592	-1
8593	-1
8594	9608274
8595	-1
8596	-1
8597	-1
8598	9612038
8599	-1
8600	-1
8601	9615802
8602	-1
8603	-1
8604	-1
8605	9619566
8606	-1
8607	-1
8608	-1
8609	9623330
8610	-1
8611	-1
8612	-1
8613	9627094
8614	-1
8615	-1
8616	9630858
8617	-1
8618	-1
8619	-1
8620	9634622
8621	-1
8622	-1
8623	-1
8624	9638386
8625	-1
8626	-1
8627	-1
8628	9642150
8629	-1
8630	-1
8631	9645914
8632	-1
8633	-1
8634	-1
8635	9649678
8636	-1
8637	-1
8638	-1
8639	9653442
8640	-1
8641	-1
8642	-1
8643	9657206
8644	-1
8645	-1
8646	9660970
8647	-1
8648	-1
8649	-1
8650	9664734
8651	-1
8652	-1
8653	-1
8654	9668498
8655	-1
8656	-1
8657	-1
8658	9672262
8659	-1
8660	-1
8661	-1
8662	9676026
8663	-1
8664	-1
8665	9679790
8666	-1
8667	-1
8668	-1
8669	9683554
8670	-1
8671	-1
8672	-1
8673	9687318
8674	-1
8675	-1
8676	-1
8677	9691082
8678	-1
8679	-1
8680	9694846
8681	-1
8682	-1
8683	-1
8684	9698610
8685	-1
8686	-1
8687	-1
8688	9702374
8689	-1
8690	-1
8691	-1
8692	9706138
8693	-1
8694	-1
8695	9709902
8696	-1
8697	-1
8698	-1
8699	9713666
8700	-1
8701	-1
8702	-1
8703	9717430
8704	-1
8705	-1
8706	-1
8707	9721194
8708	-1
8709	-1
8710	9724958
8711	-1
8712	-1
8713	-1
8714	9728722
8715	-1
8716	-1
8717	-1
8718	9732486
8719	-1
8720	-1
8721	-1
8722	9736250
8723	-1
8724	-1
8725	9740014
8726	-1
8727	-1
8728	-1
8729	9743778
8730	-1
8731	-1
8732	-1
8733	9747542
8734	-1
8735	-1
8736	-1
8737	9751306
8738	-1
8739	-1
8740	-1
8741	9755070
8742	-1
8743	-1
8744	9758834
8745	-1
8746	-1
8747	-1
8748	9762598
8749	-1
8750	-1
8751	-1
8752	9766362
8753	-1
8754	-1
8755	-1
8756	9770126
8757	-1
8758	-1
8759	9773890
8760	-1
8761	-1
8762	-1
8763	9777654
8764	-1
8765	-1
8766	-1
8767	9781418
8768	-1
8769	-1
8770	-1
8771	9785182
8772	-1
8773	-1
8774	9788946
8775	-1
8776	-1
8777	-1
8778	9792710
8779	-1
8780	-1
8781	-1
8782	9796474
8783	-1
8784	-1
8785	-1
8786	9800238
8787	-1
8788	-1
8789	9804002
8790	-1
8791	-1
8792	-1
8793	9807766
8794	-1
8795	-1
8796	-1
8797	9811530
8798	-1
8799	-1
8800	-1
8801	9815294
8802	-1
8803	-1
8804	-1
8805	9819058
8806	-1
8807	-1
8808	9822822
8809	-1
8810	-1
8811	-1
8812	9826586
8813	-1
8814	-1
8815	-1
8816	9830350
8817	-1
8818	-1
8819	-1
8820	9834114
8821	-1
8822	-1
8823	9837878
8824	-1
8825	-1
8826	-1
8827	9841642
8828	-1
8829	-1
8830	-1
8831	9845406
8832	-1
8833	-1
8834	-1
8835	9849170
8836	-1
8837	-1
8838	9852934
8839	-1
8840	-1
8841	-1
8842	9856698
8843	-1
8844	-1
8845	-1
8846	9860462
8847	-1
8848	-1
8849	-1
8850	9864226
8851	-1
8852	-1
8853	9867990
8854	-1
8855	-1
8856	-1
8857	9871754
8858	-1
8859	-1
8860	-1
8861	9875518
8862	-1
8863	-1
8864	-1
8865	9879282
8866	-1
8867	-1
8868	-1
8869	9883046
8870	-1
8871	-1
8872	9886810
8873	-1
8874	-1
8875	-1
8876	9890574
8877	-1
8878	-1
8879	-1
8880	9894338
8881	-1
8882	-1
8883	-1
8884	9898102
8885	-1
8886	-1
8887	9901866
8888	-1
8889	-1
8890	-1
8891	9905630
8892	-1
8893	-1
8894	-1
8895	9909394
8896	-1
8897	-1
8898	-1
8899	9913158
8900	-1
8901	-1
8902	9916922
8903	-1
8904	-1
8905	-1
8906	9920686
8907	-1
8908	-1
8909	-1
8910	9924450
8911	-1
8912	-1
8913	-1
8914	9928214
8915	-1
8916	-1
8917	9931978
8918	-1
8919	-1
8920	-1
8921	9935742
8922	-1
8923	-1
8924	-1
8925	9939506
8926	-1
8927	-1
8928	-1
8929	9943270
8930	-1
8931	-1
8932	-1
8933	9947034
8934	-1
8935	-1
8936	9950798
8937	-1
8938	-1
8939	-1
8940	9954562
8941	-1
8942	-1
8943	-1
8944	9958326
8945	-1
8946	-1
8947	-1
8948	9962090
8949	-1
8950	-1
8951	9965854
8952	-1
8953	-1
8954	-1
8955	9969618
8956	-1
8957	-1
8958	-1
8959	9973382
8960	-1
8961	-1
8962	-1
8963	9977146
8964	-1
8965	-1
8966	9980910
8967	-1
8968	-1
8969	-1
8970	9984674
8971	-1
8972	-1
8973	-1
8974	9988438
8975	-1
8976	-1
8977	-1
8978	9992202
8979	-1
8980	-1
8981	9995966
8982	-1
8983	-1
8984	-1
8985	9999730
8986	-1
8987	-1
8988	-1
8989	-1
8990	-1
8991	-1
8992	-1
8993	-1
8994	-1
8995	-1
8996	-1
8997	-1
8998	-1
8999	-1
9000	-1
9001	-1
9002	-1
9003	-1
9004	-1
9005	-1
9006	-1
9007	-1
9008	-1
9009	-1
9010	-1
9011	-1
9012	-1
9013	-1
9014	-1
9015	-1
9016	-1
9017	-1
9018	-1
9019	-1
9020	-1
9021	-1
9022	-1
9023	-1
9024	-1
9025	-1
9026	-1
9027	-1
9028	-1
9029	-1
9030	-1
9031	-1
9032	-1
9033	-1
9034	-1
9035	-1
9036	-1
9037	-1
9038	-1
9039	-1
9040	-1
9041	-1
9042	-1
9043	-1
9044	-1
9045	-1
9046	-1
9047	-1
9048	-1
9049	-1
9050	-1
9051	-1
9052	-1
9053	-1
9054	-1
9055	-1
9056	-1
9057	-1
9058	-1
9059	-1
9060	-1
9061	-1
9062	-1
9063	-1
9064	-1
9065	-1
9066	-1
9067	-1
9068	-1
9069	-1
9070	-1
9071	-1
9072	-1
9073	-1
9074	-1
9075	-1
9076	-1
9077	-1
9078	-1
9079	-1
9080	-1
9081	-1
9082	-1
9083	-1
9084	-1
9085	-1
9086	-1
9087	-1
9088	-1
9089	-1
9090	-1
9091	-1
9092	-1
9093	-1
9094	-1
9095	-1
9096	-1
9097	-1
9098	-1
9099	-1
9100	-1
9101	-1
9102	-1
9103	-1
9104	-1
9105	-1
9106	-1
9107	-1
9108	-1
9109	-1
9110	-1
9111	-1
9112	-1
9113	-1
9114	-1
9115	-1
9116	-1
9117	-1
9118	-1
9119	-1
9120	-1
9121	-1
9122	-1
9123	-1
9124	-1
9125	-1
9126	-1
9127	-1
9128	-1
9129	-1
9130	-1
9131	-1
9132	-1
9133	-1
9134	-1
9135	-1
9136	-1
9137	-1
9138	-1
9139	-1
9140	-1
9141	-1
9142	-1
9143	-1
9144	-1
9145	-1
9146	-1
9147	-1
9148	-1
9149	-1
9150	-1
9151	-1
9152	-1
9153	-1
9154	-1
9155	-1
9156	-1
9157	-1
9158	-1
9159	-1
9160	-1
9161	-1
9162	-1
9163	-1
9164	-1
9165	-1
9166	-1
9167	-1
9168	-1
9169	-1
9170	-1
9171	-1
9172	-1
9173	-1
9174	-1
9175	-1
9176	-1
9177	-1
9178	-1
9179	-1
9180	-1
9181	-1
9182	-1
9183	-1
9184	-1
9185	-1
9186	-1
9187	-1
9188	-1
9189	-1
9190	-1
9191	-1
9192	-1
9193	-1
9194	-1
9195	-1
9196	-1
9197	-1
9198	-1
9199	-1
9200	-1
9201	-1
9202	-1
9203	-1
9204	-1
9205	-1
9206	-1
9207	-1
9208	-1
9209	-1
9210	-1
9211	-1
9212	-1
9213	-1
9214	-1
9215	-1
9216	-1
9217	-1
9218	-1
9219	-1
9220	-1
9221	-1
9222	-1
9223	-1
9224	-1
9225	-1
9226	-1
9227	-1
9228	-1
9229	-1
9230	-1
9231	-1
9232	-1
9233	-1
9234	-1
9235	-1
9236	-1
9237	-1
9238	-1
9239	-1
9240	-1
9241	-1
9242	-1
9243	-1
9244	-1
9245	-1
9246	-1
9247	-1
9248	-1
9249	-1
9250	-1
9251	-1
9252	-1
9253	-1
9254	-1
9255	-1
9256	-1
9257	-1
9258	-1
9259	-1
9260	-1
9261	-1
9262	-1
9263	-1
9264	-1
9265	-1
9266	-1
9267	-1
9268	-1
9269	-1
9270	-1
9271	-1
9272	-1
9273	-1
9274	-1
9275	-1
9276	-1
9277	-1
9278	-1
9279	-1
9280	-1
9281	-1
9282	-1
9283	-1
9284	-1
9285	-1
9286	-1
9287	-1
9288	-1
9289	-1
9290	-1
9291	-1
9292	-1
9293	-1
9294	-1
9295	-1
9296	-1
9297	-1
9298	-1
9299	-1
9300	-1
9301	-1
9302	-1
9303	-1
9304	-1
9305	-1
9306	-1
9307	-1
9308	-1
9309	-1
9310	-1
9311	-1
9312	-1
9313	-1
9314	-1
9315	-1
9316	-1
9317	-1
9318	-1
9319	-1
9320	-1
9321	-1
9322	-1
9323	-1
9324	-1
9325	-1
9326	-1
9327	-1
9328	-1
9329	-1
9330	-1
9331	-1
9332	-1
9333	-1
9334	-1
9335	-1
9336	-1
9337	-1
9338	-1
9339	-1
9340	-1
9341	-1
9342	-1
9343	-1
9344	-1
9345	-1
9346	-1
9347	-1
9348	-1
9349	-1
9350	-1
9351	-1
9352	-1
9353	-1
9354	-1
9355	-1
9356	-1
9357	-1
9358	-1
9359	-1
9360	-1
9361	-1
9362	-1
9363	-1
9364	-1
9365	-1
9366	-1
9367	-1
9368	-1
9369	-1
9370	-1
9371	-1
9372	-1
9373	-1
9374	-1
9375	-1
9376	-1
9377	-1
9378	-1
9379	-1
9380	-1
9381	-1
9382	-1
9383	-1
9384	-1
9385	-1
9386	-1
9387	-1
9388	-1
9389	-1
9390	-1
9391	-1
9392	-1
9393	-1
9394	-1
9395	-1
9396	-1
9397	-1
9398	-1
9399	-1
9400	-1
9401	-1
9402	-1
9403	-1
9404	-1
9405	-1
9406	-1
9407	-1
9408	-1
9409	-1
9410	-1
9411	-1
9412	-1
9413	-1
9414	-1
9415	-1
9416	-1
9417	-1
9418	-1
9419	-1
9420	-1
9421	-1
9422	-1
9423	-1
9424	-1
9425	-1
9426	-1
9427	-1
9428	-1
9429	-1
9430	-1
9431	-1
9432	-1
9433	-1
9434	-1
9435	-1
9436	-1
9437	-1
9438	-1
9439	-1
9440	-1
9441	-1
9442	-1
9443	-1
9444	-1
9445	-1
9446	-1
9447	-1
9448	-1
9449	-1
9450	-1
9451	-1
9452	-1
9453	-1
9454	-1
9455	-1
9456	-1
9457	-1
9458	-1
9459	-1
9460	-1
9461	-1
9462	-1
9463	-1
9464	-1
9465	-1
9466	-1
9467	-1
9468	-1
9469	-1
9470	-1
9471	-1
9472	-1
9473	-1
9474	-1
9475	-1
9476	-1
9477	-1
9478	-1
9479	-1
9480	-1
9481	-1
9482	-1
9483	-1
9484	-1
9485	-1
9486	-1
9487	-1
9488	-1
9489	-1
9490	-1
9491	-1
9492	-1
9493	-1
9494	-1
9495	-1
9496	-1
9497	-1
9498	-1
9499	-1
9500	-1
9501	-1
9502	-1
9503	-1
9504	-1
9505	-1
9506	-1
9507	-1
9508	-1
9509	-1
9510	-1
9511	-1
9512	-1
9513	-1
9514	-1
9515	-1
9516	-1
9517	-1
9518	-1
9519	-1
9520	-1
9521	-1
9522	-1
9523	-1
9524	-1
9525	-1
9526	-1
9527	-1
9528	-1
9529	-1
9530	-1
9531	-1
9532	-1
9533	-1
9534	-1
9535	-1
9536	-1
9537	-1
9538	-1
9539	-1
9540	-1
9541	-1
9542	-1
9543	-1
9544	-1
9545	-1
9546	-1
9547	-1
9548	-1
9549	-1
9550	-1
9551	-1
9552	-1
9553	-1
9554	-1
9555	-1
9556	-1
9557	-1
9558	-1
9559	-1
9560	-1
9561	-1
9562	-1
9563	-1
9564	-1
9565	-1
9566	-1
9567	-1
9568	-1
9569	-1
9570	-1
9571	-1
9572	-1
9573	-1
9574	-1
9575	-1
9576	-1
9577	-1
9578	-1
9579	-1
9580	-1
9581	-1
9582	-1
9583	-1
9584	-1
9585	-1
9586	-1
9587	-1
9588	-1
9589	-1
9590	-1
9591	-1
9592	-1
9593	-1
9594	-1
9595	-1
9596	-1
9597	-1
9598	-1
9599	-1
9600	-1
9601	-1
9602	-1
9603	-1
9604	-1
9605	-1
9606	-1
9607	-1
9608	-1
9609	-1
9610	-1
9611	-1
9612	-1
9613	-1
9614	-1
9615	-1
9616	-1
9617	-1
9618	-1
9619	-1
9620	-1
9621	-1
9622	-1
9623	-1
9624	-1
9625	-1
9626	-1
9627	-1
9628	-1
9629	-1
9630	-1
9631	-1
9632	-1
9633	-1
9634	-1
9635	-1
9636	-1
9637	-1
9638	-1
9639	-1
9640	-1
9641	-1
9642	-1
9643	-1
9644	-1
9645	-1
9646	-1
9647	-1
9648	-1
9649	-1
9650	-1
9651	-1
9652	-1
9653	-1
9654	-1
9655	-1
9656	-1
9657	-1
9658	-1
9659	-1
9660	-1
9661	-1
9662	-1
9663	-1
9664	-1
9665	-1
9666	-1
9667	-1
9668	-1
9669	-1
9670	-1
9671	-1
9672	-1
9673	-1
9674	-1
9675	-1
9676	-1
9677	-1
9678	-1
9679	-1
9680	-1
9681	-1
9682	-1
9683	-1
9684	-1
9685	-1
9686	-1
9687	-1
9688	-1
9689	-1
9690	-1
9691	-1
9692	-1
9693	-1
9694	-1
9695	-1
9696	-1
9697	-1
9698	-1
9699	-1
9700	-1
9701	-1
9702	-1
9703	-1
9704	-1
9705	-1
9706	-1
9707	-1
9708	-1
9709	-1
9710	-1
9711	-1
9712	-1
9713	-1
9714	-1
9715	-1
9716	-1
9717	-1
9718	-1
9719	-1
9720	-1
9721	-1
9722	-1
9723	-1
9724	-1
9725	-1
9726	-1
9727	-1
9728	-1
9729	-1
9730	-1
9731	-1
9732	-1
9733	-1
9734	-1
9735	-1
9736	-1
9737	-1
9738	-1
9739	-1
9740	-1
9741	-1
9742	-1
9743	-1
9744	-1
9745	-1
9746	-1
9747	-1
9748	-1
9749	-1
9750	-1
9751	-1
9752	-1
9753	-1
9754	-1
9755	-1
9756	-1
9757	-1
9758	-1
9759	-1
9760	-1
9761	-1
9762	-1
9763	-1
9764	-1
9765	-1
9766	-1
9767	-1
9768	-1
9769	-1
9770	-1
9771	-1
9772	-1
9773	-1
9774	-1
9775	-1
9776	-1
9777	-1
9778	-1
9779	-1
9780	-1
9781	-1
9782	-1
9783	-1
9784	-1
9785	-1
9786	-1
9787	-1
9788	-1
9789	-1
9790	-1
9791	-1
9792	-1
9793	-1
9794	-1
9795	-1
9796	-1
9797	-1
9798	-1
9799	-1
9800	-1
9801	-1
9802	-1
9803	-1
9804	-1
9805	-1
9806	-1
9807	-1
9808	-1
9809	-1
9810	-1
9811	-1
9812	-1
9813	-1
9814	-1
9815	-1
9816	-1
9817	-1
9818	-1
9819	-1
9820	-1
9821	-1
9822	-1
9823	-1
9824	-1
9825	-1
9826	-1
9827	-1
9828	-1
9829	-1
9830	-1
9831	-1
9832	-1
9833	-1
9834	-1
9835	-1
9836	-1
9837	-1
9838	-1
9839	-1
9840	-1
9841	-1
9842	-1
9843	-1
9844	-1
9845	-1
9846	-1
9847	-1
9848	-1
9849	-1
9850	-1
9851	-1
9852	-1
9853	-1
9854	-1
9855	-1
9856	-1
9857	-1
9858	-1
9859	-1
9860	-1
9861	-1
9862	-1
9863	-1
9864	-1
9865	-1
9866	-1
9867	-1
9868	-1
9869	-1
9870	-1
9871	-1
9872	-1
9873	-1
9874	-1
9875	-1
9876	-1
9877	-1
9878	-1
9879	-1
9880	-1
9881	-1
9882	-1
9883	-1
9884	-1
9885	-1
9886	-1
9887	-1
9888	-1
9889	-1
9890	-1
9891	-1
9892	-1
9893	-1
9894	-1
9895	-1
9896	-1
9897	-1
9898	-1
9899	-1
9900	-1
9901	-1
9902	-1
9903	-1
9904	-1
9905	-1
9906	-1
9907	-1
9908	-1
9909	-1
9910	-1
9911	-1
9912	-1
9913	-1
9914	-1
9915	-1
9916	-1
9917	-1
9918	-1
9919	-1
9920	-1
9921	-1
9922	-1
9923	-1
9924	-1
9925	-1
9926	-1
9927	-1
9928	-1
9929	-1
9930	-1
9931	-1
9932	-1
9933	-1
9934	-1
9935	-1
9936	-1
9937	-1
9938	-1
9939	-1
9940	-1
9941	-1
9942	-1
9943	-1
9944	-1
9945	-1
9946	-1
9947	-1
9948	-1
9949	-1
9950	-1
9951	-1
9952	-1
9953	-1
9954	-1
9955	-1
9956	-1
9957	-1
9958	-1
9959	-1
9960	-1
9961	-1
9962	-1
9963	-1
9964	-1
9965	-1
9966	-1
9967	-1
9968	-1
9969	-1
9970	-1
9971	-1
9972	-1
9973	-1
9974	-1
9975	-1
9976	-1
9977	-1
9978	-1
9979	-1
9980	-1
9981	-1
9982	-1
9983	-1
9984	-1
9985	-1
9986	-1
9987	-1
9988	-1
9989	-1
9990	-1
9991	-1
9992	-1
9993	-1
9994	-1
9995	-1
9996	-1
9997	-1
9998	-1
9999	-1
