0	1008066
1	1009036
2	1010036
3	1011036
4	1012032
5	1013036
6	1014036
7	1015036
8	1016036
9	1017032
10	1018032
11	1019036
12	1020036
13	1021032
14	1022032
15	1023036
16	1024036
17	1025028
18	1026036
19	1027036
20	1028036
21	1029036
22	1030036
23	1031036
24	1032032
25	1033032
26	1034032
27	1035036
28	1036032
29	1037032
30	1038032
31	1039036
32	1040032
33	1041036
34	1042036
35	1043036
36	1044036
37	1045036
38	1046036
39	1047036
40	1048036
41	1049032
42	1050036
43	1051036
44	1052032
45	1053032
46	1054036
47	1055036
48	1056032
49	1057032
50	1058036
51	1059036
52	1060036
53	1061036
54	1062036
55	1063036
56	1064036
57	1065032
58	1066036
59	1067036
60	1068032
61	1069036
62	1070036
63	1071032
64	1072032
65	1073036
66	1074036
67	1075036
68	1076036
69	1077036
70	1078036
71	1079036
72	1080036
73	1081036
74	1082036
75	1083036
76	1084032
77	1085036
78	1086036
79	1087036
80	1088032
81	1089036
82	1090032
83	1091036
84	1092028
85	1093036
86	1094036
87	1095036
88	1096036
89	1097036
90	1098036
91	1099036
92	1100036
93	1101036
94	1102032
95	1103036
96	1104036
97	1105036
98	1106032
99	1107036
100	1108036
101	1109036
102	1110036
103	1111036
104	1112036
105	1113036
106	1114036
107	1115036
108	1116036
109	1117036
110	1118032
111	1119036
112	1120036
113	1121032
114	1122032
115	1123036
116	1124036
117	1125036
118	1126036
119	1127036
120	1128036
121	1129036
122	1130036
123	1131036
124	1132036
125	1133032
126	1134032
127	1135036
128	1136036
129	1137032
130	1138032
131	1139036
132	1140036
133	1141032
134	1142036
135	1143036
136	1144036
137	1145036
138	1146036
139	1147036
140	1148036
141	1149032
142	1150032
143	1151036
144	1152036
145	1153036
146	1154036
147	1155036
148	1156036
149	1157036
150	1158036
151	1159036
152	1160036
153	1161036
154	1162036
155	1163036
156	1164036
157	1165036
158	1166036
159	1167036
160	1168036
161	1169036
162	1170036
163	1171036
164	1172036
165	1173036
166	1174036
167	1175036
168	1176036
169	1177036
170	1178036
171	1179036
172	1180036
173	1181036
174	1182036
175	1183036
176	1184036
177	1185036
178	1186036
179	1187036
180	1188036
181	1189036
182	1190036
183	1191036
184	1192036
185	1193036
186	1194036
187	1195036
188	1196036
189	1197036
190	1198036
191	1199036
192	1200036
193	1201036
194	1202036
195	1203036
196	1204036
197	1205036
198	1206036
199	1207036
200	1208036
201	1209036
202	1210036
203	1211036
204	1212036
205	1213036
206	1214036
207	1215036
208	1216036
209	1217036
210	1218036
211	1219036
212	1220036
213	1221036
214	1222036
215	1223036
216	1224036
217	1225036
218	1226036
219	1227036
220	1228036
221	1229036
222	1230036
223	1231036
224	1232036
225	1233036
226	1234036
227	1235036
228	1236036
229	1237036
230	1238036
231	1239036
232	1240036
233	1241036
234	1242036
235	1243036
236	1244036
237	1245036
238	1246036
239	1247036
240	1248036
241	1249036
242	1250036
243	1251036
244	1252036
245	1253036
246	1254036
247	1255036
248	1256036
249	1257036
250	1258036
251	1259036
252	1260036
253	1261036
254	1262036
255	1263036
256	1264040
257	1265040
258	1266040
259	1267040
260	1268036
261	1269040
262	1270040
263	1271040
264	1272040
265	1273040
266	1274040
267	1275040
268	1276040
269	1277040
270	1278040
271	1279040
272	1280040
273	1281032
274	1282040
275	1283040
276	1284040
277	1285040
278	1286040
279	1287040
280	1288040
281	1289040
282	1290040
283	1291040
284	1292040
285	1293040
286	1294040
287	1295040
288	1296040
289	1297040
290	1298040
291	1299040
292	1300040
293	1301040
294	1302040
295	1303040
296	1304040
297	1305040
298	1306040
299	1307040
300	1308040
301	1309040
302	1310040
303	1311040
304	1312040
305	1313040
306	1314040
307	1315040
308	1316040
309	1317040
310	1318040
311	1319040
312	1320040
313	1321040
314	1322040
315	1323040
316	1324040
317	1325040
318	1326040
319	1327040
320	1328040
321	1329040
322	1330040
323	1331040
324	1332040
325	1333040
326	1334040
327	1335040
328	1336040
329	1337040
330	1338040
331	1339040
332	1340040
333	1341040
334	1342040
335	1343040
336	1344040
337	1345040
338	1346040
339	1347040
340	1348036
341	1349040
342	1350040
343	1351040
344	1352040
345	1353040
346	1354040
347	1355040
348	1356040
349	1357040
350	1358040
351	1359040
352	1360040
353	1361040
354	1362040
355	1363040
356	1364040
357	1365040
358	1366040
359	1367040
360	1368040
361	1369040
362	1370040
363	1371040
364	1372040
365	1373040
366	1374040
367	1375040
368	1376040
369	1377040
370	1378040
371	1379040
372	1380040
373	1381040
374	1382040
375	1383040
376	1384040
377	1385040
378	1386040
379	1387040
380	1388040
381	1389040
382	1390040
383	1391040
384	1392040
385	1393040
386	1394040
387	1395040
388	1396040
389	1397040
390	1398040
391	1399040
392	1400040
393	1401040
394	1402040
395	1403040
396	1404040
397	1405040
398	1406040
399	1407040
400	1408040
401	1409040
402	1410040
403	1411040
404	1412040
405	1413040
406	1414040
407	1415040
408	1416040
409	1417040
410	1418040
411	1419040
412	1420040
413	1421040
414	1422040
415	1423040
416	1424040
417	1425040
418	1426040
419	1427040
420	1428040
421	1429040
422	1430040
423	1431040
424	1432040
425	1433040
426	1434040
427	1435040
428	1436040
429	1437040
430	1438040
431	1439040
432	1440040
433	1441040
434	1442040
435	1443040
436	1444040
437	1445040
438	1446040
439	1447040
440	1448040
441	1449040
442	1450040
443	1451040
444	1452040
445	1453040
446	1454040
447	1455040
448	1456040
449	1457040
450	1458040
451	1459040
452	1460040
453	1461040
454	1462040
455	1463040
456	1464040
457	1465040
458	1466040
459	1467040
460	1468040
461	1469040
462	1470040
463	1471040
464	1472040
465	1473040
466	1474040
467	1475040
468	1476040
469	1477040
470	1478040
471	1479040
472	1480040
473	1481040
474	1482040
475	1483040
476	1484040
477	1485040
478	1486040
479	1487040
480	1488040
481	1489040
482	1490040
483	1491040
484	1492040
485	1493040
486	1494040
487	1495040
488	1496040
489	1497040
490	1498040
491	1499040
492	1500040
493	1501040
494	1502040
495	1503040
496	1504040
497	1505040
498	1506040
499	1507040
500	1508040
501	1509040
502	1510040
503	1511040
504	1512040
505	1513040
506	1514040
507	1515040
508	1516040
509	1517040
510	1518040
511	1519040
512	1520040
513	1521040
514	1522040
515	1523040
516	1524036
517	1525040
518	1526040
519	1527040
520	1528040
521	1529040
522	1530040
523	1531040
524	1532040
525	1533040
526	1534040
527	1535040
528	1536040
529	1537032
530	1538040
531	1539040
532	1540040
533	1541040
534	1542040
535	1543040
536	1544040
537	1545040
538	1546040
539	1547040
540	1548040
541	1549040
542	1550040
543	1551040
544	1552040
545	1553040
546	1554040
547	1555040
548	1556040
549	1557040
550	1558040
551	1559040
552	1560040
553	1561040
554	1562040
555	1563040
556	1564040
557	1565040
558	1566040
559	1567040
560	1568040
561	1569040
562	1570040
563	1571040
564	1572040
565	1573040
566	1574040
567	1575040
568	1576040
569	1577040
570	1578040
571	1579040
572	1580040
573	1581040
574	1582040
575	1583040
576	1584040
577	1585040
578	1586040
579	1587040
580	1588040
581	1589040
582	1590040
583	1591040
584	1592040
585	1593040
586	1594040
587	1595040
588	1596040
589	1597040
590	1598040
591	1599040
592	1600040
593	1601040
594	1602040
595	1603040
596	1604036
597	1605040
598	1606040
599	1607040
600	1608040
601	1609040
602	1610040
603	1611040
604	1612040
605	1613040
606	1614040
607	1615040
608	1616040
609	1617040
610	1618040
611	1619040
612	1620040
613	1621040
614	1622040
615	1623040
616	1624040
617	1625040
618	1626040
619	1627040
620	1628040
621	1629040
622	1630040
623	1631040
624	1632040
625	1633040
626	1634040
627	1635040
628	1636040
629	1637040
630	1638040
631	1639040
632	1640040
633	1641040
634	1642040
635	1643040
636	1644040
637	1645040
638	1646040
639	1647040
640	1648040
641	1649040
642	1650040
643	1651040
644	1652040
645	1653040
646	1654040
647	1655040
648	1656040
649	1657040
650	1658040
651	1659040
652	1660040
653	1661040
654	1662040
655	1663040
656	1664040
657	1665040
658	1666040
659	1667040
660	1668040
661	1669040
662	1670040
663	1671040
664	1672040
665	1673040
666	1674040
667	1675040
668	1676040
669	1677040
670	1678040
671	1679040
672	1680040
673	1681040
674	1682040
675	1683040
676	1684040
677	1685040
678	1686040
679	1687040
680	1688040
681	1689040
682	1690040
683	1691040
684	1692040
685	1693040
686	1694040
687	1695040
688	1696040
689	1697040
690	1698040
691	1699040
692	1700040
693	1701040
694	1702040
695	1703040
696	1704040
697	1705040
698	1706040
699	1707040
700	1708040
701	1709040
702	1710040
703	1711040
704	1712040
705	1713040
706	1714040
707	1715040
708	1716040
709	1717040
710	1718040
711	1719040
712	1720040
713	1721040
714	1722040
715	1723040
716	1724040
717	1725040
718	1726040
719	1727040
720	1728040
721	1729040
722	1730040
723	1731040
724	1732040
725	1733040
726	1734040
727	1735040
728	1736040
729	1737040
730	1738040
731	1739040
732	1740040
733	1741040
734	1742040
735	1743040
736	1744040
737	1745040
738	1746040
739	1747040
740	1748040
741	1749040
742	1750040
743	1751040
744	1752040
745	1753040
746	1754040
747	1755040
748	1756040
749	1757040
750	1758040
751	1759040
752	1760040
753	1761040
754	1762040
755	1763040
756	1764040
757	1765040
758	1766040
759	1767040
760	1768040
761	1769040
762	1770040
763	1771040
764	1772040
765	1773040
766	1774040
767	1775040
768	1776040
769	1777040
770	1778040
771	1779040
772	1780040
773	1781040
774	1782040
775	1783040
776	1784040
777	1785040
778	1786040
779	1787040
780	1788040
781	1789040
782	1790040
783	1791040
784	1792040
785	1793032
786	1794040
787	1795040
788	1796040
789	1797040
790	1798040
791	1799040
792	1800040
793	1801040
794	1802040
795	1803040
796	1804040
797	1805040
798	1806040
799	1807040
