0	1012418
1	1016982
2	1021546
3	1026110
4	1030674
5	1035238
6	1039802
7	1044366
8	1048930
9	1053494
10	1058058
11	1062622
12	1067186
13	1071750
14	1076314
15	1080878
16	1085442
17	1090006
18	1094570
19	1099134
20	1103698
21	1108262
22	1112826
23	1117390
24	1121954
25	1126518
26	1131082
27	1135646
28	1140210
29	1144774
30	1149338
31	1153902
32	1158466
33	1163030
34	1167594
35	1172158
36	1176722
37	1181286
38	1185850
39	1190414
40	1194978
41	1199542
42	1204106
43	1208670
44	1213234
45	1217798
46	1222362
47	1226926
48	1231490
49	1236054
50	1240618
51	1245182
52	1249746
53	1254310
54	1258874
55	1263438
56	1268002
57	1272566
58	1277130
59	1281694
60	1286258
61	1290822
62	1295386
63	1299950
64	1304514
65	1309078
66	1313642
67	1318206
68	1322770
69	1327334
70	1331898
71	1336462
72	1341026
73	1345590
74	1350154
75	1354718
76	1359282
77	1363846
78	1368410
79	1372974
80	1377538
81	1382102
82	1386666
83	1391230
84	1395794
85	1400358
86	1404922
87	1409486
88	1414050
89	1418614
90	1423178
91	1427742
92	1432306
93	1436870
94	1441434
95	1445998
96	1450562
97	1455126
98	1459690
99	1464254
100	1468818
101	1473382
102	1477946
103	1482510
104	1487074
105	1491638
106	1496202
107	1500766
108	1505330
109	1509894
110	1514458
111	1519022
112	1523586
113	1528150
114	1532714
115	1537278
116	1541842
117	1546406
118	1550970
119	1555534
120	1560098
121	1564662
122	1569226
123	1573790
124	1578354
125	1582918
126	1587482
127	1592046
128	1596610
129	1601174
130	1605738
131	1610302
132	1614866
133	1619430
134	1623994
135	1628558
136	1633122
137	1637686
138	1642250
139	1646814
140	1651378
141	1655942
142	1660506
143	1665070
144	1669634
145	1674198
146	1678762
147	1683326
148	1687890
149	1692454
150	1697018
151	1701582
152	1706146
153	1710710
154	1715274
155	1719838
156	1724402
157	1728966
158	1733530
159	1738094
160	1742658
161	1747222
162	1751786
163	1756350
164	1760914
165	1765478
166	1770042
167	1774606
168	1779170
169	1783734
170	1788298
171	1792862
172	1797426
173	1801990
174	1806554
175	1811118
176	1815682
177	1820246
178	1824810
179	1829374
180	1833938
181	1838502
182	1843066
183	1847630
184	1852194
185	1856758
186	1861322
187	1865886
188	1870450
189	1875014
190	1879578
191	1884142
192	1888706
193	1893270
194	1897834
195	1902398
196	1906962
197	1911526
198	1916090
199	1920654
200	1925218
201	1929782
202	1934346
203	1938910
204	1943474
205	1948038
206	1952602
207	1957166
208	1961730
209	1966294
210	1970858
211	1975422
212	1979986
213	1984550
214	1989114
215	1993678
216	1998242
217	2002806
218	2007370
219	2011934
220	2016498
221	2021062
222	2025626
223	2030190
224	2034754
225	2039318
226	2043882
227	2048446
228	2053010
229	2057574
230	2062138
231	2066702
232	2071266
233	2075830
234	2080394
235	2084958
236	2089522
237	2094086
238	2098650
239	2103214
240	2107778
241	2112342
242	2116906
243	2121470
244	2126034
245	2130598
246	2135162
247	2139726
248	2144290
249	2148854
250	2153418
251	2157982
252	2162546
253	2167110
254	2171674
255	2176238
256	2180802
257	2185366
258	2189930
259	2194494
260	2199058
261	2203622
262	2208186
263	2212750
264	2217314
265	2221878
266	2226442
267	2231006
268	2235570
269	2240134
270	2244698
271	2249262
272	2253826
273	2258390
274	2262954
275	2267518
276	2272082
277	2276646
278	2281210
279	2285774
280	2290338
281	2294902
282	2299466
283	2304030
284	2308594
285	2313158
286	2317722
287	2322286
288	2326850
289	2331414
290	2335978
291	2340542
292	2345106
293	2349670
294	2354234
295	2358798
296	2363362
297	2367926
298	2372490
299	2377054
300	2381618
301	2386182
302	2390746
303	2395310
304	2399874
305	2404438
306	2409002
307	2413566
308	2418130
309	2422694
310	2427258
311	2431822
312	2436386
313	2440950
314	2445514
315	2450078
316	2454642
317	2459206
318	2463770
319	2468334
320	2472898
321	2477462
322	2482026
323	2486590
324	2491154
325	2495718
326	2500282
327	2504846
328	2509410
329	2513974
330	2518538
331	2523102
332	2527666
333	2532230
334	2536794
335	2541358
336	2545922
337	2550486
338	2555050
339	2559614
340	2564178
341	2568742
342	2573306
343	2577870
344	2582434
345	2586998
346	2591562
347	2596126
348	2600690
349	2605254
350	2609818
351	2614382
352	2618946
353	2623510
354	2628074
355	2632638
356	2637202
357	2641766
358	2646330
359	2650894
360	2655458
361	2660022
362	2664586
363	2669150
364	2673714
365	2678278
366	2682842
367	2687406
368	2691970
369	2696534
370	2701098
371	2705662
372	2710226
373	2714790
374	2719354
375	2723918
376	2728482
377	2733046
378	2737610
379	2742174
380	2746738
381	2751302
382	2755866
383	2760430
384	2764994
385	2769558
386	2774122
387	2778686
388	2783250
389	2787814
390	2792378
391	2796942
392	2801506
393	2806070
394	2810634
395	2815198
396	2819762
397	2824326
398	2828890
399	2833454
400	2838018
401	2842582
402	2847146
403	2851710
404	2856274
405	2860838
406	2865402
407	2869966
408	2874530
409	2879094
410	2883658
411	2888222
412	2892786
413	2897350
414	2901914
415	2906478
416	2911042
417	2915606
418	2920170
419	2924734
420	2929298
421	2933862
422	2938426
423	2942990
424	2947554
425	2952118
426	2956682
427	2961246
428	2965810
429	2970374
430	2974938
431	2979502
432	2984066
433	2988630
434	2993194
435	2997758
436	3002322
437	3006886
438	3011450
439	3016014
440	3020578
441	3025142
442	3029706
443	3034270
444	3038834
445	3043398
446	3047962
447	3052526
448	3057090
449	3061654
450	3066218
451	3070782
452	3075346
453	3079910
454	3084474
455	3089038
456	3093602
457	3098166
458	3102730
459	3107294
460	3111858
461	3116422
462	3120986
463	3125550
464	3130114
465	3134678
466	3139242
467	3143806
468	3148370
469	3152934
470	3157498
471	3162062
472	3166626
473	3171190
474	3175754
475	3180318
476	3184882
477	3189446
478	3194010
479	3198574
480	3203138
481	3207702
482	3212266
483	3216830
484	3221394
485	3225958
486	3230522
487	3235086
488	3239650
489	3244214
490	3248778
491	3253342
492	3257906
493	3262470
494	3267034
495	3271598
496	3276162
497	3280726
498	3285290
499	3289854
500	3294418
501	3298982
502	3303546
503	3308110
504	3312674
505	3317238
506	3321802
507	3326366
508	3330930
509	3335494
510	3340058
511	3344622
512	3349186
513	3353750
514	3358314
515	3362878
516	3367442
517	3372006
518	3376570
519	3381134
520	3385698
521	3390262
522	3394826
523	3399390
524	3403954
525	3408518
526	3413082
527	3417646
528	3422210
529	3426774
530	3431338
531	3435902
532	3440466
533	3445030
534	3449594
535	3454158
536	3458722
537	3463286
538	3467850
539	3472414
540	3476978
541	3481542
542	3486106
543	3490670
544	3495234
545	3499798
546	3504362
547	3508926
548	3513490
549	3518054
550	3522618
551	3527182
552	3531746
553	3536310
554	3540874
555	3545438
556	3550002
557	3554566
558	3559130
559	3563694
560	3568258
561	3572822
562	3577386
563	3581950
564	3586514
565	3591078
566	3595642
567	3600206
568	3604770
569	3609334
570	3613898
571	3618462
572	3623026
573	3627590
574	3632154
575	3636718
576	3641282
577	3645846
578	3650410
579	3654974
580	3659538
581	3664102
582	3668666
583	3673230
584	3677794
585	3682358
586	3686922
587	3691486
588	3696050
589	3700614
590	3705178
591	3709742
592	3714306
593	3718870
594	3723434
595	3727998
596	3732562
597	3737126
598	3741690
599	3746254
600	3750818
601	3755382
602	3759946
603	3764510
604	3769074
605	3773638
606	3778202
607	3782766
608	3787330
609	3791894
610	3796458
611	3801022
612	3805586
613	3810150
614	3814714
615	3819278
616	3823842
617	3828406
618	3832970
619	3837534
620	3842098
621	3846662
622	3851226
623	3855790
624	3860354
625	3864918
626	3869482
627	3874046
628	3878610
629	3883174
630	3887738
631	3892302
632	3896866
633	3901430
634	3905994
635	3910558
636	3915122
637	3919686
638	3924250
639	3928814
640	3933378
641	3937942
642	3942506
643	3947070
644	3951634
645	3956198
646	3960762
647	3965326
648	3969890
649	3974454
650	3979018
651	3983582
652	3988146
653	3992710
654	3997274
655	4001838
656	4006402
657	4010966
658	4015530
659	4020094
660	4024658
661	4029222
662	4033786
663	4038350
664	4042914
665	4047478
666	4052042
667	4056606
668	4061170
669	4065734
670	4070298
671	4074862
672	4079426
673	4083990
674	4088554
675	4093118
676	4097682
677	4102246
678	4106810
679	4111374
680	4115938
681	4120502
682	4125066
683	4129630
684	4134194
685	4138758
686	4143322
687	4147886
688	4152450
689	4157014
690	4161578
691	4166142
692	4170706
693	4175270
694	4179834
695	4184398
696	4188962
697	4193526
698	4198090
699	4202654
700	4207218
701	4211782
702	4216346
703	4220910
704	4225474
705	4230038
706	4234602
707	4239166
708	4243730
709	4248294
710	4252858
711	4257422
712	4261986
713	4266550
714	4271114
715	4275678
716	4280242
717	4284806
718	4289370
719	4293934
720	4298498
721	4303062
722	4307626
723	4312190
724	4316754
725	4321318
726	4325882
727	4330446
728	4335010
729	4339574
730	4344138
731	4348702
732	4353266
733	4357830
734	4362394
735	4366958
736	4371522
737	4376086
738	4380650
739	4385214
740	4389778
741	4394342
742	4398906
743	4403470
744	4408034
745	4412598
746	4417162
747	4421726
748	4426290
749	4430854
750	4435418
751	4439982
752	4444546
753	4449110
754	4453674
755	4458238
756	4462802
757	4467366
758	4471930
759	4476494
760	4481058
761	4485622
762	4490186
763	4494750
764	4499314
765	4503878
766	4508442
767	4513006
768	4517570
769	4522134
770	4526698
771	4531262
772	4535826
773	4540390
774	4544954
775	4549518
776	4554082
777	4558646
778	4563210
779	4567774
780	4572338
781	4576902
782	4581466
783	4586030
784	4590594
785	4595158
786	4599722
787	4604286
788	4608850
789	4613414
790	4617978
791	4622542
792	4627106
793	4631670
794	4636234
795	4640798
796	4645362
797	4649926
798	4654490
799	4659054
