0	1015990
1	1020510
2	-1
3	-1
4	-1
5	1025030
6	-1
7	-1
8	-1
9	-1
10	1029550
11	-1
12	-1
13	-1
14	1034070
15	-1
16	-1
17	-1
18	-1
19	1038590
20	-1
21	-1
22	-1
23	1043110
24	-1
25	-1
26	-1
27	-1
28	1047630
29	-1
30	-1
31	-1
32	1052150
33	-1
34	-1
35	-1
36	-1
37	1056670
38	-1
39	-1
40	-1
41	1061190
42	-1
43	-1
44	-1
45	-1
46	1065710
47	-1
48	-1
49	-1
50	1070230
51	-1
52	-1
53	-1
54	-1
55	1074750
56	-1
57	-1
58	-1
59	1079270
60	-1
61	-1
62	-1
63	-1
64	1083790
65	-1
66	-1
67	-1
68	1088310
69	-1
70	-1
71	-1
72	-1
73	1092830
74	-1
75	-1
76	-1
77	1097350
78	-1
79	-1
80	-1
81	-1
82	1101870
83	-1
84	-1
85	-1
86	1106390
87	-1
88	-1
89	-1
90	-1
91	1110910
92	-1
93	-1
94	-1
95	1115430
96	-1
97	-1
98	-1
99	-1
100	1119950
101	-1
102	-1
103	-1
104	-1
105	1124470
106	-1
107	-1
108	-1
109	1128990
110	-1
111	-1
112	-1
113	-1
114	1133510
115	-1
116	-1
117	-1
118	1138030
119	-1
120	-1
121	-1
122	-1
123	1142550
124	-1
125	-1
126	-1
127	1147070
128	-1
129	-1
130	-1
131	-1
132	1151590
133	-1
134	-1
135	-1
136	1156110
137	-1
138	-1
139	-1
140	-1
141	1160630
142	-1
143	-1
144	-1
145	1165150
146	-1
147	-1
148	-1
149	-1
150	1169670
151	-1
152	-1
153	-1
154	1174190
155	-1
156	-1
157	-1
158	-1
159	1178710
160	-1
161	-1
162	-1
163	1183230
164	-1
165	-1
166	-1
167	-1
168	1187750
169	-1
170	-1
171	-1
172	1192270
173	-1
174	-1
175	-1
176	-1
177	1196790
178	-1
179	-1
180	-1
181	1201310
182	-1
183	-1
184	-1
185	-1
186	1205830
187	-1
188	-1
189	-1
190	1210350
191	-1
192	-1
193	-1
194	-1
195	1214870
196	-1
197	-1
198	-1
199	1219390
200	-1
201	-1
202	-1
203	-1
204	1223910
205	-1
206	-1
207	-1
208	1228430
209	-1
210	-1
211	-1
212	-1
213	1232950
214	-1
215	-1
216	-1
217	-1
218	1237470
219	-1
220	-1
221	-1
222	1241990
223	-1
224	-1
225	-1
226	-1
227	1246510
228	-1
229	-1
230	-1
231	1251030
232	-1
233	-1
234	-1
235	-1
236	1255550
237	-1
238	-1
239	-1
240	1260070
241	-1
242	-1
243	-1
244	-1
245	1264590
246	-1
247	-1
248	-1
249	1269110
250	-1
251	-1
252	-1
253	-1
254	1273630
255	-1
256	-1
257	-1
258	1278150
259	-1
260	-1
261	-1
262	-1
263	1282670
264	-1
265	-1
266	-1
267	1287190
268	-1
269	-1
270	-1
271	-1
272	1291710
273	-1
274	-1
275	-1
276	1296230
277	-1
278	-1
279	-1
280	-1
281	1300750
282	-1
283	-1
284	-1
285	1305270
286	-1
287	-1
288	-1
289	-1
290	1309790
291	-1
292	-1
293	-1
294	1314310
295	-1
296	-1
297	-1
298	-1
299	1318830
300	-1
301	-1
302	-1
303	1323350
304	-1
305	-1
306	-1
307	-1
308	1327870
309	-1
310	-1
311	-1
312	1332390
313	-1
314	-1
315	-1
316	-1
317	1336910
318	-1
319	-1
320	-1
321	1341430
322	-1
323	-1
324	-1
325	-1
326	1345950
327	-1
328	-1
329	-1
330	-1
331	1350470
332	-1
333	-1
334	-1
335	1354990
336	-1
337	-1
338	-1
339	-1
340	1359510
341	-1
342	-1
343	-1
344	1364030
345	-1
346	-1
347	-1
348	-1
349	1368550
350	-1
351	-1
352	-1
353	1373070
354	-1
355	-1
356	-1
357	-1
358	1377590
359	-1
360	-1
361	-1
362	1382110
363	-1
364	-1
365	-1
366	-1
367	1386630
368	-1
369	-1
370	-1
371	1391150
372	-1
373	-1
374	-1
375	-1
376	1395670
377	-1
378	-1
379	-1
380	1400190
381	-1
382	-1
383	-1
384	-1
385	1404710
386	-1
387	-1
388	-1
389	1409230
390	-1
391	-1
392	-1
393	-1
394	1413750
395	-1
396	-1
397	-1
398	1418270
399	-1
400	-1
401	-1
402	-1
403	1422790
404	-1
405	-1
406	-1
407	1427310
408	-1
409	-1
410	-1
411	-1
412	1431830
413	-1
414	-1
415	-1
416	1436350
417	-1
418	-1
419	-1
420	-1
421	1440870
422	-1
423	-1
424	-1
425	1445390
426	-1
427	-1
428	-1
429	-1
430	1449910
431	-1
432	-1
433	-1
434	1454430
435	-1
436	-1
437	-1
438	-1
439	1458950
440	-1
441	-1
442	-1
443	-1
444	1463470
445	-1
446	-1
447	-1
448	1467990
449	-1
450	-1
451	-1
452	-1
453	1472510
454	-1
455	-1
456	-1
457	1477030
458	-1
459	-1
460	-1
461	-1
462	1481550
463	-1
464	-1
465	-1
466	1486070
467	-1
468	-1
469	-1
470	-1
471	1490590
472	-1
473	-1
474	-1
475	1495110
476	-1
477	-1
478	-1
479	-1
480	1499630
481	-1
482	-1
483	-1
484	1504150
485	-1
486	-1
487	-1
488	-1
489	1508670
490	-1
491	-1
492	-1
493	1513190
494	-1
495	-1
496	-1
497	-1
498	1517710
499	-1
