0	1011858
1	1016022
2	-1
3	-1
4	-1
5	1020186
6	-1
7	-1
8	-1
9	1024350
10	-1
11	-1
12	-1
13	1028514
14	-1
15	-1
16	-1
17	1032678
18	-1
19	-1
20	-1
21	1036842
22	-1
23	-1
24	-1
25	-1
26	1041006
27	-1
28	-1
29	-1
30	1045170
31	-1
32	-1
33	-1
34	1049334
35	-1
36	-1
37	-1
38	1053498
39	-1
40	-1
41	-1
42	1057662
43	-1
44	-1
45	-1
46	1061826
47	-1
48	-1
49	-1
50	-1
51	1065990
52	-1
53	-1
54	-1
55	1070154
56	-1
57	-1
58	-1
59	1074318
60	-1
61	-1
62	-1
63	1078482
64	-1
65	-1
66	-1
67	1082646
68	-1
69	-1
70	-1
71	1086810
72	-1
73	-1
74	-1
75	1090974
76	-1
77	-1
78	-1
79	-1
80	1095138
81	-1
82	-1
83	-1
84	1099302
85	-1
86	-1
87	-1
88	1103466
89	-1
90	-1
91	-1
92	1107630
93	-1
94	-1
95	-1
96	1111794
97	-1
98	-1
99	-1
100	1115958
101	-1
102	-1
103	-1
104	-1
105	1120122
106	-1
107	-1
108	-1
109	1124286
110	-1
111	-1
112	-1
113	1128450
114	-1
115	-1
116	-1
117	1132614
118	-1
119	-1
120	-1
121	1136778
122	-1
123	-1
124	-1
125	1140942
126	-1
127	-1
128	-1
129	-1
130	1145106
131	-1
132	-1
133	-1
134	1149270
135	-1
136	-1
137	-1
138	1153434
139	-1
140	-1
141	-1
142	1157598
143	-1
144	-1
145	-1
146	1161762
147	-1
148	-1
149	-1
150	1165926
151	-1
152	-1
153	-1
154	-1
155	1170090
156	-1
157	-1
158	-1
159	1174254
160	-1
161	-1
162	-1
163	1178418
164	-1
165	-1
166	-1
167	1182582
168	-1
169	-1
170	-1
171	1186746
172	-1
173	-1
174	-1
175	1190910
176	-1
177	-1
178	-1
179	-1
180	1195074
181	-1
182	-1
183	-1
184	1199238
185	-1
186	-1
187	-1
188	1203402
189	-1
190	-1
191	-1
192	1207566
193	-1
194	-1
195	-1
196	1211730
197	-1
198	-1
199	-1
200	1215894
201	-1
202	-1
203	-1
204	-1
205	1220058
206	-1
207	-1
208	-1
209	1224222
210	-1
211	-1
212	-1
213	1228386
214	-1
215	-1
216	-1
217	1232550
218	-1
219	-1
220	-1
221	1236714
222	-1
223	-1
224	-1
225	1240878
226	-1
227	-1
228	-1
229	-1
230	1245042
231	-1
232	-1
233	-1
234	1249206
235	-1
236	-1
237	-1
238	1253370
239	-1
240	-1
241	-1
242	1257534
243	-1
244	-1
245	-1
246	1261698
247	-1
248	-1
249	-1
250	1265862
251	-1
252	-1
253	-1
254	-1
255	1270026
256	-1
257	-1
258	-1
259	1274190
260	-1
261	-1
262	-1
263	1278354
264	-1
265	-1
266	-1
267	1282518
268	-1
269	-1
270	-1
271	1286682
272	-1
273	-1
274	-1
275	1290846
276	-1
277	-1
278	-1
279	-1
280	1295010
281	-1
282	-1
283	-1
284	1299174
285	-1
286	-1
287	-1
288	1303338
289	-1
290	-1
291	-1
292	1307502
293	-1
294	-1
295	-1
296	1311666
297	-1
298	-1
299	-1
300	1315830
301	-1
302	-1
303	-1
304	-1
305	1319994
306	-1
307	-1
308	-1
309	1324158
310	-1
311	-1
312	-1
313	1328322
314	-1
315	-1
316	-1
317	1332486
318	-1
319	-1
320	-1
321	1336650
322	-1
323	-1
324	-1
325	1340814
326	-1
327	-1
328	-1
329	-1
330	1344978
331	-1
332	-1
333	-1
334	1349142
335	-1
336	-1
337	-1
338	1353306
339	-1
340	-1
341	-1
342	1357470
343	-1
344	-1
345	-1
346	1361634
347	-1
348	-1
349	-1
350	1365798
351	-1
352	-1
353	-1
354	1369962
355	-1
356	-1
357	-1
358	-1
359	1374126
360	-1
361	-1
362	-1
363	1378290
364	-1
365	-1
366	-1
367	1382454
368	-1
369	-1
370	-1
371	1386618
372	-1
373	-1
374	-1
375	1390782
376	-1
377	-1
378	-1
379	1394946
380	-1
381	-1
382	-1
383	-1
384	1399110
385	-1
386	-1
387	-1
388	1403274
389	-1
390	-1
391	-1
392	1407438
393	-1
394	-1
395	-1
396	1411602
397	-1
398	-1
399	-1
400	1415766
401	-1
402	-1
403	-1
404	1419930
405	-1
406	-1
407	-1
408	-1
409	1424094
410	-1
411	-1
412	-1
413	1428258
414	-1
415	-1
416	-1
417	1432422
418	-1
419	-1
420	-1
421	1436586
422	-1
423	-1
424	-1
425	1440750
426	-1
427	-1
428	-1
429	1444914
430	-1
431	-1
432	-1
433	-1
434	1449078
435	-1
436	-1
437	-1
438	1453242
439	-1
440	-1
441	-1
442	1457406
443	-1
444	-1
445	-1
446	1461570
447	-1
448	-1
449	-1
450	1465734
451	-1
452	-1
453	-1
454	1469898
455	-1
456	-1
457	-1
458	-1
459	1474062
460	-1
461	-1
462	-1
463	1478226
464	-1
465	-1
466	-1
467	1482390
468	-1
469	-1
470	-1
471	1486554
472	-1
473	-1
474	-1
475	1490718
476	-1
477	-1
478	-1
479	1494882
480	-1
481	-1
482	-1
483	-1
484	1499046
485	-1
486	-1
487	-1
488	1503210
489	-1
490	-1
491	-1
492	1507374
493	-1
494	-1
495	-1
496	1511538
497	-1
498	-1
499	-1
500	1515702
501	-1
502	-1
503	-1
504	1519866
505	-1
506	-1
507	-1
508	-1
509	1524030
510	-1
511	-1
512	-1
513	1528194
514	-1
515	-1
516	-1
517	1532358
518	-1
519	-1
520	-1
521	1536522
522	-1
523	-1
524	-1
525	1540686
526	-1
527	-1
528	-1
529	1544850
530	-1
531	-1
532	-1
533	-1
534	1549014
535	-1
536	-1
537	-1
538	1553178
539	-1
540	-1
541	-1
542	1557342
543	-1
544	-1
545	-1
546	1561506
547	-1
548	-1
549	-1
550	1565670
551	-1
552	-1
553	-1
554	1569834
555	-1
556	-1
557	-1
558	-1
559	1573998
560	-1
561	-1
562	-1
563	1578162
564	-1
565	-1
566	-1
567	1582326
568	-1
569	-1
570	-1
571	1586490
572	-1
573	-1
574	-1
575	1590654
576	-1
577	-1
578	-1
579	1594818
580	-1
581	-1
582	-1
583	-1
584	1598982
585	-1
586	-1
587	-1
588	1603146
589	-1
590	-1
591	-1
592	1607310
593	-1
594	-1
595	-1
596	1611474
597	-1
598	-1
599	-1
600	1615638
601	-1
602	-1
603	-1
604	1619802
605	-1
606	-1
607	-1
608	1623966
609	-1
610	-1
611	-1
612	-1
613	1628130
614	-1
615	-1
616	-1
617	1632294
618	-1
619	-1
620	-1
621	1636458
622	-1
623	-1
624	-1
625	1640622
626	-1
627	-1
628	-1
629	1644786
630	-1
631	-1
632	-1
633	1648950
634	-1
635	-1
636	-1
637	-1
638	1653114
639	-1
640	-1
641	-1
642	1657278
643	-1
644	-1
645	-1
646	1661442
647	-1
648	-1
649	-1
650	1665606
651	-1
652	-1
653	-1
654	1669770
655	-1
656	-1
657	-1
658	1673934
659	-1
660	-1
661	-1
662	-1
663	1678098
664	-1
665	-1
666	-1
667	1682262
668	-1
669	-1
670	-1
671	1686426
672	-1
673	-1
674	-1
675	1690590
676	-1
677	-1
678	-1
679	1694754
680	-1
681	-1
682	-1
683	1698918
684	-1
685	-1
686	-1
687	-1
688	1703082
689	-1
690	-1
691	-1
692	1707246
693	-1
694	-1
695	-1
696	1711410
697	-1
698	-1
699	-1
700	1715574
701	-1
702	-1
703	-1
704	1719738
705	-1
706	-1
707	-1
708	1723902
709	-1
710	-1
711	-1
712	-1
713	1728066
714	-1
715	-1
716	-1
717	1732230
718	-1
719	-1
720	-1
721	1736394
722	-1
723	-1
724	-1
725	1740558
726	-1
727	-1
728	-1
729	1744722
730	-1
731	-1
732	-1
733	1748886
734	-1
735	-1
736	-1
737	-1
738	1753050
739	-1
740	-1
741	-1
742	1757214
743	-1
744	-1
745	-1
746	1761378
747	-1
748	-1
749	-1
750	1765542
751	-1
752	-1
753	-1
754	1769706
755	-1
756	-1
757	-1
758	1773870
759	-1
760	-1
761	-1
762	-1
763	1778034
764	-1
765	-1
766	-1
767	1782198
768	-1
769	-1
770	-1
771	1786362
772	-1
773	-1
774	-1
775	1790526
776	-1
777	-1
778	-1
779	1794690
780	-1
781	-1
782	-1
783	1798854
784	-1
785	-1
786	-1
787	-1
788	1803018
789	-1
790	-1
791	-1
792	1807182
793	-1
794	-1
795	-1
796	1811346
797	-1
798	-1
799	-1
800	1815510
801	-1
802	-1
803	-1
804	1819674
805	-1
806	-1
807	-1
808	1823838
809	-1
810	-1
811	-1
812	-1
813	1828002
814	-1
815	-1
816	-1
817	1832166
818	-1
819	-1
820	-1
821	1836330
822	-1
823	-1
824	-1
825	1840494
826	-1
827	-1
828	-1
829	1844658
830	-1
831	-1
832	-1
833	1848822
834	-1
835	-1
836	-1
837	-1
838	1852986
839	-1
840	-1
841	-1
842	1857150
843	-1
844	-1
845	-1
846	1861314
847	-1
848	-1
849	-1
850	1865478
851	-1
852	-1
853	-1
854	1869642
855	-1
856	-1
857	-1
858	1873806
859	-1
860	-1
861	-1
862	1877970
863	-1
864	-1
865	-1
866	-1
867	1882134
868	-1
869	-1
870	-1
871	1886298
872	-1
873	-1
874	-1
875	1890462
876	-1
877	-1
878	-1
879	1894626
880	-1
881	-1
882	-1
883	1898790
884	-1
885	-1
886	-1
887	1902954
888	-1
889	-1
890	-1
891	-1
892	1907118
893	-1
894	-1
895	-1
896	1911282
897	-1
898	-1
899	-1
900	1915446
901	-1
902	-1
903	-1
904	1919610
905	-1
906	-1
907	-1
908	1923774
909	-1
910	-1
911	-1
912	1927938
913	-1
914	-1
915	-1
916	-1
917	1932102
918	-1
919	-1
920	-1
921	1936266
922	-1
923	-1
924	-1
925	1940430
926	-1
927	-1
928	-1
929	1944594
930	-1
931	-1
932	-1
933	1948758
934	-1
935	-1
936	-1
937	1952922
938	-1
939	-1
940	-1
941	-1
942	1957086
943	-1
944	-1
945	-1
946	1961250
947	-1
948	-1
949	-1
950	1965414
951	-1
952	-1
953	-1
954	1969578
955	-1
956	-1
957	-1
958	1973742
959	-1
960	-1
961	-1
962	1977906
963	-1
964	-1
965	-1
966	-1
967	1982070
968	-1
969	-1
970	-1
971	1986234
972	-1
973	-1
974	-1
975	1990398
976	-1
977	-1
978	-1
979	1994562
980	-1
981	-1
982	-1
983	1998726
984	-1
985	-1
986	-1
987	2002890
988	-1
989	-1
990	-1
991	-1
992	2007054
993	-1
994	-1
995	-1
996	2011218
997	-1
998	-1
999	-1
1000	2015382
1001	-1
1002	-1
1003	-1
1004	2019546
1005	-1
1006	-1
1007	-1
1008	2023710
1009	-1
1010	-1
1011	-1
1012	2027874
1013	-1
1014	-1
1015	-1
1016	-1
1017	2032038
1018	-1
1019	-1
1020	-1
1021	2036202
1022	-1
1023	-1
1024	-1
1025	2040366
1026	-1
1027	-1
1028	-1
1029	2044530
1030	-1
1031	-1
1032	-1
1033	2048694
1034	-1
1035	-1
1036	-1
1037	2052858
1038	-1
1039	-1
1040	-1
1041	-1
1042	2057022
1043	-1
1044	-1
1045	-1
1046	2061186
1047	-1
1048	-1
1049	-1
1050	2065350
1051	-1
1052	-1
1053	-1
1054	2069514
1055	-1
1056	-1
1057	-1
1058	2073678
1059	-1
1060	-1
1061	-1
1062	2077842
1063	-1
1064	-1
1065	-1
1066	-1
1067	2082006
1068	-1
1069	-1
1070	-1
1071	2086170
1072	-1
1073	-1
1074	-1
1075	2090334
1076	-1
1077	-1
1078	-1
1079	2094498
1080	-1
1081	-1
1082	-1
1083	2098662
1084	-1
1085	-1
1086	-1
1087	2102826
1088	-1
1089	-1
1090	-1
1091	-1
1092	2106990
1093	-1
1094	-1
1095	-1
1096	2111154
1097	-1
1098	-1
1099	-1
1100	2115318
1101	-1
1102	-1
1103	-1
1104	2119482
1105	-1
1106	-1
1107	-1
1108	2123646
1109	-1
1110	-1
1111	-1
1112	2127810
1113	-1
1114	-1
1115	-1
1116	2131974
1117	-1
1118	-1
1119	-1
1120	-1
1121	2136138
1122	-1
1123	-1
1124	-1
1125	2140302
1126	-1
1127	-1
1128	-1
1129	2144466
1130	-1
1131	-1
1132	-1
1133	2148630
1134	-1
1135	-1
1136	-1
1137	2152794
1138	-1
1139	-1
1140	-1
1141	2156958
1142	-1
1143	-1
1144	-1
1145	-1
1146	2161122
1147	-1
1148	-1
1149	-1
1150	2165286
1151	-1
1152	-1
1153	-1
1154	2169450
1155	-1
1156	-1
1157	-1
1158	2173614
1159	-1
1160	-1
1161	-1
1162	2177778
1163	-1
1164	-1
1165	-1
1166	2181942
1167	-1
1168	-1
1169	-1
1170	-1
1171	2186106
1172	-1
1173	-1
1174	-1
1175	2190270
1176	-1
1177	-1
1178	-1
1179	2194434
1180	-1
1181	-1
1182	-1
1183	2198598
1184	-1
1185	-1
1186	-1
1187	2202762
1188	-1
1189	-1
1190	-1
1191	2206926
1192	-1
1193	-1
1194	-1
1195	-1
1196	2211090
1197	-1
1198	-1
1199	-1
1200	2215254
1201	-1
1202	-1
1203	-1
1204	2219418
1205	-1
1206	-1
1207	-1
1208	2223582
1209	-1
1210	-1
1211	-1
1212	2227746
1213	-1
1214	-1
1215	-1
1216	2231910
1217	-1
1218	-1
1219	-1
1220	-1
1221	2236074
1222	-1
1223	-1
1224	-1
1225	2240238
1226	-1
1227	-1
1228	-1
1229	2244402
1230	-1
1231	-1
1232	-1
1233	2248566
1234	-1
1235	-1
1236	-1
1237	2252730
1238	-1
1239	-1
1240	-1
1241	2256894
1242	-1
1243	-1
1244	-1
1245	-1
1246	2261058
1247	-1
1248	-1
1249	-1
1250	2265222
1251	-1
1252	-1
1253	-1
1254	2269386
1255	-1
1256	-1
1257	-1
1258	2273550
1259	-1
1260	-1
1261	-1
1262	2277714
1263	-1
1264	-1
1265	-1
1266	2281878
1267	-1
1268	-1
1269	-1
1270	-1
1271	2286042
1272	-1
1273	-1
1274	-1
1275	2290206
1276	-1
1277	-1
1278	-1
1279	2294370
1280	-1
1281	-1
1282	-1
1283	2298534
1284	-1
1285	-1
1286	-1
1287	2302698
1288	-1
1289	-1
1290	-1
1291	2306862
1292	-1
1293	-1
1294	-1
1295	-1
1296	2311026
1297	-1
1298	-1
1299	-1
1300	2315190
1301	-1
1302	-1
1303	-1
1304	2319354
1305	-1
1306	-1
1307	-1
1308	2323518
1309	-1
1310	-1
1311	-1
1312	2327682
1313	-1
1314	-1
1315	-1
1316	2331846
1317	-1
1318	-1
1319	-1
1320	-1
1321	2336010
1322	-1
1323	-1
1324	-1
1325	2340174
1326	-1
1327	-1
1328	-1
1329	2344338
1330	-1
1331	-1
1332	-1
1333	2348502
1334	-1
1335	-1
1336	-1
1337	2352666
1338	-1
1339	-1
1340	-1
1341	2356830
1342	-1
1343	-1
1344	-1
1345	-1
1346	2360994
1347	-1
1348	-1
1349	-1
1350	2365158
1351	-1
1352	-1
1353	-1
1354	2369322
1355	-1
1356	-1
1357	-1
1358	2373486
1359	-1
1360	-1
1361	-1
1362	2377650
1363	-1
1364	-1
1365	-1
1366	2381814
1367	-1
1368	-1
1369	-1
1370	-1
1371	2385978
1372	-1
1373	-1
1374	-1
1375	2390142
1376	-1
1377	-1
1378	-1
1379	2394306
1380	-1
1381	-1
1382	-1
1383	2398470
1384	-1
1385	-1
1386	-1
1387	2402634
1388	-1
1389	-1
1390	-1
1391	2406798
1392	-1
1393	-1
1394	-1
1395	2410962
1396	-1
1397	-1
1398	-1
1399	-1
1400	2415126
1401	-1
1402	-1
1403	-1
1404	2419290
1405	-1
1406	-1
1407	-1
1408	2423454
1409	-1
1410	-1
1411	-1
1412	2427618
1413	-1
1414	-1
1415	-1
1416	2431782
1417	-1
1418	-1
1419	-1
1420	2435946
1421	-1
1422	-1
1423	-1
1424	-1
1425	2440110
1426	-1
1427	-1
1428	-1
1429	2444274
1430	-1
1431	-1
1432	-1
1433	2448438
1434	-1
1435	-1
1436	-1
1437	2452602
1438	-1
1439	-1
1440	-1
1441	2456766
1442	-1
1443	-1
1444	-1
1445	2460930
1446	-1
1447	-1
1448	-1
1449	-1
1450	2465094
1451	-1
1452	-1
1453	-1
1454	2469258
1455	-1
1456	-1
1457	-1
1458	2473422
1459	-1
1460	-1
1461	-1
1462	2477586
1463	-1
1464	-1
1465	-1
1466	2481750
1467	-1
1468	-1
1469	-1
1470	2485914
1471	-1
1472	-1
1473	-1
1474	-1
1475	2490078
1476	-1
1477	-1
1478	-1
1479	2494242
1480	-1
1481	-1
1482	-1
1483	2498406
1484	-1
1485	-1
1486	-1
1487	2502570
1488	-1
1489	-1
1490	-1
1491	2506734
1492	-1
1493	-1
1494	-1
1495	2510898
1496	-1
1497	-1
1498	-1
1499	-1
1500	2515062
1501	-1
1502	-1
1503	-1
1504	2519226
1505	-1
1506	-1
1507	-1
1508	2523390
1509	-1
1510	-1
1511	-1
1512	2527554
1513	-1
1514	-1
1515	-1
1516	2531718
1517	-1
1518	-1
1519	-1
1520	2535882
1521	-1
1522	-1
1523	-1
1524	-1
1525	2540046
1526	-1
1527	-1
1528	-1
1529	2544210
1530	-1
1531	-1
1532	-1
1533	2548374
1534	-1
1535	-1
1536	-1
1537	2552538
1538	-1
1539	-1
1540	-1
1541	2556702
1542	-1
1543	-1
1544	-1
1545	2560866
1546	-1
1547	-1
1548	-1
1549	-1
1550	2565030
1551	-1
1552	-1
1553	-1
1554	2569194
1555	-1
1556	-1
1557	-1
1558	2573358
1559	-1
1560	-1
1561	-1
1562	2577522
1563	-1
1564	-1
1565	-1
1566	2581686
1567	-1
1568	-1
1569	-1
1570	2585850
1571	-1
1572	-1
1573	-1
1574	-1
1575	2590014
1576	-1
1577	-1
1578	-1
1579	2594178
1580	-1
1581	-1
1582	-1
1583	2598342
1584	-1
1585	-1
1586	-1
1587	2602506
1588	-1
1589	-1
1590	-1
1591	2606670
1592	-1
1593	-1
1594	-1
1595	2610834
1596	-1
1597	-1
1598	-1
1599	-1
1600	2614998
1601	-1
1602	-1
1603	-1
1604	2619162
1605	-1
1606	-1
1607	-1
1608	2623326
1609	-1
1610	-1
1611	-1
1612	2627490
1613	-1
1614	-1
1615	-1
1616	2631654
1617	-1
1618	-1
1619	-1
1620	2635818
1621	-1
1622	-1
1623	-1
1624	-1
1625	2639982
1626	-1
1627	-1
1628	-1
1629	2644146
1630	-1
1631	-1
1632	-1
1633	2648310
1634	-1
1635	-1
1636	-1
1637	2652474
1638	-1
1639	-1
1640	-1
1641	2656638
1642	-1
1643	-1
1644	-1
1645	2660802
1646	-1
1647	-1
1648	-1
1649	2664966
1650	-1
1651	-1
1652	-1
1653	-1
1654	2669130
1655	-1
1656	-1
1657	-1
1658	2673294
1659	-1
1660	-1
1661	-1
1662	2677458
1663	-1
1664	-1
1665	-1
1666	2681622
1667	-1
1668	-1
1669	-1
1670	2685786
1671	-1
1672	-1
1673	-1
1674	2689950
1675	-1
1676	-1
1677	-1
1678	-1
1679	2694114
1680	-1
1681	-1
1682	-1
1683	2698278
1684	-1
1685	-1
1686	-1
1687	2702442
1688	-1
1689	-1
1690	-1
1691	2706606
1692	-1
1693	-1
1694	-1
1695	2710770
1696	-1
1697	-1
1698	-1
1699	2714934
1700	-1
1701	-1
1702	-1
1703	-1
1704	2719098
1705	-1
1706	-1
1707	-1
1708	2723262
1709	-1
1710	-1
1711	-1
1712	2727426
1713	-1
1714	-1
1715	-1
1716	2731590
1717	-1
1718	-1
1719	-1
1720	2735754
1721	-1
1722	-1
1723	-1
1724	2739918
1725	-1
1726	-1
1727	-1
1728	-1
1729	2744082
1730	-1
1731	-1
1732	-1
1733	2748246
1734	-1
1735	-1
1736	-1
1737	2752410
1738	-1
1739	-1
1740	-1
1741	2756574
1742	-1
1743	-1
1744	-1
1745	2760738
1746	-1
1747	-1
1748	-1
1749	2764902
1750	-1
1751	-1
1752	-1
1753	-1
1754	2769066
1755	-1
1756	-1
1757	-1
1758	2773230
1759	-1
1760	-1
1761	-1
1762	2777394
1763	-1
1764	-1
1765	-1
1766	2781558
1767	-1
1768	-1
1769	-1
1770	2785722
1771	-1
1772	-1
1773	-1
1774	2789886
1775	-1
1776	-1
1777	-1
1778	-1
1779	2794050
1780	-1
1781	-1
1782	-1
1783	2798214
1784	-1
1785	-1
1786	-1
1787	2802378
1788	-1
1789	-1
1790	-1
1791	2806542
1792	-1
1793	-1
1794	-1
1795	2810706
1796	-1
1797	-1
1798	-1
1799	2814870
1800	-1
1801	-1
1802	-1
1803	-1
1804	2819034
1805	-1
1806	-1
1807	-1
1808	2823198
1809	-1
1810	-1
1811	-1
1812	2827362
1813	-1
1814	-1
1815	-1
1816	2831526
1817	-1
1818	-1
1819	-1
1820	2835690
1821	-1
1822	-1
1823	-1
1824	2839854
1825	-1
1826	-1
1827	-1
1828	-1
1829	2844018
1830	-1
1831	-1
1832	-1
1833	2848182
1834	-1
1835	-1
1836	-1
1837	2852346
1838	-1
1839	-1
1840	-1
1841	2856510
1842	-1
1843	-1
1844	-1
1845	2860674
1846	-1
1847	-1
1848	-1
1849	2864838
1850	-1
1851	-1
1852	-1
1853	-1
1854	2869002
1855	-1
1856	-1
1857	-1
1858	2873166
1859	-1
1860	-1
1861	-1
1862	2877330
1863	-1
1864	-1
1865	-1
1866	2881494
1867	-1
1868	-1
1869	-1
1870	2885658
1871	-1
1872	-1
1873	-1
1874	2889822
1875	-1
1876	-1
1877	-1
1878	-1
1879	2893986
1880	-1
1881	-1
1882	-1
1883	2898150
1884	-1
1885	-1
1886	-1
1887	2902314
1888	-1
1889	-1
1890	-1
1891	2906478
1892	-1
1893	-1
1894	-1
1895	2910642
1896	-1
1897	-1
1898	-1
1899	2914806
1900	-1
1901	-1
1902	-1
1903	2918970
1904	-1
1905	-1
1906	-1
1907	-1
1908	2923134
1909	-1
1910	-1
1911	-1
1912	2927298
1913	-1
1914	-1
1915	-1
1916	2931462
1917	-1
1918	-1
1919	-1
1920	2935626
1921	-1
1922	-1
1923	-1
1924	2939790
1925	-1
1926	-1
1927	-1
1928	2943954
1929	-1
1930	-1
1931	-1
1932	-1
1933	2948118
1934	-1
1935	-1
1936	-1
1937	2952282
1938	-1
1939	-1
1940	-1
1941	2956446
1942	-1
1943	-1
1944	-1
1945	2960610
1946	-1
1947	-1
1948	-1
1949	2964774
1950	-1
1951	-1
1952	-1
1953	2968938
1954	-1
1955	-1
1956	-1
1957	-1
1958	2973102
1959	-1
1960	-1
1961	-1
1962	2977266
1963	-1
1964	-1
1965	-1
1966	2981430
1967	-1
1968	-1
1969	-1
1970	2985594
1971	-1
1972	-1
1973	-1
1974	2989758
1975	-1
1976	-1
1977	-1
1978	2993922
1979	-1
1980	-1
1981	-1
1982	-1
1983	2998086
1984	-1
1985	-1
1986	-1
1987	3002250
1988	-1
1989	-1
1990	-1
1991	3006414
1992	-1
1993	-1
1994	-1
1995	3010578
1996	-1
1997	-1
1998	-1
1999	3014742
2000	-1
2001	-1
2002	-1
2003	3018906
2004	-1
2005	-1
2006	-1
2007	-1
2008	3023070
2009	-1
2010	-1
2011	-1
2012	3027234
2013	-1
2014	-1
2015	-1
2016	3031398
2017	-1
2018	-1
2019	-1
2020	3035562
2021	-1
2022	-1
2023	-1
2024	3039726
2025	-1
2026	-1
2027	-1
2028	3043890
2029	-1
2030	-1
2031	-1
2032	-1
2033	3048054
2034	-1
2035	-1
2036	-1
2037	3052218
2038	-1
2039	-1
2040	-1
2041	3056382
2042	-1
2043	-1
2044	-1
2045	3060546
2046	-1
2047	-1
2048	-1
2049	3064710
2050	-1
2051	-1
2052	-1
2053	3068874
2054	-1
2055	-1
2056	-1
2057	-1
2058	3073038
2059	-1
2060	-1
2061	-1
2062	3077202
2063	-1
2064	-1
2065	-1
2066	3081366
2067	-1
2068	-1
2069	-1
2070	3085530
2071	-1
2072	-1
2073	-1
2074	3089694
2075	-1
2076	-1
2077	-1
2078	3093858
2079	-1
2080	-1
2081	-1
2082	-1
2083	3098022
2084	-1
2085	-1
2086	-1
2087	3102186
2088	-1
2089	-1
2090	-1
2091	3106350
2092	-1
2093	-1
2094	-1
2095	3110514
2096	-1
2097	-1
2098	-1
2099	3114678
2100	-1
2101	-1
2102	-1
2103	3118842
2104	-1
2105	-1
2106	-1
2107	-1
2108	3123006
2109	-1
2110	-1
2111	-1
2112	3127170
2113	-1
2114	-1
2115	-1
2116	3131334
2117	-1
2118	-1
2119	-1
2120	3135498
2121	-1
2122	-1
2123	-1
2124	3139662
2125	-1
2126	-1
2127	-1
2128	3143826
2129	-1
2130	-1
2131	-1
2132	-1
2133	3147990
2134	-1
2135	-1
2136	-1
2137	3152154
2138	-1
2139	-1
2140	-1
2141	3156318
2142	-1
2143	-1
2144	-1
2145	3160482
2146	-1
2147	-1
2148	-1
2149	3164646
2150	-1
2151	-1
2152	-1
2153	3168810
2154	-1
2155	-1
2156	-1
2157	3172974
2158	-1
2159	-1
2160	-1
2161	-1
2162	3177138
2163	-1
2164	-1
2165	-1
2166	3181302
2167	-1
2168	-1
2169	-1
2170	3185466
2171	-1
2172	-1
2173	-1
2174	3189630
2175	-1
2176	-1
2177	-1
2178	3193794
2179	-1
2180	-1
2181	-1
2182	3197958
2183	-1
2184	-1
2185	-1
2186	-1
2187	3202122
2188	-1
2189	-1
2190	-1
2191	3206286
2192	-1
2193	-1
2194	-1
2195	3210450
2196	-1
2197	-1
2198	-1
2199	3214614
2200	-1
2201	-1
2202	-1
2203	3218778
2204	-1
2205	-1
2206	-1
2207	3222942
2208	-1
2209	-1
2210	-1
2211	-1
2212	3227106
2213	-1
2214	-1
2215	-1
2216	3231270
2217	-1
2218	-1
2219	-1
2220	3235434
2221	-1
2222	-1
2223	-1
2224	3239598
2225	-1
2226	-1
2227	-1
2228	3243762
2229	-1
2230	-1
2231	-1
2232	3247926
2233	-1
2234	-1
2235	-1
2236	-1
2237	3252090
2238	-1
2239	-1
2240	-1
2241	3256254
2242	-1
2243	-1
2244	-1
2245	3260418
2246	-1
2247	-1
2248	-1
2249	3264582
2250	-1
2251	-1
2252	-1
2253	3268746
2254	-1
2255	-1
2256	-1
2257	3272910
2258	-1
2259	-1
2260	-1
2261	-1
2262	3277074
2263	-1
2264	-1
2265	-1
2266	3281238
2267	-1
2268	-1
2269	-1
2270	3285402
2271	-1
2272	-1
2273	-1
2274	3289566
2275	-1
2276	-1
2277	-1
2278	3293730
2279	-1
2280	-1
2281	-1
2282	3297894
2283	-1
2284	-1
2285	-1
2286	-1
2287	3302058
2288	-1
2289	-1
2290	-1
2291	3306222
2292	-1
2293	-1
2294	-1
2295	3310386
2296	-1
2297	-1
2298	-1
2299	3314550
2300	-1
2301	-1
2302	-1
2303	3318714
2304	-1
2305	-1
2306	-1
2307	3322878
2308	-1
2309	-1
2310	-1
2311	-1
2312	3327042
2313	-1
2314	-1
2315	-1
2316	3331206
2317	-1
2318	-1
2319	-1
2320	3335370
2321	-1
2322	-1
2323	-1
2324	3339534
2325	-1
2326	-1
2327	-1
2328	3343698
2329	-1
2330	-1
2331	-1
2332	3347862
2333	-1
2334	-1
2335	-1
2336	-1
2337	3352026
2338	-1
2339	-1
2340	-1
2341	3356190
2342	-1
2343	-1
2344	-1
2345	3360354
2346	-1
2347	-1
2348	-1
2349	3364518
2350	-1
2351	-1
2352	-1
2353	3368682
2354	-1
2355	-1
2356	-1
2357	3372846
2358	-1
2359	-1
2360	-1
2361	-1
2362	3377010
2363	-1
2364	-1
2365	-1
2366	3381174
2367	-1
2368	-1
2369	-1
2370	3385338
2371	-1
2372	-1
2373	-1
2374	3389502
2375	-1
2376	-1
2377	-1
2378	3393666
2379	-1
2380	-1
2381	-1
2382	3397830
2383	-1
2384	-1
2385	-1
2386	-1
2387	3401994
2388	-1
2389	-1
2390	-1
2391	3406158
2392	-1
2393	-1
2394	-1
2395	3410322
2396	-1
2397	-1
2398	-1
2399	3414486
2400	-1
2401	-1
2402	-1
2403	3418650
2404	-1
2405	-1
2406	-1
2407	3422814
2408	-1
2409	-1
2410	-1
2411	-1
2412	3426978
2413	-1
2414	-1
2415	-1
2416	3431142
2417	-1
2418	-1
2419	-1
2420	3435306
2421	-1
2422	-1
2423	-1
2424	3439470
2425	-1
2426	-1
2427	-1
2428	3443634
2429	-1
2430	-1
2431	-1
2432	3447798
2433	-1
2434	-1
2435	-1
2436	3451962
2437	-1
2438	-1
2439	-1
2440	-1
2441	3456126
2442	-1
2443	-1
2444	-1
2445	3460290
2446	-1
2447	-1
2448	-1
2449	3464454
2450	-1
2451	-1
2452	-1
2453	3468618
2454	-1
2455	-1
2456	-1
2457	3472782
2458	-1
2459	-1
2460	-1
2461	3476946
2462	-1
2463	-1
2464	-1
2465	-1
2466	3481110
2467	-1
2468	-1
2469	-1
2470	3485274
2471	-1
2472	-1
2473	-1
2474	3489438
2475	-1
2476	-1
2477	-1
2478	3493602
2479	-1
2480	-1
2481	-1
2482	3497766
2483	-1
2484	-1
2485	-1
2486	3501930
2487	-1
2488	-1
2489	-1
2490	-1
2491	3506094
2492	-1
2493	-1
2494	-1
2495	3510258
2496	-1
2497	-1
2498	-1
2499	3514422
2500	-1
2501	-1
2502	-1
2503	3518586
2504	-1
2505	-1
2506	-1
2507	3522750
2508	-1
2509	-1
2510	-1
2511	3526914
2512	-1
2513	-1
2514	-1
2515	-1
2516	3531078
2517	-1
2518	-1
2519	-1
2520	3535242
2521	-1
2522	-1
2523	-1
2524	3539406
2525	-1
2526	-1
2527	-1
2528	3543570
2529	-1
2530	-1
2531	-1
2532	3547734
2533	-1
2534	-1
2535	-1
2536	3551898
2537	-1
2538	-1
2539	-1
2540	-1
2541	3556062
2542	-1
2543	-1
2544	-1
2545	3560226
2546	-1
2547	-1
2548	-1
2549	3564390
2550	-1
2551	-1
2552	-1
2553	3568554
2554	-1
2555	-1
2556	-1
2557	3572718
2558	-1
2559	-1
2560	-1
2561	3576882
2562	-1
2563	-1
2564	-1
2565	-1
2566	3581046
2567	-1
2568	-1
2569	-1
2570	3585210
2571	-1
2572	-1
2573	-1
2574	3589374
2575	-1
2576	-1
2577	-1
2578	3593538
2579	-1
2580	-1
2581	-1
2582	3597702
2583	-1
2584	-1
2585	-1
2586	3601866
2587	-1
2588	-1
2589	-1
2590	-1
2591	3606030
2592	-1
2593	-1
2594	-1
2595	3610194
2596	-1
2597	-1
2598	-1
2599	3614358
2600	-1
2601	-1
2602	-1
2603	3618522
2604	-1
2605	-1
2606	-1
2607	3622686
2608	-1
2609	-1
2610	-1
2611	3626850
2612	-1
2613	-1
2614	-1
2615	-1
2616	3631014
2617	-1
2618	-1
2619	-1
2620	3635178
2621	-1
2622	-1
2623	-1
2624	3639342
2625	-1
2626	-1
2627	-1
2628	3643506
2629	-1
2630	-1
2631	-1
2632	3647670
2633	-1
2634	-1
2635	-1
2636	3651834
2637	-1
2638	-1
2639	-1
2640	-1
2641	3655998
2642	-1
2643	-1
2644	-1
2645	3660162
2646	-1
2647	-1
2648	-1
2649	3664326
2650	-1
2651	-1
2652	-1
2653	3668490
2654	-1
2655	-1
2656	-1
2657	3672654
2658	-1
2659	-1
2660	-1
2661	3676818
2662	-1
2663	-1
2664	-1
2665	-1
2666	3680982
2667	-1
2668	-1
2669	-1
2670	3685146
2671	-1
2672	-1
2673	-1
2674	3689310
2675	-1
2676	-1
2677	-1
2678	3693474
2679	-1
2680	-1
2681	-1
2682	3697638
2683	-1
2684	-1
2685	-1
2686	3701802
2687	-1
2688	-1
2689	-1
2690	3705966
2691	-1
2692	-1
2693	-1
2694	-1
2695	3710130
2696	-1
2697	-1
2698	-1
2699	3714294
2700	-1
2701	-1
2702	-1
2703	3718458
2704	-1
2705	-1
2706	-1
2707	3722622
2708	-1
2709	-1
2710	-1
2711	3726786
2712	-1
2713	-1
2714	-1
2715	3730950
2716	-1
2717	-1
2718	-1
2719	-1
2720	3735114
2721	-1
2722	-1
2723	-1
2724	3739278
2725	-1
2726	-1
2727	-1
2728	3743442
2729	-1
2730	-1
2731	-1
2732	3747606
2733	-1
2734	-1
2735	-1
2736	3751770
2737	-1
2738	-1
2739	-1
2740	3755934
2741	-1
2742	-1
2743	-1
2744	-1
2745	3760098
2746	-1
2747	-1
2748	-1
2749	3764262
2750	-1
2751	-1
2752	-1
2753	3768426
2754	-1
2755	-1
2756	-1
2757	3772590
2758	-1
2759	-1
2760	-1
2761	3776754
2762	-1
2763	-1
2764	-1
2765	3780918
2766	-1
2767	-1
2768	-1
2769	-1
2770	3785082
2771	-1
2772	-1
2773	-1
2774	3789246
2775	-1
2776	-1
2777	-1
2778	3793410
2779	-1
2780	-1
2781	-1
2782	3797574
2783	-1
2784	-1
2785	-1
2786	3801738
2787	-1
2788	-1
2789	-1
2790	3805902
2791	-1
2792	-1
2793	-1
2794	-1
2795	3810066
2796	-1
2797	-1
2798	-1
2799	3814230
2800	-1
2801	-1
2802	-1
2803	3818394
2804	-1
2805	-1
2806	-1
2807	3822558
2808	-1
2809	-1
2810	-1
2811	3826722
2812	-1
2813	-1
2814	-1
2815	3830886
2816	-1
2817	-1
2818	-1
2819	-1
2820	3835050
2821	-1
2822	-1
2823	-1
2824	3839214
2825	-1
2826	-1
2827	-1
2828	3843378
2829	-1
2830	-1
2831	-1
2832	3847542
2833	-1
2834	-1
2835	-1
2836	3851706
2837	-1
2838	-1
2839	-1
2840	3855870
2841	-1
2842	-1
2843	-1
2844	-1
2845	3860034
2846	-1
2847	-1
2848	-1
2849	3864198
2850	-1
2851	-1
2852	-1
2853	3868362
2854	-1
2855	-1
2856	-1
2857	3872526
2858	-1
2859	-1
2860	-1
2861	3876690
2862	-1
2863	-1
2864	-1
2865	3880854
2866	-1
2867	-1
2868	-1
2869	-1
2870	3885018
2871	-1
2872	-1
2873	-1
2874	3889182
2875	-1
2876	-1
2877	-1
2878	3893346
2879	-1
2880	-1
2881	-1
2882	3897510
2883	-1
2884	-1
2885	-1
2886	3901674
2887	-1
2888	-1
2889	-1
2890	3905838
2891	-1
2892	-1
2893	-1
2894	-1
2895	3910002
2896	-1
2897	-1
2898	-1
2899	3914166
2900	-1
2901	-1
2902	-1
2903	3918330
2904	-1
2905	-1
2906	-1
2907	3922494
2908	-1
2909	-1
2910	-1
2911	3926658
2912	-1
2913	-1
2914	-1
2915	3930822
2916	-1
2917	-1
2918	-1
2919	-1
2920	3934986
2921	-1
2922	-1
2923	-1
2924	3939150
2925	-1
2926	-1
2927	-1
2928	3943314
2929	-1
2930	-1
2931	-1
2932	3947478
2933	-1
2934	-1
2935	-1
2936	3951642
2937	-1
2938	-1
2939	-1
2940	3955806
2941	-1
2942	-1
2943	-1
2944	3959970
2945	-1
2946	-1
2947	-1
2948	-1
2949	3964134
2950	-1
2951	-1
2952	-1
2953	3968298
2954	-1
2955	-1
2956	-1
2957	3972462
2958	-1
2959	-1
2960	-1
2961	3976626
2962	-1
2963	-1
2964	-1
2965	3980790
2966	-1
2967	-1
2968	-1
2969	3984954
2970	-1
2971	-1
2972	-1
2973	-1
2974	3989118
2975	-1
2976	-1
2977	-1
2978	3993282
2979	-1
2980	-1
2981	-1
2982	3997446
2983	-1
2984	-1
2985	-1
2986	4001610
2987	-1
2988	-1
2989	-1
2990	4005774
2991	-1
2992	-1
2993	-1
2994	4009938
2995	-1
2996	-1
2997	-1
2998	-1
2999	4014102
3000	-1
3001	-1
3002	-1
3003	4018266
3004	-1
3005	-1
3006	-1
3007	4022430
3008	-1
3009	-1
3010	-1
3011	4026594
3012	-1
3013	-1
3014	-1
3015	4030758
3016	-1
3017	-1
3018	-1
3019	4034922
3020	-1
3021	-1
3022	-1
3023	-1
3024	4039086
3025	-1
3026	-1
3027	-1
3028	4043250
3029	-1
3030	-1
3031	-1
3032	4047414
3033	-1
3034	-1
3035	-1
3036	4051578
3037	-1
3038	-1
3039	-1
3040	4055742
3041	-1
3042	-1
3043	-1
3044	4059906
3045	-1
3046	-1
3047	-1
3048	-1
3049	4064070
3050	-1
3051	-1
3052	-1
3053	4068234
3054	-1
3055	-1
3056	-1
3057	4072398
3058	-1
3059	-1
3060	-1
3061	4076562
3062	-1
3063	-1
3064	-1
3065	4080726
3066	-1
3067	-1
3068	-1
3069	4084890
3070	-1
3071	-1
3072	-1
3073	-1
3074	4089054
3075	-1
3076	-1
3077	-1
3078	4093218
3079	-1
3080	-1
3081	-1
3082	4097382
3083	-1
3084	-1
3085	-1
3086	4101546
3087	-1
3088	-1
3089	-1
3090	4105710
3091	-1
3092	-1
3093	-1
3094	4109874
3095	-1
3096	-1
3097	-1
3098	-1
3099	4114038
3100	-1
3101	-1
3102	-1
3103	4118202
3104	-1
3105	-1
3106	-1
3107	4122366
3108	-1
3109	-1
3110	-1
3111	4126530
3112	-1
3113	-1
3114	-1
3115	4130694
3116	-1
3117	-1
3118	-1
3119	4134858
3120	-1
3121	-1
3122	-1
3123	-1
3124	4139022
3125	-1
3126	-1
3127	-1
3128	4143186
3129	-1
3130	-1
3131	-1
3132	4147350
3133	-1
3134	-1
3135	-1
3136	4151514
3137	-1
3138	-1
3139	-1
3140	4155678
3141	-1
3142	-1
3143	-1
3144	4159842
3145	-1
3146	-1
3147	-1
3148	-1
3149	4164006
3150	-1
3151	-1
3152	-1
3153	4168170
3154	-1
3155	-1
3156	-1
3157	4172334
3158	-1
3159	-1
3160	-1
3161	4176498
3162	-1
3163	-1
3164	-1
3165	4180662
3166	-1
3167	-1
3168	-1
3169	4184826
3170	-1
3171	-1
3172	-1
3173	-1
3174	4188990
3175	-1
3176	-1
3177	-1
3178	4193154
3179	-1
3180	-1
3181	-1
3182	4197318
3183	-1
3184	-1
3185	-1
3186	4201482
3187	-1
3188	-1
3189	-1
3190	4205646
3191	-1
3192	-1
3193	-1
3194	4209810
3195	-1
3196	-1
3197	-1
3198	4213974
3199	-1
3200	-1
3201	-1
3202	-1
3203	4218138
3204	-1
3205	-1
3206	-1
3207	4222302
3208	-1
3209	-1
3210	-1
3211	4226466
3212	-1
3213	-1
3214	-1
3215	4230630
3216	-1
3217	-1
3218	-1
3219	4234794
3220	-1
3221	-1
3222	-1
3223	4238958
3224	-1
3225	-1
3226	-1
3227	-1
3228	4243122
3229	-1
3230	-1
3231	-1
3232	4247286
3233	-1
3234	-1
3235	-1
3236	4251450
3237	-1
3238	-1
3239	-1
3240	4255614
3241	-1
3242	-1
3243	-1
3244	4259778
3245	-1
3246	-1
3247	-1
3248	4263942
3249	-1
3250	-1
3251	-1
3252	-1
3253	4268106
3254	-1
3255	-1
3256	-1
3257	4272270
3258	-1
3259	-1
3260	-1
3261	4276434
3262	-1
3263	-1
3264	-1
3265	4280598
3266	-1
3267	-1
3268	-1
3269	4284762
3270	-1
3271	-1
3272	-1
3273	4288926
3274	-1
3275	-1
3276	-1
3277	-1
3278	4293090
3279	-1
3280	-1
3281	-1
3282	4297254
3283	-1
3284	-1
3285	-1
3286	4301418
3287	-1
3288	-1
3289	-1
3290	4305582
3291	-1
3292	-1
3293	-1
3294	4309746
3295	-1
3296	-1
3297	-1
3298	4313910
3299	-1
3300	-1
3301	-1
3302	-1
3303	4318074
3304	-1
3305	-1
3306	-1
3307	4322238
3308	-1
3309	-1
3310	-1
3311	4326402
3312	-1
3313	-1
3314	-1
3315	4330566
3316	-1
3317	-1
3318	-1
3319	4334730
3320	-1
3321	-1
3322	-1
3323	4338894
3324	-1
3325	-1
3326	-1
3327	-1
3328	4343058
3329	-1
3330	-1
3331	-1
3332	4347222
3333	-1
3334	-1
3335	-1
3336	4351386
3337	-1
3338	-1
3339	-1
3340	4355550
3341	-1
3342	-1
3343	-1
3344	4359714
3345	-1
3346	-1
3347	-1
3348	4363878
3349	-1
3350	-1
3351	-1
3352	-1
3353	4368042
3354	-1
3355	-1
3356	-1
3357	4372206
3358	-1
3359	-1
3360	-1
3361	4376370
3362	-1
3363	-1
3364	-1
3365	4380534
3366	-1
3367	-1
3368	-1
3369	4384698
3370	-1
3371	-1
3372	-1
3373	4388862
3374	-1
3375	-1
3376	-1
3377	-1
3378	4393026
3379	-1
3380	-1
3381	-1
3382	4397190
3383	-1
3384	-1
3385	-1
3386	4401354
3387	-1
3388	-1
3389	-1
3390	4405518
3391	-1
3392	-1
3393	-1
3394	4409682
3395	-1
3396	-1
3397	-1
3398	4413846
3399	-1
3400	-1
3401	-1
3402	-1
3403	4418010
3404	-1
3405	-1
3406	-1
3407	4422174
3408	-1
3409	-1
3410	-1
3411	4426338
3412	-1
3413	-1
3414	-1
3415	4430502
3416	-1
3417	-1
3418	-1
3419	4434666
3420	-1
3421	-1
3422	-1
3423	4438830
3424	-1
3425	-1
3426	-1
3427	-1
3428	4442994
3429	-1
3430	-1
3431	-1
3432	4447158
3433	-1
3434	-1
3435	-1
3436	4451322
3437	-1
3438	-1
3439	-1
3440	4455486
3441	-1
3442	-1
3443	-1
3444	4459650
3445	-1
3446	-1
3447	-1
3448	4463814
3449	-1
3450	-1
3451	-1
3452	-1
3453	4467978
3454	-1
3455	-1
3456	-1
3457	4472142
3458	-1
3459	-1
3460	-1
3461	4476306
3462	-1
3463	-1
3464	-1
3465	4480470
3466	-1
3467	-1
3468	-1
3469	4484634
3470	-1
3471	-1
3472	-1
3473	4488798
3474	-1
3475	-1
3476	-1
3477	4492962
3478	-1
3479	-1
3480	-1
3481	-1
3482	4497126
3483	-1
3484	-1
3485	-1
3486	4501290
3487	-1
3488	-1
3489	-1
3490	4505454
3491	-1
3492	-1
3493	-1
3494	4509618
3495	-1
3496	-1
3497	-1
3498	4513782
3499	-1
3500	-1
3501	-1
3502	4517946
3503	-1
3504	-1
3505	-1
3506	-1
3507	4522110
3508	-1
3509	-1
3510	-1
3511	4526274
3512	-1
3513	-1
3514	-1
3515	4530438
3516	-1
3517	-1
3518	-1
3519	4534602
3520	-1
3521	-1
3522	-1
3523	4538766
3524	-1
3525	-1
3526	-1
3527	4542930
3528	-1
3529	-1
3530	-1
3531	-1
3532	4547094
3533	-1
3534	-1
3535	-1
3536	4551258
3537	-1
3538	-1
3539	-1
3540	4555422
3541	-1
3542	-1
3543	-1
3544	4559586
3545	-1
3546	-1
3547	-1
3548	4563750
3549	-1
3550	-1
3551	-1
3552	4567914
3553	-1
3554	-1
3555	-1
3556	-1
3557	4572078
3558	-1
3559	-1
3560	-1
3561	4576242
3562	-1
3563	-1
3564	-1
3565	4580406
3566	-1
3567	-1
3568	-1
3569	4584570
3570	-1
3571	-1
3572	-1
3573	4588734
3574	-1
3575	-1
3576	-1
3577	4592898
3578	-1
3579	-1
3580	-1
3581	-1
3582	4597062
3583	-1
3584	-1
3585	-1
3586	4601226
3587	-1
3588	-1
3589	-1
3590	4605390
3591	-1
3592	-1
3593	-1
3594	4609554
3595	-1
3596	-1
3597	-1
3598	4613718
3599	-1
3600	-1
3601	-1
3602	4617882
3603	-1
3604	-1
3605	-1
3606	-1
3607	4622046
3608	-1
3609	-1
3610	-1
3611	4626210
3612	-1
3613	-1
3614	-1
3615	4630374
3616	-1
3617	-1
3618	-1
3619	4634538
3620	-1
3621	-1
3622	-1
3623	4638702
3624	-1
3625	-1
3626	-1
3627	4642866
3628	-1
3629	-1
3630	-1
3631	-1
3632	4647030
3633	-1
3634	-1
3635	-1
3636	4651194
3637	-1
3638	-1
3639	-1
3640	4655358
3641	-1
3642	-1
3643	-1
3644	4659522
3645	-1
3646	-1
3647	-1
3648	4663686
3649	-1
3650	-1
3651	-1
3652	4667850
3653	-1
3654	-1
3655	-1
3656	-1
3657	4672014
3658	-1
3659	-1
3660	-1
3661	4676178
3662	-1
3663	-1
3664	-1
3665	4680342
3666	-1
3667	-1
3668	-1
3669	4684506
3670	-1
3671	-1
3672	-1
3673	4688670
3674	-1
3675	-1
3676	-1
3677	4692834
3678	-1
3679	-1
3680	-1
3681	-1
3682	4696998
3683	-1
3684	-1
3685	-1
3686	4701162
3687	-1
3688	-1
3689	-1
3690	4705326
3691	-1
3692	-1
3693	-1
3694	4709490
3695	-1
3696	-1
3697	-1
3698	4713654
3699	-1
3700	-1
3701	-1
3702	4717818
3703	-1
3704	-1
3705	-1
3706	-1
3707	4721982
3708	-1
3709	-1
3710	-1
3711	4726146
3712	-1
3713	-1
3714	-1
3715	4730310
3716	-1
3717	-1
3718	-1
3719	4734474
3720	-1
3721	-1
3722	-1
3723	4738638
3724	-1
3725	-1
3726	-1
3727	4742802
3728	-1
3729	-1
3730	-1
3731	4746966
3732	-1
3733	-1
3734	-1
3735	-1
3736	4751130
3737	-1
3738	-1
3739	-1
3740	4755294
3741	-1
3742	-1
3743	-1
3744	4759458
3745	-1
3746	-1
3747	-1
3748	4763622
3749	-1
3750	-1
3751	-1
3752	4767786
3753	-1
3754	-1
3755	-1
3756	4771950
3757	-1
3758	-1
3759	-1
3760	-1
3761	4776114
3762	-1
3763	-1
3764	-1
3765	4780278
3766	-1
3767	-1
3768	-1
3769	4784442
3770	-1
3771	-1
3772	-1
3773	4788606
3774	-1
3775	-1
3776	-1
3777	4792770
3778	-1
3779	-1
3780	-1
3781	4796934
3782	-1
3783	-1
3784	-1
3785	-1
3786	4801098
3787	-1
3788	-1
3789	-1
3790	4805262
3791	-1
3792	-1
3793	-1
3794	4809426
3795	-1
3796	-1
3797	-1
3798	4813590
3799	-1
3800	-1
3801	-1
3802	4817754
3803	-1
3804	-1
3805	-1
3806	4821918
3807	-1
3808	-1
3809	-1
3810	-1
3811	4826082
3812	-1
3813	-1
3814	-1
3815	4830246
3816	-1
3817	-1
3818	-1
3819	4834410
3820	-1
3821	-1
3822	-1
3823	4838574
3824	-1
3825	-1
3826	-1
3827	4842738
3828	-1
3829	-1
3830	-1
3831	4846902
3832	-1
3833	-1
3834	-1
3835	-1
3836	4851066
3837	-1
3838	-1
3839	-1
3840	4855230
3841	-1
3842	-1
3843	-1
3844	4859394
3845	-1
3846	-1
3847	-1
3848	4863558
3849	-1
3850	-1
3851	-1
3852	4867722
3853	-1
3854	-1
3855	-1
3856	4871886
3857	-1
3858	-1
3859	-1
3860	-1
3861	4876050
3862	-1
3863	-1
3864	-1
3865	4880214
3866	-1
3867	-1
3868	-1
3869	4884378
3870	-1
3871	-1
3872	-1
3873	4888542
3874	-1
3875	-1
3876	-1
3877	4892706
3878	-1
3879	-1
3880	-1
3881	4896870
3882	-1
3883	-1
3884	-1
3885	-1
3886	4901034
3887	-1
3888	-1
3889	-1
3890	4905198
3891	-1
3892	-1
3893	-1
3894	4909362
3895	-1
3896	-1
3897	-1
3898	4913526
3899	-1
3900	-1
3901	-1
3902	4917690
3903	-1
3904	-1
3905	-1
3906	4921854
3907	-1
3908	-1
3909	-1
3910	-1
3911	4926018
3912	-1
3913	-1
3914	-1
3915	4930182
3916	-1
3917	-1
3918	-1
3919	4934346
3920	-1
3921	-1
3922	-1
3923	4938510
3924	-1
3925	-1
3926	-1
3927	4942674
3928	-1
3929	-1
3930	-1
3931	4946838
3932	-1
3933	-1
3934	-1
3935	-1
3936	4951002
3937	-1
3938	-1
3939	-1
3940	4955166
3941	-1
3942	-1
3943	-1
3944	4959330
3945	-1
3946	-1
3947	-1
3948	4963494
3949	-1
3950	-1
3951	-1
3952	4967658
3953	-1
3954	-1
3955	-1
3956	4971822
3957	-1
3958	-1
3959	-1
3960	-1
3961	4975986
3962	-1
3963	-1
3964	-1
3965	4980150
3966	-1
3967	-1
3968	-1
3969	4984314
3970	-1
3971	-1
3972	-1
3973	4988478
3974	-1
3975	-1
3976	-1
3977	4992642
3978	-1
3979	-1
3980	-1
3981	4996806
3982	-1
3983	-1
3984	-1
3985	5000970
3986	-1
3987	-1
3988	-1
3989	-1
3990	5005134
3991	-1
3992	-1
3993	-1
3994	5009298
3995	-1
3996	-1
3997	-1
3998	5013462
3999	-1
4000	-1
4001	-1
4002	5017626
4003	-1
4004	-1
4005	-1
4006	5021790
4007	-1
4008	-1
4009	-1
4010	5025954
4011	-1
4012	-1
4013	-1
4014	-1
4015	5030118
4016	-1
4017	-1
4018	-1
4019	5034282
4020	-1
4021	-1
4022	-1
4023	5038446
4024	-1
4025	-1
4026	-1
4027	5042610
4028	-1
4029	-1
4030	-1
4031	5046774
4032	-1
4033	-1
4034	-1
4035	5050938
4036	-1
4037	-1
4038	-1
4039	-1
4040	5055102
4041	-1
4042	-1
4043	-1
4044	5059266
4045	-1
4046	-1
4047	-1
4048	5063430
4049	-1
4050	-1
4051	-1
4052	5067594
4053	-1
4054	-1
4055	-1
4056	5071758
4057	-1
4058	-1
4059	-1
4060	5075922
4061	-1
4062	-1
4063	-1
4064	-1
4065	5080086
4066	-1
4067	-1
4068	-1
4069	5084250
4070	-1
4071	-1
4072	-1
4073	5088414
4074	-1
4075	-1
4076	-1
4077	5092578
4078	-1
4079	-1
4080	-1
4081	5096742
4082	-1
4083	-1
4084	-1
4085	5100906
4086	-1
4087	-1
4088	-1
4089	-1
4090	5105070
4091	-1
4092	-1
4093	-1
4094	5109234
4095	-1
4096	-1
4097	-1
4098	5113398
4099	-1
4100	-1
4101	-1
4102	5117562
4103	-1
4104	-1
4105	-1
4106	5121726
4107	-1
4108	-1
4109	-1
4110	5125890
4111	-1
4112	-1
4113	-1
4114	-1
4115	5130054
4116	-1
4117	-1
4118	-1
4119	5134218
4120	-1
4121	-1
4122	-1
4123	5138382
4124	-1
4125	-1
4126	-1
4127	5142546
4128	-1
4129	-1
4130	-1
4131	5146710
4132	-1
4133	-1
4134	-1
4135	5150874
4136	-1
4137	-1
4138	-1
4139	-1
4140	5155038
4141	-1
4142	-1
4143	-1
4144	5159202
4145	-1
4146	-1
4147	-1
4148	5163366
4149	-1
4150	-1
4151	-1
4152	5167530
4153	-1
4154	-1
4155	-1
4156	5171694
4157	-1
4158	-1
4159	-1
4160	5175858
4161	-1
4162	-1
4163	-1
4164	-1
4165	5180022
4166	-1
4167	-1
4168	-1
4169	5184186
4170	-1
4171	-1
4172	-1
4173	5188350
4174	-1
4175	-1
4176	-1
4177	5192514
4178	-1
4179	-1
4180	-1
4181	5196678
4182	-1
4183	-1
4184	-1
4185	5200842
4186	-1
4187	-1
4188	-1
4189	-1
4190	5205006
4191	-1
4192	-1
4193	-1
4194	5209170
4195	-1
4196	-1
4197	-1
4198	5213334
4199	-1
4200	-1
4201	-1
4202	5217498
4203	-1
4204	-1
4205	-1
4206	5221662
4207	-1
4208	-1
4209	-1
4210	5225826
4211	-1
4212	-1
4213	-1
4214	-1
4215	5229990
4216	-1
4217	-1
4218	-1
4219	5234154
4220	-1
4221	-1
4222	-1
4223	5238318
4224	-1
4225	-1
4226	-1
4227	5242482
4228	-1
4229	-1
4230	-1
4231	5246646
4232	-1
4233	-1
4234	-1
4235	5250810
4236	-1
4237	-1
4238	-1
4239	5254974
4240	-1
4241	-1
4242	-1
4243	-1
4244	5259138
4245	-1
4246	-1
4247	-1
4248	5263302
4249	-1
4250	-1
4251	-1
4252	5267466
4253	-1
4254	-1
4255	-1
4256	5271630
4257	-1
4258	-1
4259	-1
4260	5275794
4261	-1
4262	-1
4263	-1
4264	5279958
4265	-1
4266	-1
4267	-1
4268	-1
4269	5284122
4270	-1
4271	-1
4272	-1
4273	5288286
4274	-1
4275	-1
4276	-1
4277	5292450
4278	-1
4279	-1
4280	-1
4281	5296614
4282	-1
4283	-1
4284	-1
4285	5300778
4286	-1
4287	-1
4288	-1
4289	5304942
4290	-1
4291	-1
4292	-1
4293	-1
4294	5309106
4295	-1
4296	-1
4297	-1
4298	5313270
4299	-1
4300	-1
4301	-1
4302	5317434
4303	-1
4304	-1
4305	-1
4306	5321598
4307	-1
4308	-1
4309	-1
4310	5325762
4311	-1
4312	-1
4313	-1
4314	5329926
4315	-1
4316	-1
4317	-1
4318	-1
4319	5334090
4320	-1
4321	-1
4322	-1
4323	5338254
4324	-1
4325	-1
4326	-1
4327	5342418
4328	-1
4329	-1
4330	-1
4331	5346582
4332	-1
4333	-1
4334	-1
4335	5350746
4336	-1
4337	-1
4338	-1
4339	5354910
4340	-1
4341	-1
4342	-1
4343	-1
4344	5359074
4345	-1
4346	-1
4347	-1
4348	5363238
4349	-1
4350	-1
4351	-1
4352	5367402
4353	-1
4354	-1
4355	-1
4356	5371566
4357	-1
4358	-1
4359	-1
4360	5375730
4361	-1
4362	-1
4363	-1
4364	5379894
4365	-1
4366	-1
4367	-1
4368	-1
4369	5384058
4370	-1
4371	-1
4372	-1
4373	5388222
4374	-1
4375	-1
4376	-1
4377	5392386
4378	-1
4379	-1
4380	-1
4381	5396550
4382	-1
4383	-1
4384	-1
4385	5400714
4386	-1
4387	-1
4388	-1
4389	5404878
4390	-1
4391	-1
4392	-1
4393	-1
4394	5409042
4395	-1
4396	-1
4397	-1
4398	5413206
4399	-1
4400	-1
4401	-1
4402	5417370
4403	-1
4404	-1
4405	-1
4406	5421534
4407	-1
4408	-1
4409	-1
4410	5425698
4411	-1
4412	-1
4413	-1
4414	5429862
4415	-1
4416	-1
4417	-1
4418	-1
4419	5434026
4420	-1
4421	-1
4422	-1
4423	5438190
4424	-1
4425	-1
4426	-1
4427	5442354
4428	-1
4429	-1
4430	-1
4431	5446518
4432	-1
4433	-1
4434	-1
4435	5450682
4436	-1
4437	-1
4438	-1
4439	5454846
4440	-1
4441	-1
4442	-1
4443	-1
4444	5459010
4445	-1
4446	-1
4447	-1
4448	5463174
4449	-1
4450	-1
4451	-1
4452	5467338
4453	-1
4454	-1
4455	-1
4456	5471502
4457	-1
4458	-1
4459	-1
4460	5475666
4461	-1
4462	-1
4463	-1
4464	5479830
4465	-1
4466	-1
4467	-1
4468	-1
4469	5483994
4470	-1
4471	-1
4472	-1
4473	5488158
4474	-1
4475	-1
4476	-1
4477	5492322
4478	-1
4479	-1
4480	-1
4481	5496486
4482	-1
4483	-1
4484	-1
4485	5500650
4486	-1
4487	-1
4488	-1
4489	5504814
4490	-1
4491	-1
4492	-1
4493	-1
4494	5508978
4495	-1
4496	-1
4497	-1
4498	5513142
4499	-1
4500	-1
4501	-1
4502	5517306
4503	-1
4504	-1
4505	-1
4506	5521470
4507	-1
4508	-1
4509	-1
4510	5525634
4511	-1
4512	-1
4513	-1
4514	5529798
4515	-1
4516	-1
4517	-1
4518	5533962
4519	-1
4520	-1
4521	-1
4522	-1
4523	5538126
4524	-1
4525	-1
4526	-1
4527	5542290
4528	-1
4529	-1
4530	-1
4531	5546454
4532	-1
4533	-1
4534	-1
4535	5550618
4536	-1
4537	-1
4538	-1
4539	5554782
4540	-1
4541	-1
4542	-1
4543	5558946
4544	-1
4545	-1
4546	-1
4547	-1
4548	5563110
4549	-1
4550	-1
4551	-1
4552	5567274
4553	-1
4554	-1
4555	-1
4556	5571438
4557	-1
4558	-1
4559	-1
4560	5575602
4561	-1
4562	-1
4563	-1
4564	5579766
4565	-1
4566	-1
4567	-1
4568	5583930
4569	-1
4570	-1
4571	-1
4572	-1
4573	5588094
4574	-1
4575	-1
4576	-1
4577	5592258
4578	-1
4579	-1
4580	-1
4581	5596422
4582	-1
4583	-1
4584	-1
4585	5600586
4586	-1
4587	-1
4588	-1
4589	5604750
4590	-1
4591	-1
4592	-1
4593	5608914
4594	-1
4595	-1
4596	-1
4597	-1
4598	5613078
4599	-1
4600	-1
4601	-1
4602	5617242
4603	-1
4604	-1
4605	-1
4606	5621406
4607	-1
4608	-1
4609	-1
4610	5625570
4611	-1
4612	-1
4613	-1
4614	5629734
4615	-1
4616	-1
4617	-1
4618	5633898
4619	-1
4620	-1
4621	-1
4622	-1
4623	5638062
4624	-1
4625	-1
4626	-1
4627	5642226
4628	-1
4629	-1
4630	-1
4631	5646390
4632	-1
4633	-1
4634	-1
4635	5650554
4636	-1
4637	-1
4638	-1
4639	5654718
4640	-1
4641	-1
4642	-1
4643	5658882
4644	-1
4645	-1
4646	-1
4647	-1
4648	5663046
4649	-1
4650	-1
4651	-1
4652	5667210
4653	-1
4654	-1
4655	-1
4656	5671374
4657	-1
4658	-1
4659	-1
4660	5675538
4661	-1
4662	-1
4663	-1
4664	5679702
4665	-1
4666	-1
4667	-1
4668	5683866
4669	-1
4670	-1
4671	-1
4672	-1
4673	5688030
4674	-1
4675	-1
4676	-1
4677	5692194
4678	-1
4679	-1
4680	-1
4681	5696358
4682	-1
4683	-1
4684	-1
4685	5700522
4686	-1
4687	-1
4688	-1
4689	5704686
4690	-1
4691	-1
4692	-1
4693	5708850
4694	-1
4695	-1
4696	-1
4697	-1
4698	5713014
4699	-1
4700	-1
4701	-1
4702	5717178
4703	-1
4704	-1
4705	-1
4706	5721342
4707	-1
4708	-1
4709	-1
4710	5725506
4711	-1
4712	-1
4713	-1
4714	5729670
4715	-1
4716	-1
4717	-1
4718	5733834
4719	-1
4720	-1
4721	-1
4722	-1
4723	5737998
4724	-1
4725	-1
4726	-1
4727	5742162
4728	-1
4729	-1
4730	-1
4731	5746326
4732	-1
4733	-1
4734	-1
4735	5750490
4736	-1
4737	-1
4738	-1
4739	5754654
4740	-1
4741	-1
4742	-1
4743	5758818
4744	-1
4745	-1
4746	-1
4747	-1
4748	5762982
4749	-1
4750	-1
4751	-1
4752	5767146
4753	-1
4754	-1
4755	-1
4756	5771310
4757	-1
4758	-1
4759	-1
4760	5775474
4761	-1
4762	-1
4763	-1
4764	5779638
4765	-1
4766	-1
4767	-1
4768	5783802
4769	-1
4770	-1
4771	-1
4772	5787966
4773	-1
4774	-1
4775	-1
4776	-1
4777	5792130
4778	-1
4779	-1
4780	-1
4781	5796294
4782	-1
4783	-1
4784	-1
4785	5800458
4786	-1
4787	-1
4788	-1
4789	5804622
4790	-1
4791	-1
4792	-1
4793	5808786
4794	-1
4795	-1
4796	-1
4797	5812950
4798	-1
4799	-1
4800	-1
4801	-1
4802	5817114
4803	-1
4804	-1
4805	-1
4806	5821278
4807	-1
4808	-1
4809	-1
4810	5825442
4811	-1
4812	-1
4813	-1
4814	5829606
4815	-1
4816	-1
4817	-1
4818	5833770
4819	-1
4820	-1
4821	-1
4822	5837934
4823	-1
4824	-1
4825	-1
4826	-1
4827	5842098
4828	-1
4829	-1
4830	-1
4831	5846262
4832	-1
4833	-1
4834	-1
4835	5850426
4836	-1
4837	-1
4838	-1
4839	5854590
4840	-1
4841	-1
4842	-1
4843	5858754
4844	-1
4845	-1
4846	-1
4847	5862918
4848	-1
4849	-1
4850	-1
4851	-1
4852	5867082
4853	-1
4854	-1
4855	-1
4856	5871246
4857	-1
4858	-1
4859	-1
4860	5875410
4861	-1
4862	-1
4863	-1
4864	5879574
4865	-1
4866	-1
4867	-1
4868	5883738
4869	-1
4870	-1
4871	-1
4872	5887902
4873	-1
4874	-1
4875	-1
4876	-1
4877	5892066
4878	-1
4879	-1
4880	-1
4881	5896230
4882	-1
4883	-1
4884	-1
4885	5900394
4886	-1
4887	-1
4888	-1
4889	5904558
4890	-1
4891	-1
4892	-1
4893	5908722
4894	-1
4895	-1
4896	-1
4897	5912886
4898	-1
4899	-1
4900	-1
4901	-1
4902	5917050
4903	-1
4904	-1
4905	-1
4906	5921214
4907	-1
4908	-1
4909	-1
4910	5925378
4911	-1
4912	-1
4913	-1
4914	5929542
4915	-1
4916	-1
4917	-1
4918	5933706
4919	-1
4920	-1
4921	-1
4922	5937870
4923	-1
4924	-1
4925	-1
4926	-1
4927	5942034
4928	-1
4929	-1
4930	-1
4931	5946198
4932	-1
4933	-1
4934	-1
4935	5950362
4936	-1
4937	-1
4938	-1
4939	5954526
4940	-1
4941	-1
4942	-1
4943	5958690
4944	-1
4945	-1
4946	-1
4947	5962854
4948	-1
4949	-1
4950	-1
4951	-1
4952	5967018
4953	-1
4954	-1
4955	-1
4956	5971182
4957	-1
4958	-1
4959	-1
4960	5975346
4961	-1
4962	-1
4963	-1
4964	5979510
4965	-1
4966	-1
4967	-1
4968	5983674
4969	-1
4970	-1
4971	-1
4972	5987838
4973	-1
4974	-1
4975	-1
4976	-1
4977	5992002
4978	-1
4979	-1
4980	-1
4981	5996166
4982	-1
4983	-1
4984	-1
4985	6000330
4986	-1
4987	-1
4988	-1
4989	6004494
4990	-1
4991	-1
4992	-1
4993	6008658
4994	-1
4995	-1
4996	-1
4997	6012822
4998	-1
4999	-1
5000	-1
5001	-1
5002	6016986
5003	-1
5004	-1
5005	-1
5006	6021150
5007	-1
5008	-1
5009	-1
5010	6025314
5011	-1
5012	-1
5013	-1
5014	6029478
5015	-1
5016	-1
5017	-1
5018	6033642
5019	-1
5020	-1
5021	-1
5022	6037806
5023	-1
5024	-1
5025	-1
5026	6041970
5027	-1
5028	-1
5029	-1
5030	-1
5031	6046134
5032	-1
5033	-1
5034	-1
5035	6050298
5036	-1
5037	-1
5038	-1
5039	6054462
5040	-1
5041	-1
5042	-1
5043	6058626
5044	-1
5045	-1
5046	-1
5047	6062790
5048	-1
5049	-1
5050	-1
5051	6066954
5052	-1
5053	-1
5054	-1
5055	-1
5056	6071118
5057	-1
5058	-1
5059	-1
5060	6075282
5061	-1
5062	-1
5063	-1
5064	6079446
5065	-1
5066	-1
5067	-1
5068	6083610
5069	-1
5070	-1
5071	-1
5072	6087774
5073	-1
5074	-1
5075	-1
5076	6091938
5077	-1
5078	-1
5079	-1
5080	-1
5081	6096102
5082	-1
5083	-1
5084	-1
5085	6100266
5086	-1
5087	-1
5088	-1
5089	6104430
5090	-1
5091	-1
5092	-1
5093	6108594
5094	-1
5095	-1
5096	-1
5097	6112758
5098	-1
5099	-1
5100	-1
5101	6116922
5102	-1
5103	-1
5104	-1
5105	-1
5106	6121086
5107	-1
5108	-1
5109	-1
5110	6125250
5111	-1
5112	-1
5113	-1
5114	6129414
5115	-1
5116	-1
5117	-1
5118	6133578
5119	-1
5120	-1
5121	-1
5122	6137742
5123	-1
5124	-1
5125	-1
5126	6141906
5127	-1
5128	-1
5129	-1
5130	-1
5131	6146070
5132	-1
5133	-1
5134	-1
5135	6150234
5136	-1
5137	-1
5138	-1
5139	6154398
5140	-1
5141	-1
5142	-1
5143	6158562
5144	-1
5145	-1
5146	-1
5147	6162726
5148	-1
5149	-1
5150	-1
5151	6166890
5152	-1
5153	-1
5154	-1
5155	-1
5156	6171054
5157	-1
5158	-1
5159	-1
5160	6175218
5161	-1
5162	-1
5163	-1
5164	6179382
5165	-1
5166	-1
5167	-1
5168	6183546
5169	-1
5170	-1
5171	-1
5172	6187710
5173	-1
5174	-1
5175	-1
5176	6191874
5177	-1
5178	-1
5179	-1
5180	-1
5181	6196038
5182	-1
5183	-1
5184	-1
5185	6200202
5186	-1
5187	-1
5188	-1
5189	6204366
5190	-1
5191	-1
5192	-1
5193	6208530
5194	-1
5195	-1
5196	-1
5197	6212694
5198	-1
5199	-1
5200	-1
5201	6216858
5202	-1
5203	-1
5204	-1
5205	-1
5206	6221022
5207	-1
5208	-1
5209	-1
5210	6225186
5211	-1
5212	-1
5213	-1
5214	6229350
5215	-1
5216	-1
5217	-1
5218	6233514
5219	-1
5220	-1
5221	-1
5222	6237678
5223	-1
5224	-1
5225	-1
5226	6241842
5227	-1
5228	-1
5229	-1
5230	-1
5231	6246006
5232	-1
5233	-1
5234	-1
5235	6250170
5236	-1
5237	-1
5238	-1
5239	6254334
5240	-1
5241	-1
5242	-1
5243	6258498
5244	-1
5245	-1
5246	-1
5247	6262662
5248	-1
5249	-1
5250	-1
5251	6266826
5252	-1
5253	-1
5254	-1
5255	-1
5256	6270990
5257	-1
5258	-1
5259	-1
5260	6275154
5261	-1
5262	-1
5263	-1
5264	6279318
5265	-1
5266	-1
5267	-1
5268	6283482
5269	-1
5270	-1
5271	-1
5272	6287646
5273	-1
5274	-1
5275	-1
5276	6291810
5277	-1
5278	-1
5279	-1
5280	6295974
5281	-1
5282	-1
5283	-1
5284	-1
5285	6300138
5286	-1
5287	-1
5288	-1
5289	6304302
5290	-1
5291	-1
5292	-1
5293	6308466
5294	-1
5295	-1
5296	-1
5297	6312630
5298	-1
5299	-1
5300	-1
5301	6316794
5302	-1
5303	-1
5304	-1
5305	6320958
5306	-1
5307	-1
5308	-1
5309	-1
5310	6325122
5311	-1
5312	-1
5313	-1
5314	6329286
5315	-1
5316	-1
5317	-1
5318	6333450
5319	-1
5320	-1
5321	-1
5322	6337614
5323	-1
5324	-1
5325	-1
5326	6341778
5327	-1
5328	-1
5329	-1
5330	6345942
5331	-1
5332	-1
5333	-1
5334	-1
5335	6350106
5336	-1
5337	-1
5338	-1
5339	6354270
5340	-1
5341	-1
5342	-1
5343	6358434
5344	-1
5345	-1
5346	-1
5347	6362598
5348	-1
5349	-1
5350	-1
5351	6366762
5352	-1
5353	-1
5354	-1
5355	6370926
5356	-1
5357	-1
5358	-1
5359	-1
5360	6375090
5361	-1
5362	-1
5363	-1
5364	6379254
5365	-1
5366	-1
5367	-1
5368	6383418
5369	-1
5370	-1
5371	-1
5372	6387582
5373	-1
5374	-1
5375	-1
5376	6391746
5377	-1
5378	-1
5379	-1
5380	6395910
5381	-1
5382	-1
5383	-1
5384	-1
5385	6400074
5386	-1
5387	-1
5388	-1
5389	6404238
5390	-1
5391	-1
5392	-1
5393	6408402
5394	-1
5395	-1
5396	-1
5397	6412566
5398	-1
5399	-1
5400	-1
5401	6416730
5402	-1
5403	-1
5404	-1
5405	6420894
5406	-1
5407	-1
5408	-1
5409	-1
5410	6425058
5411	-1
5412	-1
5413	-1
5414	6429222
5415	-1
5416	-1
5417	-1
5418	6433386
5419	-1
5420	-1
5421	-1
5422	6437550
5423	-1
5424	-1
5425	-1
5426	6441714
5427	-1
5428	-1
5429	-1
5430	6445878
5431	-1
5432	-1
5433	-1
5434	-1
5435	6450042
5436	-1
5437	-1
5438	-1
5439	6454206
5440	-1
5441	-1
5442	-1
5443	6458370
5444	-1
5445	-1
5446	-1
5447	6462534
5448	-1
5449	-1
5450	-1
5451	6466698
5452	-1
5453	-1
5454	-1
5455	6470862
5456	-1
5457	-1
5458	-1
5459	-1
5460	6475026
5461	-1
5462	-1
5463	-1
5464	6479190
5465	-1
5466	-1
5467	-1
5468	6483354
5469	-1
5470	-1
5471	-1
5472	6487518
5473	-1
5474	-1
5475	-1
5476	6491682
5477	-1
5478	-1
5479	-1
5480	6495846
5481	-1
5482	-1
5483	-1
5484	-1
5485	6500010
5486	-1
5487	-1
5488	-1
5489	6504174
5490	-1
5491	-1
5492	-1
5493	6508338
5494	-1
5495	-1
5496	-1
5497	6512502
5498	-1
5499	-1
5500	-1
5501	6516666
5502	-1
5503	-1
5504	-1
5505	6520830
5506	-1
5507	-1
5508	-1
5509	-1
5510	6524994
5511	-1
5512	-1
5513	-1
5514	6529158
5515	-1
5516	-1
5517	-1
5518	6533322
5519	-1
5520	-1
5521	-1
5522	6537486
5523	-1
5524	-1
5525	-1
5526	6541650
5527	-1
5528	-1
5529	-1
5530	6545814
5531	-1
5532	-1
5533	-1
5534	-1
5535	6549978
5536	-1
5537	-1
5538	-1
5539	6554142
5540	-1
5541	-1
5542	-1
5543	6558306
5544	-1
5545	-1
5546	-1
5547	6562470
5548	-1
5549	-1
5550	-1
5551	6566634
5552	-1
5553	-1
5554	-1
5555	6570798
5556	-1
5557	-1
5558	-1
5559	6574962
5560	-1
5561	-1
5562	-1
5563	-1
5564	6579126
5565	-1
5566	-1
5567	-1
5568	6583290
5569	-1
5570	-1
5571	-1
5572	6587454
5573	-1
5574	-1
5575	-1
5576	6591618
5577	-1
5578	-1
5579	-1
5580	6595782
5581	-1
5582	-1
5583	-1
5584	6599946
5585	-1
5586	-1
5587	-1
5588	-1
5589	6604110
5590	-1
5591	-1
5592	-1
5593	6608274
5594	-1
5595	-1
5596	-1
5597	6612438
5598	-1
5599	-1
5600	-1
5601	6616602
5602	-1
5603	-1
5604	-1
5605	6620766
5606	-1
5607	-1
5608	-1
5609	6624930
5610	-1
5611	-1
5612	-1
5613	-1
5614	6629094
5615	-1
5616	-1
5617	-1
5618	6633258
5619	-1
5620	-1
5621	-1
5622	6637422
5623	-1
5624	-1
5625	-1
5626	6641586
5627	-1
5628	-1
5629	-1
5630	6645750
5631	-1
5632	-1
5633	-1
5634	6649914
5635	-1
5636	-1
5637	-1
5638	-1
5639	6654078
5640	-1
5641	-1
5642	-1
5643	6658242
5644	-1
5645	-1
5646	-1
5647	6662406
5648	-1
5649	-1
5650	-1
5651	6666570
5652	-1
5653	-1
5654	-1
5655	6670734
5656	-1
5657	-1
5658	-1
5659	6674898
5660	-1
5661	-1
5662	-1
5663	-1
5664	6679062
5665	-1
5666	-1
5667	-1
5668	6683226
5669	-1
5670	-1
5671	-1
5672	6687390
5673	-1
5674	-1
5675	-1
5676	6691554
5677	-1
5678	-1
5679	-1
5680	6695718
5681	-1
5682	-1
5683	-1
5684	6699882
5685	-1
5686	-1
5687	-1
5688	-1
5689	6704046
5690	-1
5691	-1
5692	-1
5693	6708210
5694	-1
5695	-1
5696	-1
5697	6712374
5698	-1
5699	-1
5700	-1
5701	6716538
5702	-1
5703	-1
5704	-1
5705	6720702
5706	-1
5707	-1
5708	-1
5709	6724866
5710	-1
5711	-1
5712	-1
5713	-1
5714	6729030
5715	-1
5716	-1
5717	-1
5718	6733194
5719	-1
5720	-1
5721	-1
5722	6737358
5723	-1
5724	-1
5725	-1
5726	6741522
5727	-1
5728	-1
5729	-1
5730	6745686
5731	-1
5732	-1
5733	-1
5734	6749850
5735	-1
5736	-1
5737	-1
5738	-1
5739	6754014
5740	-1
5741	-1
5742	-1
5743	6758178
5744	-1
5745	-1
5746	-1
5747	6762342
5748	-1
5749	-1
5750	-1
5751	6766506
5752	-1
5753	-1
5754	-1
5755	6770670
5756	-1
5757	-1
5758	-1
5759	6774834
5760	-1
5761	-1
5762	-1
5763	-1
5764	6778998
5765	-1
5766	-1
5767	-1
5768	6783162
5769	-1
5770	-1
5771	-1
5772	6787326
5773	-1
5774	-1
5775	-1
5776	6791490
5777	-1
5778	-1
5779	-1
5780	6795654
5781	-1
5782	-1
5783	-1
5784	6799818
5785	-1
5786	-1
5787	-1
5788	-1
5789	6803982
5790	-1
5791	-1
5792	-1
5793	6808146
5794	-1
5795	-1
5796	-1
5797	6812310
5798	-1
5799	-1
5800	-1
5801	6816474
5802	-1
5803	-1
5804	-1
5805	6820638
5806	-1
5807	-1
5808	-1
5809	6824802
5810	-1
5811	-1
5812	-1
5813	6828966
5814	-1
5815	-1
5816	-1
5817	-1
5818	6833130
5819	-1
5820	-1
5821	-1
5822	6837294
5823	-1
5824	-1
5825	-1
5826	6841458
5827	-1
5828	-1
5829	-1
5830	6845622
5831	-1
5832	-1
5833	-1
5834	6849786
5835	-1
5836	-1
5837	-1
5838	6853950
5839	-1
5840	-1
5841	-1
5842	-1
5843	6858114
5844	-1
5845	-1
5846	-1
5847	6862278
5848	-1
5849	-1
5850	-1
5851	6866442
5852	-1
5853	-1
5854	-1
5855	6870606
5856	-1
5857	-1
5858	-1
5859	6874770
5860	-1
5861	-1
5862	-1
5863	6878934
5864	-1
5865	-1
5866	-1
5867	-1
5868	6883098
5869	-1
5870	-1
5871	-1
5872	6887262
5873	-1
5874	-1
5875	-1
5876	6891426
5877	-1
5878	-1
5879	-1
5880	6895590
5881	-1
5882	-1
5883	-1
5884	6899754
5885	-1
5886	-1
5887	-1
5888	6903918
5889	-1
5890	-1
5891	-1
5892	-1
5893	6908082
5894	-1
5895	-1
5896	-1
5897	6912246
5898	-1
5899	-1
5900	-1
5901	6916410
5902	-1
5903	-1
5904	-1
5905	6920574
5906	-1
5907	-1
5908	-1
5909	6924738
5910	-1
5911	-1
5912	-1
5913	6928902
5914	-1
5915	-1
5916	-1
5917	-1
5918	6933066
5919	-1
5920	-1
5921	-1
5922	6937230
5923	-1
5924	-1
5925	-1
5926	6941394
5927	-1
5928	-1
5929	-1
5930	6945558
5931	-1
5932	-1
5933	-1
5934	6949722
5935	-1
5936	-1
5937	-1
5938	6953886
5939	-1
5940	-1
5941	-1
5942	-1
5943	6958050
5944	-1
5945	-1
5946	-1
5947	6962214
5948	-1
5949	-1
5950	-1
5951	6966378
5952	-1
5953	-1
5954	-1
5955	6970542
5956	-1
5957	-1
5958	-1
5959	6974706
5960	-1
5961	-1
5962	-1
5963	6978870
5964	-1
5965	-1
5966	-1
5967	-1
5968	6983034
5969	-1
5970	-1
5971	-1
5972	6987198
5973	-1
5974	-1
5975	-1
5976	6991362
5977	-1
5978	-1
5979	-1
5980	6995526
5981	-1
5982	-1
5983	-1
5984	6999690
5985	-1
5986	-1
5987	-1
5988	7003854
5989	-1
5990	-1
5991	-1
5992	-1
5993	7008018
5994	-1
5995	-1
5996	-1
5997	7012182
5998	-1
5999	-1
6000	-1
6001	7016346
6002	-1
6003	-1
6004	-1
6005	7020510
6006	-1
6007	-1
6008	-1
6009	7024674
6010	-1
6011	-1
6012	-1
6013	7028838
6014	-1
6015	-1
6016	-1
6017	-1
6018	7033002
6019	-1
6020	-1
6021	-1
6022	7037166
6023	-1
6024	-1
6025	-1
6026	7041330
6027	-1
6028	-1
6029	-1
6030	7045494
6031	-1
6032	-1
6033	-1
6034	7049658
6035	-1
6036	-1
6037	-1
6038	7053822
6039	-1
6040	-1
6041	-1
6042	-1
6043	7057986
6044	-1
6045	-1
6046	-1
6047	7062150
6048	-1
6049	-1
6050	-1
6051	7066314
6052	-1
6053	-1
6054	-1
6055	7070478
6056	-1
6057	-1
6058	-1
6059	7074642
6060	-1
6061	-1
6062	-1
6063	7078806
6064	-1
6065	-1
6066	-1
6067	7082970
6068	-1
6069	-1
6070	-1
6071	-1
6072	7087134
6073	-1
6074	-1
6075	-1
6076	7091298
6077	-1
6078	-1
6079	-1
6080	7095462
6081	-1
6082	-1
6083	-1
6084	7099626
6085	-1
6086	-1
6087	-1
6088	7103790
6089	-1
6090	-1
6091	-1
6092	7107954
6093	-1
6094	-1
6095	-1
6096	-1
6097	7112118
6098	-1
6099	-1
6100	-1
6101	7116282
6102	-1
6103	-1
6104	-1
6105	7120446
6106	-1
6107	-1
6108	-1
6109	7124610
6110	-1
6111	-1
6112	-1
6113	7128774
6114	-1
6115	-1
6116	-1
6117	7132938
6118	-1
6119	-1
6120	-1
6121	-1
6122	7137102
6123	-1
6124	-1
6125	-1
6126	7141266
6127	-1
6128	-1
6129	-1
6130	7145430
6131	-1
6132	-1
6133	-1
6134	7149594
6135	-1
6136	-1
6137	-1
6138	7153758
6139	-1
6140	-1
6141	-1
6142	7157922
6143	-1
6144	-1
6145	-1
6146	-1
6147	7162086
6148	-1
6149	-1
6150	-1
6151	7166250
6152	-1
6153	-1
6154	-1
6155	7170414
6156	-1
6157	-1
6158	-1
6159	7174578
6160	-1
6161	-1
6162	-1
6163	7178742
6164	-1
6165	-1
6166	-1
6167	7182906
6168	-1
6169	-1
6170	-1
6171	-1
6172	7187070
6173	-1
6174	-1
6175	-1
6176	7191234
6177	-1
6178	-1
6179	-1
6180	7195398
6181	-1
6182	-1
6183	-1
6184	7199562
6185	-1
6186	-1
6187	-1
6188	7203726
6189	-1
6190	-1
6191	-1
6192	7207890
6193	-1
6194	-1
6195	-1
6196	-1
6197	7212054
6198	-1
6199	-1
6200	-1
6201	7216218
6202	-1
6203	-1
6204	-1
6205	7220382
6206	-1
6207	-1
6208	-1
6209	7224546
6210	-1
6211	-1
6212	-1
6213	7228710
6214	-1
6215	-1
6216	-1
6217	7232874
6218	-1
6219	-1
6220	-1
6221	-1
6222	7237038
6223	-1
6224	-1
6225	-1
6226	7241202
6227	-1
6228	-1
6229	-1
6230	7245366
6231	-1
6232	-1
6233	-1
6234	7249530
6235	-1
6236	-1
6237	-1
6238	7253694
6239	-1
6240	-1
6241	-1
6242	7257858
6243	-1
6244	-1
6245	-1
6246	-1
6247	7262022
6248	-1
6249	-1
6250	-1
6251	7266186
6252	-1
6253	-1
6254	-1
6255	7270350
6256	-1
6257	-1
6258	-1
6259	7274514
6260	-1
6261	-1
6262	-1
6263	7278678
6264	-1
6265	-1
6266	-1
6267	7282842
6268	-1
6269	-1
6270	-1
6271	-1
6272	7287006
6273	-1
6274	-1
6275	-1
6276	7291170
6277	-1
6278	-1
6279	-1
6280	7295334
6281	-1
6282	-1
6283	-1
6284	7299498
6285	-1
6286	-1
6287	-1
6288	7303662
6289	-1
6290	-1
6291	-1
6292	7307826
6293	-1
6294	-1
6295	-1
6296	-1
6297	7311990
6298	-1
6299	-1
6300	-1
6301	7316154
6302	-1
6303	-1
6304	-1
6305	7320318
6306	-1
6307	-1
6308	-1
6309	7324482
6310	-1
6311	-1
6312	-1
6313	7328646
6314	-1
6315	-1
6316	-1
6317	7332810
6318	-1
6319	-1
6320	-1
6321	7336974
6322	-1
6323	-1
6324	-1
6325	-1
6326	7341138
6327	-1
6328	-1
6329	-1
6330	7345302
6331	-1
6332	-1
6333	-1
6334	7349466
6335	-1
6336	-1
6337	-1
6338	7353630
6339	-1
6340	-1
6341	-1
6342	7357794
6343	-1
6344	-1
6345	-1
6346	7361958
6347	-1
6348	-1
6349	-1
6350	-1
6351	7366122
6352	-1
6353	-1
6354	-1
6355	7370286
6356	-1
6357	-1
6358	-1
6359	7374450
6360	-1
6361	-1
6362	-1
6363	7378614
6364	-1
6365	-1
6366	-1
6367	7382778
6368	-1
6369	-1
6370	-1
6371	7386942
6372	-1
6373	-1
6374	-1
6375	-1
6376	7391106
6377	-1
6378	-1
6379	-1
6380	7395270
6381	-1
6382	-1
6383	-1
6384	7399434
6385	-1
6386	-1
6387	-1
6388	7403598
6389	-1
6390	-1
6391	-1
6392	7407762
6393	-1
6394	-1
6395	-1
6396	7411926
6397	-1
6398	-1
6399	-1
6400	-1
6401	7416090
6402	-1
6403	-1
6404	-1
6405	7420254
6406	-1
6407	-1
6408	-1
6409	7424418
6410	-1
6411	-1
6412	-1
6413	7428582
6414	-1
6415	-1
6416	-1
6417	7432746
6418	-1
6419	-1
6420	-1
6421	7436910
6422	-1
6423	-1
6424	-1
6425	-1
6426	7441074
6427	-1
6428	-1
6429	-1
6430	7445238
6431	-1
6432	-1
6433	-1
6434	7449402
6435	-1
6436	-1
6437	-1
6438	7453566
6439	-1
6440	-1
6441	-1
6442	7457730
6443	-1
6444	-1
6445	-1
6446	7461894
6447	-1
6448	-1
6449	-1
6450	-1
6451	7466058
6452	-1
6453	-1
6454	-1
6455	7470222
6456	-1
6457	-1
6458	-1
6459	7474386
6460	-1
6461	-1
6462	-1
6463	7478550
6464	-1
6465	-1
6466	-1
6467	7482714
6468	-1
6469	-1
6470	-1
6471	7486878
6472	-1
6473	-1
6474	-1
6475	-1
6476	7491042
6477	-1
6478	-1
6479	-1
6480	7495206
6481	-1
6482	-1
6483	-1
6484	7499370
6485	-1
6486	-1
6487	-1
6488	7503534
6489	-1
6490	-1
6491	-1
6492	7507698
6493	-1
6494	-1
6495	-1
6496	7511862
6497	-1
6498	-1
6499	-1
6500	-1
6501	7516026
6502	-1
6503	-1
6504	-1
6505	7520190
6506	-1
6507	-1
6508	-1
6509	7524354
6510	-1
6511	-1
6512	-1
6513	7528518
6514	-1
6515	-1
6516	-1
6517	7532682
6518	-1
6519	-1
6520	-1
6521	7536846
6522	-1
6523	-1
6524	-1
6525	-1
6526	7541010
6527	-1
6528	-1
6529	-1
6530	7545174
6531	-1
6532	-1
6533	-1
6534	7549338
6535	-1
6536	-1
6537	-1
6538	7553502
6539	-1
6540	-1
6541	-1
6542	7557666
6543	-1
6544	-1
6545	-1
6546	7561830
6547	-1
6548	-1
6549	-1
6550	-1
6551	7565994
6552	-1
6553	-1
6554	-1
6555	7570158
6556	-1
6557	-1
6558	-1
6559	7574322
6560	-1
6561	-1
6562	-1
6563	7578486
6564	-1
6565	-1
6566	-1
6567	7582650
6568	-1
6569	-1
6570	-1
6571	7586814
6572	-1
6573	-1
6574	-1
6575	-1
6576	7590978
6577	-1
6578	-1
6579	-1
6580	7595142
6581	-1
6582	-1
6583	-1
6584	7599306
6585	-1
6586	-1
6587	-1
6588	7603470
6589	-1
6590	-1
6591	-1
6592	7607634
6593	-1
6594	-1
6595	-1
6596	7611798
6597	-1
6598	-1
6599	-1
6600	7615962
6601	-1
6602	-1
6603	-1
6604	-1
6605	7620126
6606	-1
6607	-1
6608	-1
6609	7624290
6610	-1
6611	-1
6612	-1
6613	7628454
6614	-1
6615	-1
6616	-1
6617	7632618
6618	-1
6619	-1
6620	-1
6621	7636782
6622	-1
6623	-1
6624	-1
6625	7640946
6626	-1
6627	-1
6628	-1
6629	-1
6630	7645110
6631	-1
6632	-1
6633	-1
6634	7649274
6635	-1
6636	-1
6637	-1
6638	7653438
6639	-1
6640	-1
6641	-1
6642	7657602
6643	-1
6644	-1
6645	-1
6646	7661766
6647	-1
6648	-1
6649	-1
6650	7665930
6651	-1
6652	-1
6653	-1
6654	-1
6655	7670094
6656	-1
6657	-1
6658	-1
6659	7674258
6660	-1
6661	-1
6662	-1
6663	7678422
6664	-1
6665	-1
6666	-1
6667	7682586
6668	-1
6669	-1
6670	-1
6671	7686750
6672	-1
6673	-1
6674	-1
6675	7690914
6676	-1
6677	-1
6678	-1
6679	-1
6680	7695078
6681	-1
6682	-1
6683	-1
6684	7699242
6685	-1
6686	-1
6687	-1
6688	7703406
6689	-1
6690	-1
6691	-1
6692	7707570
6693	-1
6694	-1
6695	-1
6696	7711734
6697	-1
6698	-1
6699	-1
6700	7715898
6701	-1
6702	-1
6703	-1
6704	-1
6705	7720062
6706	-1
6707	-1
6708	-1
6709	7724226
6710	-1
6711	-1
6712	-1
6713	7728390
6714	-1
6715	-1
6716	-1
6717	7732554
6718	-1
6719	-1
6720	-1
6721	7736718
6722	-1
6723	-1
6724	-1
6725	7740882
6726	-1
6727	-1
6728	-1
6729	-1
6730	7745046
6731	-1
6732	-1
6733	-1
6734	7749210
6735	-1
6736	-1
6737	-1
6738	7753374
6739	-1
6740	-1
6741	-1
6742	7757538
6743	-1
6744	-1
6745	-1
6746	7761702
6747	-1
6748	-1
6749	-1
6750	7765866
6751	-1
6752	-1
6753	-1
6754	-1
6755	7770030
6756	-1
6757	-1
6758	-1
6759	7774194
6760	-1
6761	-1
6762	-1
6763	7778358
6764	-1
6765	-1
6766	-1
6767	7782522
6768	-1
6769	-1
6770	-1
6771	7786686
6772	-1
6773	-1
6774	-1
6775	7790850
6776	-1
6777	-1
6778	-1
6779	-1
6780	7795014
6781	-1
6782	-1
6783	-1
6784	7799178
6785	-1
6786	-1
6787	-1
6788	7803342
6789	-1
6790	-1
6791	-1
6792	7807506
6793	-1
6794	-1
6795	-1
6796	7811670
6797	-1
6798	-1
6799	-1
6800	7815834
6801	-1
6802	-1
6803	-1
6804	-1
6805	7819998
6806	-1
6807	-1
6808	-1
6809	7824162
6810	-1
6811	-1
6812	-1
6813	7828326
6814	-1
6815	-1
6816	-1
6817	7832490
6818	-1
6819	-1
6820	-1
6821	7836654
6822	-1
6823	-1
6824	-1
6825	7840818
6826	-1
6827	-1
6828	-1
6829	-1
6830	7844982
6831	-1
6832	-1
6833	-1
6834	7849146
6835	-1
6836	-1
6837	-1
6838	7853310
6839	-1
6840	-1
6841	-1
6842	7857474
6843	-1
6844	-1
6845	-1
6846	7861638
6847	-1
6848	-1
6849	-1
6850	7865802
6851	-1
6852	-1
6853	-1
6854	7869966
6855	-1
6856	-1
6857	-1
6858	-1
6859	7874130
6860	-1
6861	-1
6862	-1
6863	7878294
6864	-1
6865	-1
6866	-1
6867	7882458
6868	-1
6869	-1
6870	-1
6871	7886622
6872	-1
6873	-1
6874	-1
6875	7890786
6876	-1
6877	-1
6878	-1
6879	7894950
6880	-1
6881	-1
6882	-1
6883	-1
6884	7899114
6885	-1
6886	-1
6887	-1
6888	7903278
6889	-1
6890	-1
6891	-1
6892	7907442
6893	-1
6894	-1
6895	-1
6896	7911606
6897	-1
6898	-1
6899	-1
6900	7915770
6901	-1
6902	-1
6903	-1
6904	7919934
6905	-1
6906	-1
6907	-1
6908	-1
6909	7924098
6910	-1
6911	-1
6912	-1
6913	7928262
6914	-1
6915	-1
6916	-1
6917	7932426
6918	-1
6919	-1
6920	-1
6921	7936590
6922	-1
6923	-1
6924	-1
6925	7940754
6926	-1
6927	-1
6928	-1
6929	7944918
6930	-1
6931	-1
6932	-1
6933	-1
6934	7949082
6935	-1
6936	-1
6937	-1
6938	7953246
6939	-1
6940	-1
6941	-1
6942	7957410
6943	-1
6944	-1
6945	-1
6946	7961574
6947	-1
6948	-1
6949	-1
6950	7965738
6951	-1
6952	-1
6953	-1
6954	7969902
6955	-1
6956	-1
6957	-1
6958	-1
6959	7974066
6960	-1
6961	-1
6962	-1
6963	7978230
6964	-1
6965	-1
6966	-1
6967	7982394
6968	-1
6969	-1
6970	-1
6971	7986558
6972	-1
6973	-1
6974	-1
6975	7990722
6976	-1
6977	-1
6978	-1
6979	7994886
6980	-1
6981	-1
6982	-1
6983	-1
6984	7999050
6985	-1
6986	-1
6987	-1
6988	8003214
6989	-1
6990	-1
6991	-1
6992	8007378
6993	-1
6994	-1
6995	-1
6996	8011542
6997	-1
6998	-1
6999	-1
7000	8015706
7001	-1
7002	-1
7003	-1
7004	8019870
7005	-1
7006	-1
7007	-1
7008	-1
7009	8024034
7010	-1
7011	-1
7012	-1
7013	8028198
7014	-1
7015	-1
7016	-1
7017	8032362
7018	-1
7019	-1
7020	-1
7021	8036526
7022	-1
7023	-1
7024	-1
7025	8040690
7026	-1
7027	-1
7028	-1
7029	8044854
7030	-1
7031	-1
7032	-1
7033	-1
7034	8049018
7035	-1
7036	-1
7037	-1
7038	8053182
7039	-1
7040	-1
7041	-1
7042	8057346
7043	-1
7044	-1
7045	-1
7046	8061510
7047	-1
7048	-1
7049	-1
7050	8065674
7051	-1
7052	-1
7053	-1
7054	8069838
7055	-1
7056	-1
7057	-1
7058	-1
7059	8074002
7060	-1
7061	-1
7062	-1
7063	8078166
7064	-1
7065	-1
7066	-1
7067	8082330
7068	-1
7069	-1
7070	-1
7071	8086494
7072	-1
7073	-1
7074	-1
7075	8090658
7076	-1
7077	-1
7078	-1
7079	8094822
7080	-1
7081	-1
7082	-1
7083	-1
7084	8098986
7085	-1
7086	-1
7087	-1
7088	8103150
7089	-1
7090	-1
7091	-1
7092	8107314
7093	-1
7094	-1
7095	-1
7096	8111478
7097	-1
7098	-1
7099	-1
7100	8115642
7101	-1
7102	-1
7103	-1
7104	8119806
7105	-1
7106	-1
7107	-1
7108	8123970
7109	-1
7110	-1
7111	-1
7112	-1
7113	8128134
7114	-1
7115	-1
7116	-1
7117	8132298
7118	-1
7119	-1
7120	-1
7121	8136462
7122	-1
7123	-1
7124	-1
7125	8140626
7126	-1
7127	-1
7128	-1
7129	8144790
7130	-1
7131	-1
7132	-1
7133	8148954
7134	-1
7135	-1
7136	-1
7137	-1
7138	8153118
7139	-1
7140	-1
7141	-1
7142	8157282
7143	-1
7144	-1
7145	-1
7146	8161446
7147	-1
7148	-1
7149	-1
7150	8165610
7151	-1
7152	-1
7153	-1
7154	8169774
7155	-1
7156	-1
7157	-1
7158	8173938
7159	-1
7160	-1
7161	-1
7162	-1
7163	8178102
7164	-1
7165	-1
7166	-1
7167	8182266
7168	-1
7169	-1
7170	-1
7171	8186430
7172	-1
7173	-1
7174	-1
7175	8190594
7176	-1
7177	-1
7178	-1
7179	8194758
7180	-1
7181	-1
7182	-1
7183	8198922
7184	-1
7185	-1
7186	-1
7187	-1
7188	8203086
7189	-1
7190	-1
7191	-1
7192	8207250
7193	-1
7194	-1
7195	-1
7196	8211414
7197	-1
7198	-1
7199	-1
7200	8215578
7201	-1
7202	-1
7203	-1
7204	8219742
7205	-1
7206	-1
7207	-1
7208	8223906
7209	-1
7210	-1
7211	-1
7212	-1
7213	8228070
7214	-1
7215	-1
7216	-1
7217	8232234
7218	-1
7219	-1
7220	-1
7221	8236398
7222	-1
7223	-1
7224	-1
7225	8240562
7226	-1
7227	-1
7228	-1
7229	8244726
7230	-1
7231	-1
7232	-1
7233	8248890
7234	-1
7235	-1
7236	-1
7237	-1
7238	8253054
7239	-1
7240	-1
7241	-1
7242	8257218
7243	-1
7244	-1
7245	-1
7246	8261382
7247	-1
7248	-1
7249	-1
7250	8265546
7251	-1
7252	-1
7253	-1
7254	8269710
7255	-1
7256	-1
7257	-1
7258	8273874
7259	-1
7260	-1
7261	-1
7262	-1
7263	8278038
7264	-1
7265	-1
7266	-1
7267	8282202
7268	-1
7269	-1
7270	-1
7271	8286366
7272	-1
7273	-1
7274	-1
7275	8290530
7276	-1
7277	-1
7278	-1
7279	8294694
7280	-1
7281	-1
7282	-1
7283	8298858
7284	-1
7285	-1
7286	-1
7287	-1
7288	8303022
7289	-1
7290	-1
7291	-1
7292	8307186
7293	-1
7294	-1
7295	-1
7296	8311350
7297	-1
7298	-1
7299	-1
7300	8315514
7301	-1
7302	-1
7303	-1
7304	8319678
7305	-1
7306	-1
7307	-1
7308	8323842
7309	-1
7310	-1
7311	-1
7312	-1
7313	8328006
7314	-1
7315	-1
7316	-1
7317	8332170
7318	-1
7319	-1
7320	-1
7321	8336334
7322	-1
7323	-1
7324	-1
7325	8340498
7326	-1
7327	-1
7328	-1
7329	8344662
7330	-1
7331	-1
7332	-1
7333	8348826
7334	-1
7335	-1
7336	-1
7337	-1
7338	8352990
7339	-1
7340	-1
7341	-1
7342	8357154
7343	-1
7344	-1
7345	-1
7346	8361318
7347	-1
7348	-1
7349	-1
7350	8365482
7351	-1
7352	-1
7353	-1
7354	8369646
7355	-1
7356	-1
7357	-1
7358	8373810
7359	-1
7360	-1
7361	-1
7362	8377974
7363	-1
7364	-1
7365	-1
7366	-1
7367	8382138
7368	-1
7369	-1
7370	-1
7371	8386302
7372	-1
7373	-1
7374	-1
7375	8390466
7376	-1
7377	-1
7378	-1
7379	8394630
7380	-1
7381	-1
7382	-1
7383	8398794
7384	-1
7385	-1
7386	-1
7387	8402958
7388	-1
7389	-1
7390	-1
7391	-1
7392	8407122
7393	-1
7394	-1
7395	-1
7396	8411286
7397	-1
7398	-1
7399	-1
7400	8415450
7401	-1
7402	-1
7403	-1
7404	8419614
7405	-1
7406	-1
7407	-1
7408	8423778
7409	-1
7410	-1
7411	-1
7412	8427942
7413	-1
7414	-1
7415	-1
7416	-1
7417	8432106
7418	-1
7419	-1
7420	-1
7421	8436270
7422	-1
7423	-1
7424	-1
7425	8440434
7426	-1
7427	-1
7428	-1
7429	8444598
7430	-1
7431	-1
7432	-1
7433	8448762
7434	-1
7435	-1
7436	-1
7437	8452926
7438	-1
7439	-1
7440	-1
7441	-1
7442	8457090
7443	-1
7444	-1
7445	-1
7446	8461254
7447	-1
7448	-1
7449	-1
7450	8465418
7451	-1
7452	-1
7453	-1
7454	8469582
7455	-1
7456	-1
7457	-1
7458	8473746
7459	-1
7460	-1
7461	-1
7462	8477910
7463	-1
7464	-1
7465	-1
7466	-1
7467	8482074
7468	-1
7469	-1
7470	-1
7471	8486238
7472	-1
7473	-1
7474	-1
7475	8490402
7476	-1
7477	-1
7478	-1
7479	8494566
7480	-1
7481	-1
7482	-1
7483	8498730
7484	-1
7485	-1
7486	-1
7487	8502894
7488	-1
7489	-1
7490	-1
7491	-1
7492	8507058
7493	-1
7494	-1
7495	-1
7496	8511222
7497	-1
7498	-1
7499	-1
7500	8515386
7501	-1
7502	-1
7503	-1
7504	8519550
7505	-1
7506	-1
7507	-1
7508	8523714
7509	-1
7510	-1
7511	-1
7512	8527878
7513	-1
7514	-1
7515	-1
7516	-1
7517	8532042
7518	-1
7519	-1
7520	-1
7521	8536206
7522	-1
7523	-1
7524	-1
7525	8540370
7526	-1
7527	-1
7528	-1
7529	8544534
7530	-1
7531	-1
7532	-1
7533	8548698
7534	-1
7535	-1
7536	-1
7537	8552862
7538	-1
7539	-1
7540	-1
7541	-1
7542	8557026
7543	-1
7544	-1
7545	-1
7546	8561190
7547	-1
7548	-1
7549	-1
7550	8565354
7551	-1
7552	-1
7553	-1
7554	8569518
7555	-1
7556	-1
7557	-1
7558	8573682
7559	-1
7560	-1
7561	-1
7562	8577846
7563	-1
7564	-1
7565	-1
7566	-1
7567	8582010
7568	-1
7569	-1
7570	-1
7571	8586174
7572	-1
7573	-1
7574	-1
7575	8590338
7576	-1
7577	-1
7578	-1
7579	8594502
7580	-1
7581	-1
7582	-1
7583	8598666
7584	-1
7585	-1
7586	-1
7587	8602830
7588	-1
7589	-1
7590	-1
7591	-1
7592	8606994
7593	-1
7594	-1
7595	-1
7596	8611158
7597	-1
7598	-1
7599	-1
7600	8615322
7601	-1
7602	-1
7603	-1
7604	8619486
7605	-1
7606	-1
7607	-1
7608	8623650
7609	-1
7610	-1
7611	-1
7612	8627814
7613	-1
7614	-1
7615	-1
7616	-1
7617	8631978
7618	-1
7619	-1
7620	-1
7621	8636142
7622	-1
7623	-1
7624	-1
7625	8640306
7626	-1
7627	-1
7628	-1
7629	8644470
7630	-1
7631	-1
7632	-1
7633	8648634
7634	-1
7635	-1
7636	-1
7637	8652798
7638	-1
7639	-1
7640	-1
7641	8656962
7642	-1
7643	-1
7644	-1
7645	-1
7646	8661126
7647	-1
7648	-1
7649	-1
7650	8665290
7651	-1
7652	-1
7653	-1
7654	8669454
7655	-1
7656	-1
7657	-1
7658	8673618
7659	-1
7660	-1
7661	-1
7662	8677782
7663	-1
7664	-1
7665	-1
7666	8681946
7667	-1
7668	-1
7669	-1
7670	-1
7671	8686110
7672	-1
7673	-1
7674	-1
7675	8690274
7676	-1
7677	-1
7678	-1
7679	8694438
7680	-1
7681	-1
7682	-1
7683	8698602
7684	-1
7685	-1
7686	-1
7687	8702766
7688	-1
7689	-1
7690	-1
7691	8706930
7692	-1
7693	-1
7694	-1
7695	-1
7696	8711094
7697	-1
7698	-1
7699	-1
7700	8715258
7701	-1
7702	-1
7703	-1
7704	8719422
7705	-1
7706	-1
7707	-1
7708	8723586
7709	-1
7710	-1
7711	-1
7712	8727750
7713	-1
7714	-1
7715	-1
7716	8731914
7717	-1
7718	-1
7719	-1
7720	-1
7721	8736078
7722	-1
7723	-1
7724	-1
7725	8740242
7726	-1
7727	-1
7728	-1
7729	8744406
7730	-1
7731	-1
7732	-1
7733	8748570
7734	-1
7735	-1
7736	-1
7737	8752734
7738	-1
7739	-1
7740	-1
7741	8756898
7742	-1
7743	-1
7744	-1
7745	-1
7746	8761062
7747	-1
7748	-1
7749	-1
7750	8765226
7751	-1
7752	-1
7753	-1
7754	8769390
7755	-1
7756	-1
7757	-1
7758	8773554
7759	-1
7760	-1
7761	-1
7762	8777718
7763	-1
7764	-1
7765	-1
7766	8781882
7767	-1
7768	-1
7769	-1
7770	-1
7771	8786046
7772	-1
7773	-1
7774	-1
7775	8790210
7776	-1
7777	-1
7778	-1
7779	8794374
7780	-1
7781	-1
7782	-1
7783	8798538
7784	-1
7785	-1
7786	-1
7787	8802702
7788	-1
7789	-1
7790	-1
7791	8806866
7792	-1
7793	-1
7794	-1
7795	-1
7796	8811030
7797	-1
7798	-1
7799	-1
7800	8815194
7801	-1
7802	-1
7803	-1
7804	8819358
7805	-1
7806	-1
7807	-1
7808	8823522
7809	-1
7810	-1
7811	-1
7812	8827686
7813	-1
7814	-1
7815	-1
7816	8831850
7817	-1
7818	-1
7819	-1
7820	-1
7821	8836014
7822	-1
7823	-1
7824	-1
7825	8840178
7826	-1
7827	-1
7828	-1
7829	8844342
7830	-1
7831	-1
7832	-1
7833	8848506
7834	-1
7835	-1
7836	-1
7837	8852670
7838	-1
7839	-1
7840	-1
7841	8856834
7842	-1
7843	-1
7844	-1
7845	-1
7846	8860998
7847	-1
7848	-1
7849	-1
7850	8865162
7851	-1
7852	-1
7853	-1
7854	8869326
7855	-1
7856	-1
7857	-1
7858	8873490
7859	-1
7860	-1
7861	-1
7862	8877654
7863	-1
7864	-1
7865	-1
7866	8881818
7867	-1
7868	-1
7869	-1
7870	-1
7871	8885982
7872	-1
7873	-1
7874	-1
7875	8890146
7876	-1
7877	-1
7878	-1
7879	8894310
7880	-1
7881	-1
7882	-1
7883	8898474
7884	-1
7885	-1
7886	-1
7887	8902638
7888	-1
7889	-1
7890	-1
7891	8906802
7892	-1
7893	-1
7894	-1
7895	8910966
7896	-1
7897	-1
7898	-1
7899	-1
7900	8915130
7901	-1
7902	-1
7903	-1
7904	8919294
7905	-1
7906	-1
7907	-1
7908	8923458
7909	-1
7910	-1
7911	-1
7912	8927622
7913	-1
7914	-1
7915	-1
7916	8931786
7917	-1
7918	-1
7919	-1
7920	8935950
7921	-1
7922	-1
7923	-1
7924	-1
7925	8940114
7926	-1
7927	-1
7928	-1
7929	8944278
7930	-1
7931	-1
7932	-1
7933	8948442
7934	-1
7935	-1
7936	-1
7937	8952606
7938	-1
7939	-1
7940	-1
7941	8956770
7942	-1
7943	-1
7944	-1
7945	8960934
7946	-1
7947	-1
7948	-1
7949	-1
7950	8965098
7951	-1
7952	-1
7953	-1
7954	8969262
7955	-1
7956	-1
7957	-1
7958	8973426
7959	-1
7960	-1
7961	-1
7962	8977590
7963	-1
7964	-1
7965	-1
7966	8981754
7967	-1
7968	-1
7969	-1
7970	8985918
7971	-1
7972	-1
7973	-1
7974	-1
7975	8990082
7976	-1
7977	-1
7978	-1
7979	8994246
7980	-1
7981	-1
7982	-1
7983	8998410
7984	-1
7985	-1
7986	-1
7987	9002574
7988	-1
7989	-1
7990	-1
7991	9006738
7992	-1
7993	-1
7994	-1
7995	9010902
7996	-1
7997	-1
7998	-1
7999	-1
8000	9015066
8001	-1
8002	-1
8003	-1
8004	9019230
8005	-1
8006	-1
8007	-1
8008	9023394
8009	-1
8010	-1
8011	-1
8012	9027558
8013	-1
8014	-1
8015	-1
8016	9031722
8017	-1
8018	-1
8019	-1
8020	9035886
8021	-1
8022	-1
8023	-1
8024	-1
8025	9040050
8026	-1
8027	-1
8028	-1
8029	9044214
8030	-1
8031	-1
8032	-1
8033	9048378
8034	-1
8035	-1
8036	-1
8037	9052542
8038	-1
8039	-1
8040	-1
8041	9056706
8042	-1
8043	-1
8044	-1
8045	9060870
8046	-1
8047	-1
8048	-1
8049	-1
8050	9065034
8051	-1
8052	-1
8053	-1
8054	9069198
8055	-1
8056	-1
8057	-1
8058	9073362
8059	-1
8060	-1
8061	-1
8062	9077526
8063	-1
8064	-1
8065	-1
8066	9081690
8067	-1
8068	-1
8069	-1
8070	9085854
8071	-1
8072	-1
8073	-1
8074	-1
8075	9090018
8076	-1
8077	-1
8078	-1
8079	9094182
8080	-1
8081	-1
8082	-1
8083	9098346
8084	-1
8085	-1
8086	-1
8087	9102510
8088	-1
8089	-1
8090	-1
8091	9106674
8092	-1
8093	-1
8094	-1
8095	9110838
8096	-1
8097	-1
8098	-1
8099	-1
8100	9115002
8101	-1
8102	-1
8103	-1
8104	9119166
8105	-1
8106	-1
8107	-1
8108	9123330
8109	-1
8110	-1
8111	-1
8112	9127494
8113	-1
8114	-1
8115	-1
8116	9131658
8117	-1
8118	-1
8119	-1
8120	9135822
8121	-1
8122	-1
8123	-1
8124	-1
8125	9139986
8126	-1
8127	-1
8128	-1
8129	9144150
8130	-1
8131	-1
8132	-1
8133	9148314
8134	-1
8135	-1
8136	-1
8137	9152478
8138	-1
8139	-1
8140	-1
8141	9156642
8142	-1
8143	-1
8144	-1
8145	9160806
8146	-1
8147	-1
8148	-1
8149	9164970
8150	-1
8151	-1
8152	-1
8153	-1
8154	9169134
8155	-1
8156	-1
8157	-1
8158	9173298
8159	-1
8160	-1
8161	-1
8162	9177462
8163	-1
8164	-1
8165	-1
8166	9181626
8167	-1
8168	-1
8169	-1
8170	9185790
8171	-1
8172	-1
8173	-1
8174	9189954
8175	-1
8176	-1
8177	-1
8178	-1
8179	9194118
8180	-1
8181	-1
8182	-1
8183	9198282
8184	-1
8185	-1
8186	-1
8187	9202446
8188	-1
8189	-1
8190	-1
8191	9206610
8192	-1
8193	-1
8194	-1
8195	9210774
8196	-1
8197	-1
8198	-1
8199	9214938
8200	-1
8201	-1
8202	-1
8203	-1
8204	9219102
8205	-1
8206	-1
8207	-1
8208	9223266
8209	-1
8210	-1
8211	-1
8212	9227430
8213	-1
8214	-1
8215	-1
8216	9231594
8217	-1
8218	-1
8219	-1
8220	9235758
8221	-1
8222	-1
8223	-1
8224	9239922
8225	-1
8226	-1
8227	-1
8228	-1
8229	9244086
8230	-1
8231	-1
8232	-1
8233	9248250
8234	-1
8235	-1
8236	-1
8237	9252414
8238	-1
8239	-1
8240	-1
8241	9256578
8242	-1
8243	-1
8244	-1
8245	9260742
8246	-1
8247	-1
8248	-1
8249	9264906
8250	-1
8251	-1
8252	-1
8253	-1
8254	9269070
8255	-1
8256	-1
8257	-1
8258	9273234
8259	-1
8260	-1
8261	-1
8262	9277398
8263	-1
8264	-1
8265	-1
8266	9281562
8267	-1
8268	-1
8269	-1
8270	9285726
8271	-1
8272	-1
8273	-1
8274	9289890
8275	-1
8276	-1
8277	-1
8278	-1
8279	9294054
8280	-1
8281	-1
8282	-1
8283	9298218
8284	-1
8285	-1
8286	-1
8287	9302382
8288	-1
8289	-1
8290	-1
8291	9306546
8292	-1
8293	-1
8294	-1
8295	9310710
8296	-1
8297	-1
8298	-1
8299	9314874
8300	-1
8301	-1
8302	-1
8303	-1
8304	9319038
8305	-1
8306	-1
8307	-1
8308	9323202
8309	-1
8310	-1
8311	-1
8312	9327366
8313	-1
8314	-1
8315	-1
8316	9331530
8317	-1
8318	-1
8319	-1
8320	9335694
8321	-1
8322	-1
8323	-1
8324	9339858
8325	-1
8326	-1
8327	-1
8328	-1
8329	9344022
8330	-1
8331	-1
8332	-1
8333	9348186
8334	-1
8335	-1
8336	-1
8337	9352350
8338	-1
8339	-1
8340	-1
8341	9356514
8342	-1
8343	-1
8344	-1
8345	9360678
8346	-1
8347	-1
8348	-1
8349	9364842
8350	-1
8351	-1
8352	-1
8353	-1
8354	9369006
8355	-1
8356	-1
8357	-1
8358	9373170
8359	-1
8360	-1
8361	-1
8362	9377334
8363	-1
8364	-1
8365	-1
8366	9381498
8367	-1
8368	-1
8369	-1
8370	9385662
8371	-1
8372	-1
8373	-1
8374	9389826
8375	-1
8376	-1
8377	-1
8378	-1
8379	9393990
8380	-1
8381	-1
8382	-1
8383	9398154
8384	-1
8385	-1
8386	-1
8387	9402318
8388	-1
8389	-1
8390	-1
8391	9406482
8392	-1
8393	-1
8394	-1
8395	9410646
8396	-1
8397	-1
8398	-1
8399	9414810
8400	-1
8401	-1
8402	-1
8403	9418974
8404	-1
8405	-1
8406	-1
8407	-1
8408	9423138
8409	-1
8410	-1
8411	-1
8412	9427302
8413	-1
8414	-1
8415	-1
8416	9431466
8417	-1
8418	-1
8419	-1
8420	9435630
8421	-1
8422	-1
8423	-1
8424	9439794
8425	-1
8426	-1
8427	-1
8428	9443958
8429	-1
8430	-1
8431	-1
8432	-1
8433	9448122
8434	-1
8435	-1
8436	-1
8437	9452286
8438	-1
8439	-1
8440	-1
8441	9456450
8442	-1
8443	-1
8444	-1
8445	9460614
8446	-1
8447	-1
8448	-1
8449	9464778
8450	-1
8451	-1
8452	-1
8453	9468942
8454	-1
8455	-1
8456	-1
8457	-1
8458	9473106
8459	-1
8460	-1
8461	-1
8462	9477270
8463	-1
8464	-1
8465	-1
8466	9481434
8467	-1
8468	-1
8469	-1
8470	9485598
8471	-1
8472	-1
8473	-1
8474	9489762
8475	-1
8476	-1
8477	-1
8478	9493926
8479	-1
8480	-1
8481	-1
8482	-1
8483	9498090
8484	-1
8485	-1
8486	-1
8487	9502254
8488	-1
8489	-1
8490	-1
8491	9506418
8492	-1
8493	-1
8494	-1
8495	9510582
8496	-1
8497	-1
8498	-1
8499	9514746
8500	-1
8501	-1
8502	-1
8503	9518910
8504	-1
8505	-1
8506	-1
8507	-1
8508	9523074
8509	-1
8510	-1
8511	-1
8512	9527238
8513	-1
8514	-1
8515	-1
8516	9531402
8517	-1
8518	-1
8519	-1
8520	9535566
8521	-1
8522	-1
8523	-1
8524	9539730
8525	-1
8526	-1
8527	-1
8528	9543894
8529	-1
8530	-1
8531	-1
8532	-1
8533	9548058
8534	-1
8535	-1
8536	-1
8537	9552222
8538	-1
8539	-1
8540	-1
8541	9556386
8542	-1
8543	-1
8544	-1
8545	9560550
8546	-1
8547	-1
8548	-1
8549	9564714
8550	-1
8551	-1
8552	-1
8553	9568878
8554	-1
8555	-1
8556	-1
8557	-1
8558	9573042
8559	-1
8560	-1
8561	-1
8562	9577206
8563	-1
8564	-1
8565	-1
8566	9581370
8567	-1
8568	-1
8569	-1
8570	9585534
8571	-1
8572	-1
8573	-1
8574	9589698
8575	-1
8576	-1
8577	-1
8578	9593862
8579	-1
8580	-1
8581	-1
8582	-1
8583	9598026
8584	-1
8585	-1
8586	-1
8587	9602190
8588	-1
8589	-1
8590	-1
8591	9606354
8592	-1
8593	-1
8594	-1
8595	9610518
8596	-1
8597	-1
8598	-1
8599	9614682
8600	-1
8601	-1
8602	-1
8603	9618846
8604	-1
8605	-1
8606	-1
8607	-1
8608	9623010
8609	-1
8610	-1
8611	-1
8612	9627174
8613	-1
8614	-1
8615	-1
8616	9631338
8617	-1
8618	-1
8619	-1
8620	9635502
8621	-1
8622	-1
8623	-1
8624	9639666
8625	-1
8626	-1
8627	-1
8628	9643830
8629	-1
8630	-1
8631	-1
8632	-1
8633	9647994
8634	-1
8635	-1
8636	-1
8637	9652158
8638	-1
8639	-1
8640	-1
8641	9656322
8642	-1
8643	-1
8644	-1
8645	9660486
8646	-1
8647	-1
8648	-1
8649	9664650
8650	-1
8651	-1
8652	-1
8653	9668814
8654	-1
8655	-1
8656	-1
8657	-1
8658	9672978
8659	-1
8660	-1
8661	-1
8662	9677142
8663	-1
8664	-1
8665	-1
8666	9681306
8667	-1
8668	-1
8669	-1
8670	9685470
8671	-1
8672	-1
8673	-1
8674	9689634
8675	-1
8676	-1
8677	-1
8678	9693798
8679	-1
8680	-1
8681	-1
8682	9697962
8683	-1
8684	-1
8685	-1
8686	-1
8687	9702126
8688	-1
8689	-1
8690	-1
8691	9706290
8692	-1
8693	-1
8694	-1
8695	9710454
8696	-1
8697	-1
8698	-1
8699	9714618
8700	-1
8701	-1
8702	-1
8703	9718782
8704	-1
8705	-1
8706	-1
8707	9722946
8708	-1
8709	-1
8710	-1
8711	-1
8712	9727110
8713	-1
8714	-1
8715	-1
8716	9731274
8717	-1
8718	-1
8719	-1
8720	9735438
8721	-1
8722	-1
8723	-1
8724	9739602
8725	-1
8726	-1
8727	-1
8728	9743766
8729	-1
8730	-1
8731	-1
8732	9747930
8733	-1
8734	-1
8735	-1
8736	-1
8737	9752094
8738	-1
8739	-1
8740	-1
8741	9756258
8742	-1
8743	-1
8744	-1
8745	9760422
8746	-1
8747	-1
8748	-1
8749	9764586
8750	-1
8751	-1
8752	-1
8753	9768750
8754	-1
8755	-1
8756	-1
8757	9772914
8758	-1
8759	-1
8760	-1
8761	-1
8762	9777078
8763	-1
8764	-1
8765	-1
8766	9781242
8767	-1
8768	-1
8769	-1
8770	9785406
8771	-1
8772	-1
8773	-1
8774	9789570
8775	-1
8776	-1
8777	-1
8778	9793734
8779	-1
8780	-1
8781	-1
8782	9797898
8783	-1
8784	-1
8785	-1
8786	-1
8787	9802062
8788	-1
8789	-1
8790	-1
8791	9806226
8792	-1
8793	-1
8794	-1
8795	9810390
8796	-1
8797	-1
8798	-1
8799	9814554
8800	-1
8801	-1
8802	-1
8803	9818718
8804	-1
8805	-1
8806	-1
8807	9822882
8808	-1
8809	-1
8810	-1
8811	-1
8812	9827046
8813	-1
8814	-1
8815	-1
8816	9831210
8817	-1
8818	-1
8819	-1
8820	9835374
8821	-1
8822	-1
8823	-1
8824	9839538
8825	-1
8826	-1
8827	-1
8828	9843702
8829	-1
8830	-1
8831	-1
8832	9847866
8833	-1
8834	-1
8835	-1
8836	-1
8837	9852030
8838	-1
8839	-1
8840	-1
8841	9856194
8842	-1
8843	-1
8844	-1
8845	9860358
8846	-1
8847	-1
8848	-1
8849	9864522
8850	-1
8851	-1
8852	-1
8853	9868686
8854	-1
8855	-1
8856	-1
8857	9872850
8858	-1
8859	-1
8860	-1
8861	-1
8862	9877014
8863	-1
8864	-1
8865	-1
8866	9881178
8867	-1
8868	-1
8869	-1
8870	9885342
8871	-1
8872	-1
8873	-1
8874	9889506
8875	-1
8876	-1
8877	-1
8878	9893670
8879	-1
8880	-1
8881	-1
8882	9897834
8883	-1
8884	-1
8885	-1
8886	-1
8887	9901998
8888	-1
8889	-1
8890	-1
8891	9906162
8892	-1
8893	-1
8894	-1
8895	9910326
8896	-1
8897	-1
8898	-1
8899	9914490
8900	-1
8901	-1
8902	-1
8903	9918654
8904	-1
8905	-1
8906	-1
8907	9922818
8908	-1
8909	-1
8910	-1
8911	-1
8912	9926982
8913	-1
8914	-1
8915	-1
8916	9931146
8917	-1
8918	-1
8919	-1
8920	9935310
8921	-1
8922	-1
8923	-1
8924	9939474
8925	-1
8926	-1
8927	-1
8928	9943638
8929	-1
8930	-1
8931	-1
8932	9947802
8933	-1
8934	-1
8935	-1
8936	9951966
8937	-1
8938	-1
8939	-1
8940	-1
8941	9956130
8942	-1
8943	-1
8944	-1
8945	9960294
8946	-1
8947	-1
8948	-1
8949	9964458
8950	-1
8951	-1
8952	-1
8953	9968622
8954	-1
8955	-1
8956	-1
8957	9972786
8958	-1
8959	-1
8960	-1
8961	9976950
8962	-1
8963	-1
8964	-1
8965	-1
8966	9981114
8967	-1
8968	-1
8969	-1
8970	9985278
8971	-1
8972	-1
8973	-1
8974	9989442
8975	-1
8976	-1
8977	-1
8978	9993606
8979	-1
8980	-1
8981	-1
8982	9997770
8983	-1
8984	-1
8985	-1
8986	-1
8987	-1
8988	-1
8989	-1
8990	-1
8991	-1
8992	-1
8993	-1
8994	-1
8995	-1
8996	-1
8997	-1
8998	-1
8999	-1
9000	-1
9001	-1
9002	-1
9003	-1
9004	-1
9005	-1
9006	-1
9007	-1
9008	-1
9009	-1
9010	-1
9011	-1
9012	-1
9013	-1
9014	-1
9015	-1
9016	-1
9017	-1
9018	-1
9019	-1
9020	-1
9021	-1
9022	-1
9023	-1
9024	-1
9025	-1
9026	-1
9027	-1
9028	-1
9029	-1
9030	-1
9031	-1
9032	-1
9033	-1
9034	-1
9035	-1
9036	-1
9037	-1
9038	-1
9039	-1
9040	-1
9041	-1
9042	-1
9043	-1
9044	-1
9045	-1
9046	-1
9047	-1
9048	-1
9049	-1
9050	-1
9051	-1
9052	-1
9053	-1
9054	-1
9055	-1
9056	-1
9057	-1
9058	-1
9059	-1
9060	-1
9061	-1
9062	-1
9063	-1
9064	-1
9065	-1
9066	-1
9067	-1
9068	-1
9069	-1
9070	-1
9071	-1
9072	-1
9073	-1
9074	-1
9075	-1
9076	-1
9077	-1
9078	-1
9079	-1
9080	-1
9081	-1
9082	-1
9083	-1
9084	-1
9085	-1
9086	-1
9087	-1
9088	-1
9089	-1
9090	-1
9091	-1
9092	-1
9093	-1
9094	-1
9095	-1
9096	-1
9097	-1
9098	-1
9099	-1
9100	-1
9101	-1
9102	-1
9103	-1
9104	-1
9105	-1
9106	-1
9107	-1
9108	-1
9109	-1
9110	-1
9111	-1
9112	-1
9113	-1
9114	-1
9115	-1
9116	-1
9117	-1
9118	-1
9119	-1
9120	-1
9121	-1
9122	-1
9123	-1
9124	-1
9125	-1
9126	-1
9127	-1
9128	-1
9129	-1
9130	-1
9131	-1
9132	-1
9133	-1
9134	-1
9135	-1
9136	-1
9137	-1
9138	-1
9139	-1
9140	-1
9141	-1
9142	-1
9143	-1
9144	-1
9145	-1
9146	-1
9147	-1
9148	-1
9149	-1
9150	-1
9151	-1
9152	-1
9153	-1
9154	-1
9155	-1
9156	-1
9157	-1
9158	-1
9159	-1
9160	-1
9161	-1
9162	-1
9163	-1
9164	-1
9165	-1
9166	-1
9167	-1
9168	-1
9169	-1
9170	-1
9171	-1
9172	-1
9173	-1
9174	-1
9175	-1
9176	-1
9177	-1
9178	-1
9179	-1
9180	-1
9181	-1
9182	-1
9183	-1
9184	-1
9185	-1
9186	-1
9187	-1
9188	-1
9189	-1
9190	-1
9191	-1
9192	-1
9193	-1
9194	-1
9195	-1
9196	-1
9197	-1
9198	-1
9199	-1
9200	-1
9201	-1
9202	-1
9203	-1
9204	-1
9205	-1
9206	-1
9207	-1
9208	-1
9209	-1
9210	-1
9211	-1
9212	-1
9213	-1
9214	-1
9215	-1
9216	-1
9217	-1
9218	-1
9219	-1
9220	-1
9221	-1
9222	-1
9223	-1
9224	-1
9225	-1
9226	-1
9227	-1
9228	-1
9229	-1
9230	-1
9231	-1
9232	-1
9233	-1
9234	-1
9235	-1
9236	-1
9237	-1
9238	-1
9239	-1
9240	-1
9241	-1
9242	-1
9243	-1
9244	-1
9245	-1
9246	-1
9247	-1
9248	-1
9249	-1
9250	-1
9251	-1
9252	-1
9253	-1
9254	-1
9255	-1
9256	-1
9257	-1
9258	-1
9259	-1
9260	-1
9261	-1
9262	-1
9263	-1
9264	-1
9265	-1
9266	-1
9267	-1
9268	-1
9269	-1
9270	-1
9271	-1
9272	-1
9273	-1
9274	-1
9275	-1
9276	-1
9277	-1
9278	-1
9279	-1
9280	-1
9281	-1
9282	-1
9283	-1
9284	-1
9285	-1
9286	-1
9287	-1
9288	-1
9289	-1
9290	-1
9291	-1
9292	-1
9293	-1
9294	-1
9295	-1
9296	-1
9297	-1
9298	-1
9299	-1
9300	-1
9301	-1
9302	-1
9303	-1
9304	-1
9305	-1
9306	-1
9307	-1
9308	-1
9309	-1
9310	-1
9311	-1
9312	-1
9313	-1
9314	-1
9315	-1
9316	-1
9317	-1
9318	-1
9319	-1
9320	-1
9321	-1
9322	-1
9323	-1
9324	-1
9325	-1
9326	-1
9327	-1
9328	-1
9329	-1
9330	-1
9331	-1
9332	-1
9333	-1
9334	-1
9335	-1
9336	-1
9337	-1
9338	-1
9339	-1
9340	-1
9341	-1
9342	-1
9343	-1
9344	-1
9345	-1
9346	-1
9347	-1
9348	-1
9349	-1
9350	-1
9351	-1
9352	-1
9353	-1
9354	-1
9355	-1
9356	-1
9357	-1
9358	-1
9359	-1
9360	-1
9361	-1
9362	-1
9363	-1
9364	-1
9365	-1
9366	-1
9367	-1
9368	-1
9369	-1
9370	-1
9371	-1
9372	-1
9373	-1
9374	-1
9375	-1
9376	-1
9377	-1
9378	-1
9379	-1
9380	-1
9381	-1
9382	-1
9383	-1
9384	-1
9385	-1
9386	-1
9387	-1
9388	-1
9389	-1
9390	-1
9391	-1
9392	-1
9393	-1
9394	-1
9395	-1
9396	-1
9397	-1
9398	-1
9399	-1
9400	-1
9401	-1
9402	-1
9403	-1
9404	-1
9405	-1
9406	-1
9407	-1
9408	-1
9409	-1
9410	-1
9411	-1
9412	-1
9413	-1
9414	-1
9415	-1
9416	-1
9417	-1
9418	-1
9419	-1
9420	-1
9421	-1
9422	-1
9423	-1
9424	-1
9425	-1
9426	-1
9427	-1
9428	-1
9429	-1
9430	-1
9431	-1
9432	-1
9433	-1
9434	-1
9435	-1
9436	-1
9437	-1
9438	-1
9439	-1
9440	-1
9441	-1
9442	-1
9443	-1
9444	-1
9445	-1
9446	-1
9447	-1
9448	-1
9449	-1
9450	-1
9451	-1
9452	-1
9453	-1
9454	-1
9455	-1
9456	-1
9457	-1
9458	-1
9459	-1
9460	-1
9461	-1
9462	-1
9463	-1
9464	-1
9465	-1
9466	-1
9467	-1
9468	-1
9469	-1
9470	-1
9471	-1
9472	-1
9473	-1
9474	-1
9475	-1
9476	-1
9477	-1
9478	-1
9479	-1
9480	-1
9481	-1
9482	-1
9483	-1
9484	-1
9485	-1
9486	-1
9487	-1
9488	-1
9489	-1
9490	-1
9491	-1
9492	-1
9493	-1
9494	-1
9495	-1
9496	-1
9497	-1
9498	-1
9499	-1
9500	-1
9501	-1
9502	-1
9503	-1
9504	-1
9505	-1
9506	-1
9507	-1
9508	-1
9509	-1
9510	-1
9511	-1
9512	-1
9513	-1
9514	-1
9515	-1
9516	-1
9517	-1
9518	-1
9519	-1
9520	-1
9521	-1
9522	-1
9523	-1
9524	-1
9525	-1
9526	-1
9527	-1
9528	-1
9529	-1
9530	-1
9531	-1
9532	-1
9533	-1
9534	-1
9535	-1
9536	-1
9537	-1
9538	-1
9539	-1
9540	-1
9541	-1
9542	-1
9543	-1
9544	-1
9545	-1
9546	-1
9547	-1
9548	-1
9549	-1
9550	-1
9551	-1
9552	-1
9553	-1
9554	-1
9555	-1
9556	-1
9557	-1
9558	-1
9559	-1
9560	-1
9561	-1
9562	-1
9563	-1
9564	-1
9565	-1
9566	-1
9567	-1
9568	-1
9569	-1
9570	-1
9571	-1
9572	-1
9573	-1
9574	-1
9575	-1
9576	-1
9577	-1
9578	-1
9579	-1
9580	-1
9581	-1
9582	-1
9583	-1
9584	-1
9585	-1
9586	-1
9587	-1
9588	-1
9589	-1
9590	-1
9591	-1
9592	-1
9593	-1
9594	-1
9595	-1
9596	-1
9597	-1
9598	-1
9599	-1
9600	-1
9601	-1
9602	-1
9603	-1
9604	-1
9605	-1
9606	-1
9607	-1
9608	-1
9609	-1
9610	-1
9611	-1
9612	-1
9613	-1
9614	-1
9615	-1
9616	-1
9617	-1
9618	-1
9619	-1
9620	-1
9621	-1
9622	-1
9623	-1
9624	-1
9625	-1
9626	-1
9627	-1
9628	-1
9629	-1
9630	-1
9631	-1
9632	-1
9633	-1
9634	-1
9635	-1
9636	-1
9637	-1
9638	-1
9639	-1
9640	-1
9641	-1
9642	-1
9643	-1
9644	-1
9645	-1
9646	-1
9647	-1
9648	-1
9649	-1
9650	-1
9651	-1
9652	-1
9653	-1
9654	-1
9655	-1
9656	-1
9657	-1
9658	-1
9659	-1
9660	-1
9661	-1
9662	-1
9663	-1
9664	-1
9665	-1
9666	-1
9667	-1
9668	-1
9669	-1
9670	-1
9671	-1
9672	-1
9673	-1
9674	-1
9675	-1
9676	-1
9677	-1
9678	-1
9679	-1
9680	-1
9681	-1
9682	-1
9683	-1
9684	-1
9685	-1
9686	-1
9687	-1
9688	-1
9689	-1
9690	-1
9691	-1
9692	-1
9693	-1
9694	-1
9695	-1
9696	-1
9697	-1
9698	-1
9699	-1
9700	-1
9701	-1
9702	-1
9703	-1
9704	-1
9705	-1
9706	-1
9707	-1
9708	-1
9709	-1
9710	-1
9711	-1
9712	-1
9713	-1
9714	-1
9715	-1
9716	-1
9717	-1
9718	-1
9719	-1
9720	-1
9721	-1
9722	-1
9723	-1
9724	-1
9725	-1
9726	-1
9727	-1
9728	-1
9729	-1
9730	-1
9731	-1
9732	-1
9733	-1
9734	-1
9735	-1
9736	-1
9737	-1
9738	-1
9739	-1
9740	-1
9741	-1
9742	-1
9743	-1
9744	-1
9745	-1
9746	-1
9747	-1
9748	-1
9749	-1
9750	-1
9751	-1
9752	-1
9753	-1
9754	-1
9755	-1
9756	-1
9757	-1
9758	-1
9759	-1
9760	-1
9761	-1
9762	-1
9763	-1
9764	-1
9765	-1
9766	-1
9767	-1
9768	-1
9769	-1
9770	-1
9771	-1
9772	-1
9773	-1
9774	-1
9775	-1
9776	-1
9777	-1
9778	-1
9779	-1
9780	-1
9781	-1
9782	-1
9783	-1
9784	-1
9785	-1
9786	-1
9787	-1
9788	-1
9789	-1
9790	-1
9791	-1
9792	-1
9793	-1
9794	-1
9795	-1
9796	-1
9797	-1
9798	-1
9799	-1
9800	-1
9801	-1
9802	-1
9803	-1
9804	-1
9805	-1
9806	-1
9807	-1
9808	-1
9809	-1
9810	-1
9811	-1
9812	-1
9813	-1
9814	-1
9815	-1
9816	-1
9817	-1
9818	-1
9819	-1
9820	-1
9821	-1
9822	-1
9823	-1
9824	-1
9825	-1
9826	-1
9827	-1
9828	-1
9829	-1
9830	-1
9831	-1
9832	-1
9833	-1
9834	-1
9835	-1
9836	-1
9837	-1
9838	-1
9839	-1
9840	-1
9841	-1
9842	-1
9843	-1
9844	-1
9845	-1
9846	-1
9847	-1
9848	-1
9849	-1
9850	-1
9851	-1
9852	-1
9853	-1
9854	-1
9855	-1
9856	-1
9857	-1
9858	-1
9859	-1
9860	-1
9861	-1
9862	-1
9863	-1
9864	-1
9865	-1
9866	-1
9867	-1
9868	-1
9869	-1
9870	-1
9871	-1
9872	-1
9873	-1
9874	-1
9875	-1
9876	-1
9877	-1
9878	-1
9879	-1
9880	-1
9881	-1
9882	-1
9883	-1
9884	-1
9885	-1
9886	-1
9887	-1
9888	-1
9889	-1
9890	-1
9891	-1
9892	-1
9893	-1
9894	-1
9895	-1
9896	-1
9897	-1
9898	-1
9899	-1
9900	-1
9901	-1
9902	-1
9903	-1
9904	-1
9905	-1
9906	-1
9907	-1
9908	-1
9909	-1
9910	-1
9911	-1
9912	-1
9913	-1
9914	-1
9915	-1
9916	-1
9917	-1
9918	-1
9919	-1
9920	-1
9921	-1
9922	-1
9923	-1
9924	-1
9925	-1
9926	-1
9927	-1
9928	-1
9929	-1
9930	-1
9931	-1
9932	-1
9933	-1
9934	-1
9935	-1
9936	-1
9937	-1
9938	-1
9939	-1
9940	-1
9941	-1
9942	-1
9943	-1
9944	-1
9945	-1
9946	-1
9947	-1
9948	-1
9949	-1
9950	-1
9951	-1
9952	-1
9953	-1
9954	-1
9955	-1
9956	-1
9957	-1
9958	-1
9959	-1
9960	-1
9961	-1
9962	-1
9963	-1
9964	-1
9965	-1
9966	-1
9967	-1
9968	-1
9969	-1
9970	-1
9971	-1
9972	-1
9973	-1
9974	-1
9975	-1
9976	-1
9977	-1
9978	-1
9979	-1
9980	-1
9981	-1
9982	-1
9983	-1
9984	-1
9985	-1
9986	-1
9987	-1
9988	-1
9989	-1
9990	-1
9991	-1
9992	-1
9993	-1
9994	-1
9995	-1
9996	-1
9997	-1
9998	-1
9999	-1
