0	1010178
1	1013142
2	-1
3	-1
4	1016106
5	-1
6	1019070
7	-1
8	-1
9	1022034
10	-1
11	-1
12	1024998
13	-1
14	-1
15	1027962
16	-1
17	-1
18	1030926
19	-1
20	-1
21	1033890
22	-1
23	-1
24	1036854
25	-1
26	-1
27	1039818
28	-1
29	-1
30	1042782
31	-1
32	-1
33	1045746
34	-1
35	-1
36	1048710
37	-1
38	-1
39	1051674
40	-1
41	-1
42	1054638
43	-1
44	-1
45	1057602
46	-1
47	-1
48	1060566
49	-1
50	-1
51	1063530
52	-1
53	-1
54	1066494
55	-1
56	-1
57	1069458
58	-1
59	-1
60	1072422
61	-1
62	-1
63	1075386
64	-1
65	-1
66	1078350
67	-1
68	-1
69	1081314
70	-1
71	-1
72	1084278
73	-1
74	-1
75	1087242
76	-1
77	-1
78	1090206
79	-1
80	-1
81	1093170
82	-1
83	-1
84	1096134
85	-1
86	-1
87	1099098
88	-1
89	1102062
90	-1
91	-1
92	1105026
93	-1
94	-1
95	1107990
96	-1
97	-1
98	1110954
99	-1
100	-1
101	1113918
102	-1
103	-1
104	1116882
105	-1
106	-1
107	1119846
108	-1
109	-1
110	1122810
111	-1
112	-1
113	1125774
114	-1
115	-1
116	1128738
117	-1
118	-1
119	1131702
120	-1
121	-1
122	1134666
123	-1
124	-1
125	1137630
126	-1
127	-1
128	1140594
129	-1
130	-1
131	1143558
132	-1
133	-1
134	1146522
135	-1
136	-1
137	1149486
138	-1
139	-1
140	1152450
141	-1
142	-1
143	1155414
144	-1
145	-1
146	1158378
147	-1
148	-1
149	1161342
150	-1
151	-1
152	1164306
153	-1
154	-1
155	1167270
156	-1
157	-1
158	1170234
159	-1
160	-1
161	1173198
162	-1
163	-1
164	1176162
165	-1
166	-1
167	1179126
168	-1
169	1182090
170	-1
171	-1
172	1185054
173	-1
174	-1
175	1188018
176	-1
177	-1
178	1190982
179	-1
180	-1
181	1193946
182	-1
183	-1
184	1196910
185	-1
186	-1
187	1199874
188	-1
189	-1
190	1202838
191	-1
192	-1
193	1205802
194	-1
195	-1
196	1208766
197	-1
198	-1
199	1211730
200	-1
201	-1
202	1214694
203	-1
204	-1
205	1217658
206	-1
207	-1
208	1220622
209	-1
210	-1
211	1223586
212	-1
213	-1
214	1226550
215	-1
216	-1
217	1229514
218	-1
219	-1
220	1232478
221	-1
222	-1
223	1235442
224	-1
225	-1
226	1238406
227	-1
228	-1
229	1241370
230	-1
231	-1
232	1244334
233	-1
234	-1
235	1247298
236	-1
237	-1
238	1250262
239	-1
240	-1
241	1253226
242	-1
243	-1
244	1256190
245	-1
246	-1
247	1259154
248	-1
249	-1
250	1262118
251	-1
252	1265082
253	-1
254	-1
255	1268046
256	-1
257	-1
258	1271010
259	-1
260	-1
261	1273974
262	-1
263	-1
264	1276938
265	-1
266	-1
267	1279902
268	-1
269	-1
270	1282866
271	-1
272	-1
273	1285830
274	-1
275	-1
276	1288794
277	-1
278	-1
279	1291758
280	-1
281	-1
282	1294722
283	-1
284	-1
285	1297686
286	-1
287	-1
288	1300650
289	-1
290	-1
291	1303614
292	-1
293	-1
294	1306578
295	-1
296	-1
297	1309542
298	-1
299	-1
300	1312506
301	-1
302	-1
303	1315470
304	-1
305	-1
306	1318434
307	-1
308	-1
309	1321398
310	-1
311	-1
312	1324362
313	-1
314	-1
315	1327326
316	-1
317	-1
318	1330290
319	-1
320	-1
321	1333254
322	-1
323	-1
324	1336218
325	-1
326	-1
327	1339182
328	-1
329	-1
330	1342146
331	-1
332	-1
333	1345110
334	-1
335	1348074
336	-1
337	-1
338	1351038
339	-1
340	-1
341	1354002
342	-1
343	-1
344	1356966
345	-1
346	-1
347	1359930
348	-1
349	-1
350	1362894
351	-1
352	-1
353	1365858
354	-1
355	-1
356	1368822
357	-1
358	-1
359	1371786
360	-1
361	-1
362	1374750
363	-1
364	-1
365	1377714
366	-1
367	-1
368	1380678
369	-1
370	-1
371	1383642
372	-1
373	-1
374	1386606
375	-1
376	-1
377	1389570
378	-1
379	-1
380	1392534
381	-1
382	-1
383	1395498
384	-1
385	-1
386	1398462
387	-1
388	-1
389	1401426
390	-1
391	-1
392	1404390
393	-1
394	-1
395	1407354
396	-1
397	-1
398	1410318
399	-1
400	-1
401	1413282
402	-1
403	-1
404	1416246
405	-1
406	-1
407	1419210
408	-1
409	-1
410	1422174
411	-1
412	-1
413	1425138
414	-1
415	-1
416	1428102
417	-1
418	1431066
419	-1
420	-1
421	1434030
422	-1
423	-1
424	1436994
425	-1
426	-1
427	1439958
428	-1
429	-1
430	1442922
431	-1
432	-1
433	1445886
434	-1
435	-1
436	1448850
437	-1
438	-1
439	1451814
440	-1
441	-1
442	1454778
443	-1
444	-1
445	1457742
446	-1
447	-1
448	1460706
449	-1
450	-1
451	1463670
452	-1
453	-1
454	1466634
455	-1
456	-1
457	1469598
458	-1
459	-1
460	1472562
461	-1
462	-1
463	1475526
464	-1
465	-1
466	1478490
467	-1
468	-1
469	1481454
470	-1
471	-1
472	1484418
473	-1
474	-1
475	1487382
476	-1
477	-1
478	1490346
479	-1
480	-1
481	1493310
482	-1
483	-1
484	1496274
485	-1
486	-1
487	1499238
488	-1
489	-1
490	1502202
491	-1
492	-1
493	1505166
494	-1
495	-1
496	1508130
497	-1
498	1511094
499	-1
500	-1
501	1514058
502	-1
503	-1
504	1517022
505	-1
506	-1
507	1519986
508	-1
509	-1
510	1522950
511	-1
512	-1
513	1525914
514	-1
515	-1
516	1528878
517	-1
518	-1
519	1531842
520	-1
521	-1
522	1534806
523	-1
524	-1
525	1537770
526	-1
527	-1
528	1540734
529	-1
530	-1
531	1543698
532	-1
533	-1
534	1546662
535	-1
536	-1
537	1549626
538	-1
539	-1
540	1552590
541	-1
542	-1
543	1555554
544	-1
545	-1
546	1558518
547	-1
548	-1
549	1561482
550	-1
551	-1
552	1564446
553	-1
554	-1
555	1567410
556	-1
557	-1
558	1570374
559	-1
560	-1
561	1573338
562	-1
563	-1
564	1576302
565	-1
566	-1
567	1579266
568	-1
569	-1
570	1582230
571	-1
572	-1
573	1585194
574	-1
575	-1
576	1588158
577	-1
578	-1
579	1591122
580	-1
581	1594086
582	-1
583	-1
584	1597050
585	-1
586	-1
587	1600014
588	-1
589	-1
590	1602978
591	-1
592	-1
593	1605942
594	-1
595	-1
596	1608906
597	-1
598	-1
599	1611870
600	-1
601	-1
602	1614834
603	-1
604	-1
605	1617798
606	-1
607	-1
608	1620762
609	-1
610	-1
611	1623726
612	-1
613	-1
614	1626690
615	-1
616	-1
617	1629654
618	-1
619	-1
620	1632618
621	-1
622	-1
623	1635582
624	-1
625	-1
626	1638546
627	-1
628	-1
629	1641510
630	-1
631	-1
632	1644474
633	-1
634	-1
635	1647438
636	-1
637	-1
638	1650402
639	-1
640	-1
641	1653366
642	-1
643	-1
644	1656330
645	-1
646	-1
647	1659294
648	-1
649	-1
650	1662258
651	-1
652	-1
653	1665222
654	-1
655	-1
656	1668186
657	-1
658	-1
659	1671150
660	-1
661	-1
662	1674114
663	-1
664	1677078
665	-1
666	-1
667	1680042
668	-1
669	-1
670	1683006
671	-1
672	-1
673	1685970
674	-1
675	-1
676	1688934
677	-1
678	-1
679	1691898
680	-1
681	-1
682	1694862
683	-1
684	-1
685	1697826
686	-1
687	-1
688	1700790
689	-1
690	-1
691	1703754
692	-1
693	-1
694	1706718
695	-1
696	-1
697	1709682
698	-1
699	-1
700	1712646
701	-1
702	-1
703	1715610
704	-1
705	-1
706	1718574
707	-1
708	-1
709	1721538
710	-1
711	-1
712	1724502
713	-1
714	-1
715	1727466
716	-1
717	-1
718	1730430
719	-1
720	-1
721	1733394
722	-1
723	-1
724	1736358
725	-1
726	-1
727	1739322
728	-1
729	-1
730	1742286
731	-1
732	-1
733	1745250
734	-1
735	-1
736	1748214
737	-1
738	-1
739	1751178
740	-1
741	-1
742	1754142
743	-1
744	-1
745	1757106
746	-1
747	1760070
748	-1
749	-1
750	1763034
751	-1
752	-1
753	1765998
754	-1
755	-1
756	1768962
757	-1
758	-1
759	1771926
760	-1
761	-1
762	1774890
763	-1
764	-1
765	1777854
766	-1
767	-1
768	1780818
769	-1
770	-1
771	1783782
772	-1
773	-1
774	1786746
775	-1
776	-1
777	1789710
778	-1
779	-1
780	1792674
781	-1
782	-1
783	1795638
784	-1
785	-1
786	1798602
787	-1
788	-1
789	1801566
790	-1
791	-1
792	1804530
793	-1
794	-1
795	1807494
796	-1
797	-1
798	1810458
799	-1
800	-1
801	1813422
802	-1
803	-1
804	1816386
805	-1
806	-1
807	1819350
808	-1
809	-1
810	1822314
811	-1
812	-1
813	1825278
814	-1
815	-1
816	1828242
817	-1
818	-1
819	1831206
820	-1
821	-1
822	1834170
823	-1
824	-1
825	1837134
826	-1
827	-1
828	1840098
829	-1
830	1843062
831	-1
832	-1
833	1846026
834	-1
835	-1
836	1848990
837	-1
838	-1
839	1851954
840	-1
841	-1
842	1854918
843	-1
844	-1
845	1857882
846	-1
847	-1
848	1860846
849	-1
850	-1
851	1863810
852	-1
853	-1
854	1866774
855	-1
856	-1
857	1869738
858	-1
859	-1
860	1872702
861	-1
862	-1
863	1875666
864	-1
865	-1
866	1878630
867	-1
868	-1
869	1881594
870	-1
871	-1
872	1884558
873	-1
874	-1
875	1887522
876	-1
877	-1
878	1890486
879	-1
880	-1
881	1893450
882	-1
883	-1
884	1896414
885	-1
886	-1
887	1899378
888	-1
889	-1
890	1902342
891	-1
892	-1
893	1905306
894	-1
895	-1
896	1908270
897	-1
898	-1
899	1911234
900	-1
901	-1
902	1914198
903	-1
904	-1
905	1917162
906	-1
907	-1
908	1920126
909	-1
910	1923090
911	-1
912	-1
913	1926054
914	-1
915	-1
916	1929018
917	-1
918	-1
919	1931982
920	-1
921	-1
922	1934946
923	-1
924	-1
925	1937910
926	-1
927	-1
928	1940874
929	-1
930	-1
931	1943838
932	-1
933	-1
934	1946802
935	-1
936	-1
937	1949766
938	-1
939	-1
940	1952730
941	-1
942	-1
943	1955694
944	-1
945	-1
946	1958658
947	-1
948	-1
949	1961622
950	-1
951	-1
952	1964586
953	-1
954	-1
955	1967550
956	-1
957	-1
958	1970514
959	-1
960	-1
961	1973478
962	-1
963	-1
964	1976442
965	-1
966	-1
967	1979406
968	-1
969	-1
970	1982370
971	-1
972	-1
973	1985334
974	-1
975	-1
976	1988298
977	-1
978	-1
979	1991262
980	-1
981	-1
982	1994226
983	-1
984	-1
985	1997190
986	-1
987	-1
988	2000154
989	-1
990	-1
991	2003118
992	-1
993	2006082
994	-1
995	-1
996	2009046
997	-1
998	-1
999	2012010
1000	-1
1001	-1
1002	2014974
1003	-1
1004	-1
1005	2017938
1006	-1
1007	-1
1008	2020902
1009	-1
1010	-1
1011	2023866
1012	-1
1013	-1
1014	2026830
1015	-1
1016	-1
1017	2029794
1018	-1
1019	-1
1020	2032758
1021	-1
1022	-1
1023	2035722
1024	-1
1025	-1
1026	2038686
1027	-1
1028	-1
1029	2041650
1030	-1
1031	-1
1032	2044614
1033	-1
1034	-1
1035	2047578
1036	-1
1037	-1
1038	2050542
1039	-1
1040	-1
1041	2053506
1042	-1
1043	-1
1044	2056470
1045	-1
1046	-1
1047	2059434
1048	-1
1049	-1
1050	2062398
1051	-1
1052	-1
1053	2065362
1054	-1
1055	-1
1056	2068326
1057	-1
1058	-1
1059	2071290
1060	-1
1061	-1
1062	2074254
1063	-1
1064	-1
1065	2077218
1066	-1
1067	-1
1068	2080182
1069	-1
1070	-1
1071	2083146
1072	-1
1073	-1
1074	2086110
1075	-1
1076	2089074
1077	-1
1078	-1
1079	2092038
1080	-1
1081	-1
1082	2095002
1083	-1
1084	-1
1085	2097966
1086	-1
1087	-1
1088	2100930
1089	-1
1090	-1
1091	2103894
1092	-1
1093	-1
1094	2106858
1095	-1
1096	-1
1097	2109822
1098	-1
1099	-1
1100	2112786
1101	-1
1102	-1
1103	2115750
1104	-1
1105	-1
1106	2118714
1107	-1
1108	-1
1109	2121678
1110	-1
1111	-1
1112	2124642
1113	-1
1114	-1
1115	2127606
1116	-1
1117	-1
1118	2130570
1119	-1
1120	-1
1121	2133534
1122	-1
1123	-1
1124	2136498
1125	-1
1126	-1
1127	2139462
1128	-1
1129	-1
1130	2142426
1131	-1
1132	-1
1133	2145390
1134	-1
1135	-1
1136	2148354
1137	-1
1138	-1
1139	2151318
1140	-1
1141	-1
1142	2154282
1143	-1
1144	-1
1145	2157246
1146	-1
1147	-1
1148	2160210
1149	-1
1150	-1
1151	2163174
1152	-1
1153	-1
1154	2166138
1155	-1
1156	-1
1157	2169102
1158	-1
1159	2172066
1160	-1
1161	-1
1162	2175030
1163	-1
1164	-1
1165	2177994
1166	-1
1167	-1
1168	2180958
1169	-1
1170	-1
1171	2183922
1172	-1
1173	-1
1174	2186886
1175	-1
1176	-1
1177	2189850
1178	-1
1179	-1
1180	2192814
1181	-1
1182	-1
1183	2195778
1184	-1
1185	-1
1186	2198742
1187	-1
1188	-1
1189	2201706
1190	-1
1191	-1
1192	2204670
1193	-1
1194	-1
1195	2207634
1196	-1
1197	-1
1198	2210598
1199	-1
1200	-1
1201	2213562
1202	-1
1203	-1
1204	2216526
1205	-1
1206	-1
1207	2219490
1208	-1
1209	-1
1210	2222454
1211	-1
1212	-1
1213	2225418
1214	-1
1215	-1
1216	2228382
1217	-1
1218	-1
1219	2231346
1220	-1
1221	-1
1222	2234310
1223	-1
1224	-1
1225	2237274
1226	-1
1227	-1
1228	2240238
1229	-1
1230	-1
1231	2243202
1232	-1
1233	-1
1234	2246166
1235	-1
1236	-1
1237	2249130
1238	-1
1239	2252094
1240	-1
1241	-1
1242	2255058
1243	-1
1244	-1
1245	2258022
1246	-1
1247	-1
1248	2260986
1249	-1
1250	-1
1251	2263950
1252	-1
1253	-1
1254	2266914
1255	-1
1256	-1
1257	2269878
1258	-1
1259	-1
1260	2272842
1261	-1
1262	-1
1263	2275806
1264	-1
1265	-1
1266	2278770
1267	-1
1268	-1
1269	2281734
1270	-1
1271	-1
1272	2284698
1273	-1
1274	-1
1275	2287662
1276	-1
1277	-1
1278	2290626
1279	-1
1280	-1
1281	2293590
1282	-1
1283	-1
1284	2296554
1285	-1
1286	-1
1287	2299518
1288	-1
1289	-1
1290	2302482
1291	-1
1292	-1
1293	2305446
1294	-1
1295	-1
1296	2308410
1297	-1
1298	-1
1299	2311374
1300	-1
1301	-1
1302	2314338
1303	-1
1304	-1
1305	2317302
1306	-1
1307	-1
1308	2320266
1309	-1
1310	-1
1311	2323230
1312	-1
1313	-1
1314	2326194
1315	-1
1316	-1
1317	2329158
1318	-1
1319	-1
1320	2332122
1321	-1
1322	2335086
1323	-1
1324	-1
1325	2338050
1326	-1
1327	-1
1328	2341014
1329	-1
1330	-1
1331	2343978
1332	-1
1333	-1
1334	2346942
1335	-1
1336	-1
1337	2349906
1338	-1
1339	-1
1340	2352870
1341	-1
1342	-1
1343	2355834
1344	-1
1345	-1
1346	2358798
1347	-1
1348	-1
1349	2361762
1350	-1
1351	-1
1352	2364726
1353	-1
1354	-1
1355	2367690
1356	-1
1357	-1
1358	2370654
1359	-1
1360	-1
1361	2373618
1362	-1
1363	-1
1364	2376582
1365	-1
1366	-1
1367	2379546
1368	-1
1369	-1
1370	2382510
1371	-1
1372	-1
1373	2385474
1374	-1
1375	-1
1376	2388438
1377	-1
1378	-1
1379	2391402
1380	-1
1381	-1
1382	2394366
1383	-1
1384	-1
1385	2397330
1386	-1
1387	-1
1388	2400294
1389	-1
1390	-1
1391	2403258
1392	-1
1393	-1
1394	2406222
1395	-1
1396	-1
1397	2409186
1398	-1
1399	-1
1400	2412150
1401	-1
1402	-1
1403	2415114
1404	-1
1405	2418078
1406	-1
1407	-1
1408	2421042
1409	-1
1410	-1
1411	2424006
1412	-1
1413	-1
1414	2426970
1415	-1
1416	-1
1417	2429934
1418	-1
1419	-1
1420	2432898
1421	-1
1422	-1
1423	2435862
1424	-1
1425	-1
1426	2438826
1427	-1
1428	-1
1429	2441790
1430	-1
1431	-1
1432	2444754
1433	-1
1434	-1
1435	2447718
1436	-1
1437	-1
1438	2450682
1439	-1
1440	-1
1441	2453646
1442	-1
1443	-1
1444	2456610
1445	-1
1446	-1
1447	2459574
1448	-1
1449	-1
1450	2462538
1451	-1
1452	-1
1453	2465502
1454	-1
1455	-1
1456	2468466
1457	-1
1458	-1
1459	2471430
1460	-1
1461	-1
1462	2474394
1463	-1
1464	-1
1465	2477358
1466	-1
1467	-1
1468	2480322
1469	-1
1470	-1
1471	2483286
1472	-1
1473	-1
1474	2486250
1475	-1
1476	-1
1477	2489214
1478	-1
1479	-1
1480	2492178
1481	-1
1482	-1
1483	2495142
1484	-1
1485	-1
1486	2498106
1487	-1
1488	2501070
1489	-1
1490	-1
1491	2504034
1492	-1
1493	-1
1494	2506998
1495	-1
1496	-1
1497	2509962
1498	-1
1499	-1
1500	2512926
1501	-1
1502	-1
1503	2515890
1504	-1
1505	-1
1506	2518854
1507	-1
1508	-1
1509	2521818
1510	-1
1511	-1
1512	2524782
1513	-1
1514	-1
1515	2527746
1516	-1
1517	-1
1518	2530710
1519	-1
1520	-1
1521	2533674
1522	-1
1523	-1
1524	2536638
1525	-1
1526	-1
1527	2539602
1528	-1
1529	-1
1530	2542566
1531	-1
1532	-1
1533	2545530
1534	-1
1535	-1
1536	2548494
1537	-1
1538	-1
1539	2551458
1540	-1
1541	-1
1542	2554422
1543	-1
1544	-1
1545	2557386
1546	-1
1547	-1
1548	2560350
1549	-1
1550	-1
1551	2563314
1552	-1
1553	-1
1554	2566278
1555	-1
1556	-1
1557	2569242
1558	-1
1559	-1
1560	2572206
1561	-1
1562	-1
1563	2575170
1564	-1
1565	-1
1566	2578134
1567	-1
1568	-1
1569	2581098
1570	-1
1571	2584062
1572	-1
1573	-1
1574	2587026
1575	-1
1576	-1
1577	2589990
1578	-1
1579	-1
1580	2592954
1581	-1
1582	-1
1583	2595918
1584	-1
1585	-1
1586	2598882
1587	-1
1588	-1
1589	2601846
1590	-1
1591	-1
1592	2604810
1593	-1
1594	-1
1595	2607774
1596	-1
1597	-1
1598	2610738
1599	-1
1600	-1
1601	2613702
1602	-1
1603	-1
1604	2616666
1605	-1
1606	-1
1607	2619630
1608	-1
1609	-1
1610	2622594
1611	-1
1612	-1
1613	2625558
1614	-1
1615	-1
1616	2628522
1617	-1
1618	-1
1619	2631486
1620	-1
1621	-1
1622	2634450
1623	-1
1624	-1
1625	2637414
1626	-1
1627	-1
1628	2640378
1629	-1
1630	-1
1631	2643342
1632	-1
1633	-1
1634	2646306
1635	-1
1636	-1
1637	2649270
1638	-1
1639	-1
1640	2652234
1641	-1
1642	-1
1643	2655198
1644	-1
1645	-1
1646	2658162
1647	-1
1648	-1
1649	2661126
1650	-1
1651	2664090
1652	-1
1653	-1
1654	2667054
1655	-1
1656	-1
1657	2670018
1658	-1
1659	-1
1660	2672982
1661	-1
1662	-1
1663	2675946
1664	-1
1665	-1
1666	2678910
1667	-1
1668	-1
1669	2681874
1670	-1
1671	-1
1672	2684838
1673	-1
1674	-1
1675	2687802
1676	-1
1677	-1
1678	2690766
1679	-1
1680	-1
1681	2693730
1682	-1
1683	-1
1684	2696694
1685	-1
1686	-1
1687	2699658
1688	-1
1689	-1
1690	2702622
1691	-1
1692	-1
1693	2705586
1694	-1
1695	-1
1696	2708550
1697	-1
1698	-1
1699	2711514
1700	-1
1701	-1
1702	2714478
1703	-1
1704	-1
1705	2717442
1706	-1
1707	-1
1708	2720406
1709	-1
1710	-1
1711	2723370
1712	-1
1713	-1
1714	2726334
1715	-1
1716	-1
1717	2729298
1718	-1
1719	-1
1720	2732262
1721	-1
1722	-1
1723	2735226
1724	-1
1725	-1
1726	2738190
1727	-1
1728	-1
1729	2741154
1730	-1
1731	-1
1732	2744118
1733	-1
1734	2747082
1735	-1
1736	-1
1737	2750046
1738	-1
1739	-1
1740	2753010
1741	-1
1742	-1
1743	2755974
1744	-1
1745	-1
1746	2758938
1747	-1
1748	-1
1749	2761902
1750	-1
1751	-1
1752	2764866
1753	-1
1754	-1
1755	2767830
1756	-1
1757	-1
1758	2770794
1759	-1
1760	-1
1761	2773758
1762	-1
1763	-1
1764	2776722
1765	-1
1766	-1
1767	2779686
1768	-1
1769	-1
1770	2782650
1771	-1
1772	-1
1773	2785614
1774	-1
1775	-1
1776	2788578
1777	-1
1778	-1
1779	2791542
1780	-1
1781	-1
1782	2794506
1783	-1
1784	-1
1785	2797470
1786	-1
1787	-1
1788	2800434
1789	-1
1790	-1
1791	2803398
1792	-1
1793	-1
1794	2806362
1795	-1
1796	-1
1797	2809326
1798	-1
1799	-1
1800	2812290
1801	-1
1802	-1
1803	2815254
1804	-1
1805	-1
1806	2818218
1807	-1
1808	-1
1809	2821182
1810	-1
1811	-1
1812	2824146
1813	-1
1814	-1
1815	2827110
1816	-1
1817	2830074
1818	-1
1819	-1
1820	2833038
1821	-1
1822	-1
1823	2836002
1824	-1
1825	-1
1826	2838966
1827	-1
1828	-1
1829	2841930
1830	-1
1831	-1
1832	2844894
1833	-1
1834	-1
1835	2847858
1836	-1
1837	-1
1838	2850822
1839	-1
1840	-1
1841	2853786
1842	-1
1843	-1
1844	2856750
1845	-1
1846	-1
1847	2859714
1848	-1
1849	-1
1850	2862678
1851	-1
1852	-1
1853	2865642
1854	-1
1855	-1
1856	2868606
1857	-1
1858	-1
1859	2871570
1860	-1
1861	-1
1862	2874534
1863	-1
1864	-1
1865	2877498
1866	-1
1867	-1
1868	2880462
1869	-1
1870	-1
1871	2883426
1872	-1
1873	-1
1874	2886390
1875	-1
1876	-1
1877	2889354
1878	-1
1879	-1
1880	2892318
1881	-1
1882	-1
1883	2895282
1884	-1
1885	-1
1886	2898246
1887	-1
1888	-1
1889	2901210
1890	-1
1891	-1
1892	2904174
1893	-1
1894	-1
1895	2907138
1896	-1
1897	-1
1898	2910102
1899	-1
1900	2913066
1901	-1
1902	-1
1903	2916030
1904	-1
1905	-1
1906	2918994
1907	-1
1908	-1
1909	2921958
1910	-1
1911	-1
1912	2924922
1913	-1
1914	-1
1915	2927886
1916	-1
1917	-1
1918	2930850
1919	-1
1920	-1
1921	2933814
1922	-1
1923	-1
1924	2936778
1925	-1
1926	-1
1927	2939742
1928	-1
1929	-1
1930	2942706
1931	-1
1932	-1
1933	2945670
1934	-1
1935	-1
1936	2948634
1937	-1
1938	-1
1939	2951598
1940	-1
1941	-1
1942	2954562
1943	-1
1944	-1
1945	2957526
1946	-1
1947	-1
1948	2960490
1949	-1
1950	-1
1951	2963454
1952	-1
1953	-1
1954	2966418
1955	-1
1956	-1
1957	2969382
1958	-1
1959	-1
1960	2972346
1961	-1
1962	-1
1963	2975310
1964	-1
1965	-1
1966	2978274
1967	-1
1968	-1
1969	2981238
1970	-1
1971	-1
1972	2984202
1973	-1
1974	-1
1975	2987166
1976	-1
1977	-1
1978	2990130
1979	-1
1980	2993094
1981	-1
1982	-1
1983	2996058
1984	-1
1985	-1
1986	2999022
1987	-1
1988	-1
1989	3001986
1990	-1
1991	-1
1992	3004950
1993	-1
1994	-1
1995	3007914
1996	-1
1997	-1
1998	3010878
1999	-1
2000	-1
2001	3013842
2002	-1
2003	-1
2004	3016806
2005	-1
2006	-1
2007	3019770
2008	-1
2009	-1
2010	3022734
2011	-1
2012	-1
2013	3025698
2014	-1
2015	-1
2016	3028662
2017	-1
2018	-1
2019	3031626
2020	-1
2021	-1
2022	3034590
2023	-1
2024	-1
2025	3037554
2026	-1
2027	-1
2028	3040518
2029	-1
2030	-1
2031	3043482
2032	-1
2033	-1
2034	3046446
2035	-1
2036	-1
2037	3049410
2038	-1
2039	-1
2040	3052374
2041	-1
2042	-1
2043	3055338
2044	-1
2045	-1
2046	3058302
2047	-1
2048	-1
2049	3061266
2050	-1
2051	-1
2052	3064230
2053	-1
2054	-1
2055	3067194
2056	-1
2057	-1
2058	3070158
2059	-1
2060	-1
2061	3073122
2062	-1
2063	3076086
2064	-1
2065	-1
2066	3079050
2067	-1
2068	-1
2069	3082014
2070	-1
2071	-1
2072	3084978
2073	-1
2074	-1
2075	3087942
2076	-1
2077	-1
2078	3090906
2079	-1
2080	-1
2081	3093870
2082	-1
2083	-1
2084	3096834
2085	-1
2086	-1
2087	3099798
2088	-1
2089	-1
2090	3102762
2091	-1
2092	-1
2093	3105726
2094	-1
2095	-1
2096	3108690
2097	-1
2098	-1
2099	3111654
2100	-1
2101	-1
2102	3114618
2103	-1
2104	-1
2105	3117582
2106	-1
2107	-1
2108	3120546
2109	-1
2110	-1
2111	3123510
2112	-1
2113	-1
2114	3126474
2115	-1
2116	-1
2117	3129438
2118	-1
2119	-1
2120	3132402
2121	-1
2122	-1
2123	3135366
2124	-1
2125	-1
2126	3138330
2127	-1
2128	-1
2129	3141294
2130	-1
2131	-1
2132	3144258
2133	-1
2134	-1
2135	3147222
2136	-1
2137	-1
2138	3150186
2139	-1
2140	-1
2141	3153150
2142	-1
2143	-1
2144	3156114
2145	-1
2146	3159078
2147	-1
2148	-1
2149	3162042
2150	-1
2151	-1
2152	3165006
2153	-1
2154	-1
2155	3167970
2156	-1
2157	-1
2158	3170934
2159	-1
2160	-1
2161	3173898
2162	-1
2163	-1
2164	3176862
2165	-1
2166	-1
2167	3179826
2168	-1
2169	-1
2170	3182790
2171	-1
2172	-1
2173	3185754
2174	-1
2175	-1
2176	3188718
2177	-1
2178	-1
2179	3191682
2180	-1
2181	-1
2182	3194646
2183	-1
2184	-1
2185	3197610
2186	-1
2187	-1
2188	3200574
2189	-1
2190	-1
2191	3203538
2192	-1
2193	-1
2194	3206502
2195	-1
2196	-1
2197	3209466
2198	-1
2199	-1
2200	3212430
2201	-1
2202	-1
2203	3215394
2204	-1
2205	-1
2206	3218358
2207	-1
2208	-1
2209	3221322
2210	-1
2211	-1
2212	3224286
2213	-1
2214	-1
2215	3227250
2216	-1
2217	-1
2218	3230214
2219	-1
2220	-1
2221	3233178
2222	-1
2223	-1
2224	3236142
2225	-1
2226	-1
2227	3239106
2228	-1
2229	3242070
2230	-1
2231	-1
2232	3245034
2233	-1
2234	-1
2235	3247998
2236	-1
2237	-1
2238	3250962
2239	-1
2240	-1
2241	3253926
2242	-1
2243	-1
2244	3256890
2245	-1
2246	-1
2247	3259854
2248	-1
2249	-1
2250	3262818
2251	-1
2252	-1
2253	3265782
2254	-1
2255	-1
2256	3268746
2257	-1
2258	-1
2259	3271710
2260	-1
2261	-1
2262	3274674
2263	-1
2264	-1
2265	3277638
2266	-1
2267	-1
2268	3280602
2269	-1
2270	-1
2271	3283566
2272	-1
2273	-1
2274	3286530
2275	-1
2276	-1
2277	3289494
2278	-1
2279	-1
2280	3292458
2281	-1
2282	-1
2283	3295422
2284	-1
2285	-1
2286	3298386
2287	-1
2288	-1
2289	3301350
2290	-1
2291	-1
2292	3304314
2293	-1
2294	-1
2295	3307278
2296	-1
2297	-1
2298	3310242
2299	-1
2300	-1
2301	3313206
2302	-1
2303	-1
2304	3316170
2305	-1
2306	-1
2307	3319134
2308	-1
2309	-1
2310	3322098
2311	-1
2312	3325062
2313	-1
2314	-1
2315	3328026
2316	-1
2317	-1
2318	3330990
2319	-1
2320	-1
2321	3333954
2322	-1
2323	-1
2324	3336918
2325	-1
2326	-1
2327	3339882
2328	-1
2329	-1
2330	3342846
2331	-1
2332	-1
2333	3345810
2334	-1
2335	-1
2336	3348774
2337	-1
2338	-1
2339	3351738
2340	-1
2341	-1
2342	3354702
2343	-1
2344	-1
2345	3357666
2346	-1
2347	-1
2348	3360630
2349	-1
2350	-1
2351	3363594
2352	-1
2353	-1
2354	3366558
2355	-1
2356	-1
2357	3369522
2358	-1
2359	-1
2360	3372486
2361	-1
2362	-1
2363	3375450
2364	-1
2365	-1
2366	3378414
2367	-1
2368	-1
2369	3381378
2370	-1
2371	-1
2372	3384342
2373	-1
2374	-1
2375	3387306
2376	-1
2377	-1
2378	3390270
2379	-1
2380	-1
2381	3393234
2382	-1
2383	-1
2384	3396198
2385	-1
2386	-1
2387	3399162
2388	-1
2389	-1
2390	3402126
2391	-1
2392	3405090
2393	-1
2394	-1
2395	3408054
2396	-1
2397	-1
2398	3411018
2399	-1
2400	-1
2401	3413982
2402	-1
2403	-1
2404	3416946
2405	-1
2406	-1
2407	3419910
2408	-1
2409	-1
2410	3422874
2411	-1
2412	-1
2413	3425838
2414	-1
2415	-1
2416	3428802
2417	-1
2418	-1
2419	3431766
2420	-1
2421	-1
2422	3434730
2423	-1
2424	-1
2425	3437694
2426	-1
2427	-1
2428	3440658
2429	-1
2430	-1
2431	3443622
2432	-1
2433	-1
2434	3446586
2435	-1
2436	-1
2437	3449550
2438	-1
2439	-1
2440	3452514
2441	-1
2442	-1
2443	3455478
2444	-1
2445	-1
2446	3458442
2447	-1
2448	-1
2449	3461406
2450	-1
2451	-1
2452	3464370
2453	-1
2454	-1
2455	3467334
2456	-1
2457	-1
2458	3470298
2459	-1
2460	-1
2461	3473262
2462	-1
2463	-1
2464	3476226
2465	-1
2466	-1
2467	3479190
2468	-1
2469	-1
2470	3482154
2471	-1
2472	-1
2473	3485118
2474	-1
2475	3488082
2476	-1
2477	-1
2478	3491046
2479	-1
2480	-1
2481	3494010
2482	-1
2483	-1
2484	3496974
2485	-1
2486	-1
2487	3499938
2488	-1
2489	-1
2490	3502902
2491	-1
2492	-1
2493	3505866
2494	-1
2495	-1
2496	3508830
2497	-1
2498	-1
2499	3511794
2500	-1
2501	-1
2502	3514758
2503	-1
2504	-1
2505	3517722
2506	-1
2507	-1
2508	3520686
2509	-1
2510	-1
2511	3523650
2512	-1
2513	-1
2514	3526614
2515	-1
2516	-1
2517	3529578
2518	-1
2519	-1
2520	3532542
2521	-1
2522	-1
2523	3535506
2524	-1
2525	-1
2526	3538470
2527	-1
2528	-1
2529	3541434
2530	-1
2531	-1
2532	3544398
2533	-1
2534	-1
2535	3547362
2536	-1
2537	-1
2538	3550326
2539	-1
2540	-1
2541	3553290
2542	-1
2543	-1
2544	3556254
2545	-1
2546	-1
2547	3559218
2548	-1
2549	-1
2550	3562182
2551	-1
2552	-1
2553	3565146
2554	-1
2555	-1
2556	3568110
2557	-1
2558	3571074
2559	-1
2560	-1
2561	3574038
2562	-1
2563	-1
2564	3577002
2565	-1
2566	-1
2567	3579966
2568	-1
2569	-1
2570	3582930
2571	-1
2572	-1
2573	3585894
2574	-1
2575	-1
2576	3588858
2577	-1
2578	-1
2579	3591822
2580	-1
2581	-1
2582	3594786
2583	-1
2584	-1
2585	3597750
2586	-1
2587	-1
2588	3600714
2589	-1
2590	-1
2591	3603678
2592	-1
2593	-1
2594	3606642
2595	-1
2596	-1
2597	3609606
2598	-1
2599	-1
2600	3612570
2601	-1
2602	-1
2603	3615534
2604	-1
2605	-1
2606	3618498
2607	-1
2608	-1
2609	3621462
2610	-1
2611	-1
2612	3624426
2613	-1
2614	-1
2615	3627390
2616	-1
2617	-1
2618	3630354
2619	-1
2620	-1
2621	3633318
2622	-1
2623	-1
2624	3636282
2625	-1
2626	-1
2627	3639246
2628	-1
2629	-1
2630	3642210
2631	-1
2632	-1
2633	3645174
2634	-1
2635	-1
2636	3648138
2637	-1
2638	-1
2639	3651102
2640	-1
2641	3654066
2642	-1
2643	-1
2644	3657030
2645	-1
2646	-1
2647	3659994
2648	-1
2649	-1
2650	3662958
2651	-1
2652	-1
2653	3665922
2654	-1
2655	-1
2656	3668886
2657	-1
2658	-1
2659	3671850
2660	-1
2661	-1
2662	3674814
2663	-1
2664	-1
2665	3677778
2666	-1
2667	-1
2668	3680742
2669	-1
2670	-1
2671	3683706
2672	-1
2673	-1
2674	3686670
2675	-1
2676	-1
2677	3689634
2678	-1
2679	-1
2680	3692598
2681	-1
2682	-1
2683	3695562
2684	-1
2685	-1
2686	3698526
2687	-1
2688	-1
2689	3701490
2690	-1
2691	-1
2692	3704454
2693	-1
2694	-1
2695	3707418
2696	-1
2697	-1
2698	3710382
2699	-1
2700	-1
2701	3713346
2702	-1
2703	-1
2704	3716310
2705	-1
2706	-1
2707	3719274
2708	-1
2709	-1
2710	3722238
2711	-1
2712	-1
2713	3725202
2714	-1
2715	-1
2716	3728166
2717	-1
2718	-1
2719	3731130
2720	-1
2721	3734094
2722	-1
2723	-1
2724	3737058
2725	-1
2726	-1
2727	3740022
2728	-1
2729	-1
2730	3742986
2731	-1
2732	-1
2733	3745950
2734	-1
2735	-1
2736	3748914
2737	-1
2738	-1
2739	3751878
2740	-1
2741	-1
2742	3754842
2743	-1
2744	-1
2745	3757806
2746	-1
2747	-1
2748	3760770
2749	-1
2750	-1
2751	3763734
2752	-1
2753	-1
2754	3766698
2755	-1
2756	-1
2757	3769662
2758	-1
2759	-1
2760	3772626
2761	-1
2762	-1
2763	3775590
2764	-1
2765	-1
2766	3778554
2767	-1
2768	-1
2769	3781518
2770	-1
2771	-1
2772	3784482
2773	-1
2774	-1
2775	3787446
2776	-1
2777	-1
2778	3790410
2779	-1
2780	-1
2781	3793374
2782	-1
2783	-1
2784	3796338
2785	-1
2786	-1
2787	3799302
2788	-1
2789	-1
2790	3802266
2791	-1
2792	-1
2793	3805230
2794	-1
2795	-1
2796	3808194
2797	-1
2798	-1
2799	3811158
2800	-1
2801	-1
2802	3814122
2803	-1
2804	3817086
2805	-1
2806	-1
2807	3820050
2808	-1
2809	-1
2810	3823014
2811	-1
2812	-1
2813	3825978
2814	-1
2815	-1
2816	3828942
2817	-1
2818	-1
2819	3831906
2820	-1
2821	-1
2822	3834870
2823	-1
2824	-1
2825	3837834
2826	-1
2827	-1
2828	3840798
2829	-1
2830	-1
2831	3843762
2832	-1
2833	-1
2834	3846726
2835	-1
2836	-1
2837	3849690
2838	-1
2839	-1
2840	3852654
2841	-1
2842	-1
2843	3855618
2844	-1
2845	-1
2846	3858582
2847	-1
2848	-1
2849	3861546
2850	-1
2851	-1
2852	3864510
2853	-1
2854	-1
2855	3867474
2856	-1
2857	-1
2858	3870438
2859	-1
2860	-1
2861	3873402
2862	-1
2863	-1
2864	3876366
2865	-1
2866	-1
2867	3879330
2868	-1
2869	-1
2870	3882294
2871	-1
2872	-1
2873	3885258
2874	-1
2875	-1
2876	3888222
2877	-1
2878	-1
2879	3891186
2880	-1
2881	-1
2882	3894150
2883	-1
2884	-1
2885	3897114
2886	-1
2887	3900078
2888	-1
2889	-1
2890	3903042
2891	-1
2892	-1
2893	3906006
2894	-1
2895	-1
2896	3908970
2897	-1
2898	-1
2899	3911934
2900	-1
2901	-1
2902	3914898
2903	-1
2904	-1
2905	3917862
2906	-1
2907	-1
2908	3920826
2909	-1
2910	-1
2911	3923790
2912	-1
2913	-1
2914	3926754
2915	-1
2916	-1
2917	3929718
2918	-1
2919	-1
2920	3932682
2921	-1
2922	-1
2923	3935646
2924	-1
2925	-1
2926	3938610
2927	-1
2928	-1
2929	3941574
2930	-1
2931	-1
2932	3944538
2933	-1
2934	-1
2935	3947502
2936	-1
2937	-1
2938	3950466
2939	-1
2940	-1
2941	3953430
2942	-1
2943	-1
2944	3956394
2945	-1
2946	-1
2947	3959358
2948	-1
2949	-1
2950	3962322
2951	-1
2952	-1
2953	3965286
2954	-1
2955	-1
2956	3968250
2957	-1
2958	-1
2959	3971214
2960	-1
2961	-1
2962	3974178
2963	-1
2964	-1
2965	3977142
2966	-1
2967	-1
2968	3980106
2969	-1
2970	3983070
2971	-1
2972	-1
2973	3986034
2974	-1
2975	-1
2976	3988998
2977	-1
2978	-1
2979	3991962
2980	-1
2981	-1
2982	3994926
2983	-1
2984	-1
2985	3997890
2986	-1
2987	-1
2988	4000854
2989	-1
2990	-1
2991	4003818
2992	-1
2993	-1
2994	4006782
2995	-1
2996	-1
2997	4009746
2998	-1
2999	-1
3000	4012710
3001	-1
3002	-1
3003	4015674
3004	-1
3005	-1
3006	4018638
3007	-1
3008	-1
3009	4021602
3010	-1
3011	-1
3012	4024566
3013	-1
3014	-1
3015	4027530
3016	-1
3017	-1
3018	4030494
3019	-1
3020	-1
3021	4033458
3022	-1
3023	-1
3024	4036422
3025	-1
3026	-1
3027	4039386
3028	-1
3029	-1
3030	4042350
3031	-1
3032	-1
3033	4045314
3034	-1
3035	-1
3036	4048278
3037	-1
3038	-1
3039	4051242
3040	-1
3041	-1
3042	4054206
3043	-1
3044	-1
3045	4057170
3046	-1
3047	-1
3048	4060134
3049	-1
3050	-1
3051	4063098
3052	-1
3053	4066062
3054	-1
3055	-1
3056	4069026
3057	-1
3058	-1
3059	4071990
3060	-1
3061	-1
3062	4074954
3063	-1
3064	-1
3065	4077918
3066	-1
3067	-1
3068	4080882
3069	-1
3070	-1
3071	4083846
3072	-1
3073	-1
3074	4086810
3075	-1
3076	-1
3077	4089774
3078	-1
3079	-1
3080	4092738
3081	-1
3082	-1
3083	4095702
3084	-1
3085	-1
3086	4098666
3087	-1
3088	-1
3089	4101630
3090	-1
3091	-1
3092	4104594
3093	-1
3094	-1
3095	4107558
3096	-1
3097	-1
3098	4110522
3099	-1
3100	-1
3101	4113486
3102	-1
3103	-1
3104	4116450
3105	-1
3106	-1
3107	4119414
3108	-1
3109	-1
3110	4122378
3111	-1
3112	-1
3113	4125342
3114	-1
3115	-1
3116	4128306
3117	-1
3118	-1
3119	4131270
3120	-1
3121	-1
3122	4134234
3123	-1
3124	-1
3125	4137198
3126	-1
3127	-1
3128	4140162
3129	-1
3130	-1
3131	4143126
3132	-1
3133	4146090
3134	-1
3135	-1
3136	4149054
3137	-1
3138	-1
3139	4152018
3140	-1
3141	-1
3142	4154982
3143	-1
3144	-1
3145	4157946
3146	-1
3147	-1
3148	4160910
3149	-1
3150	-1
3151	4163874
3152	-1
3153	-1
3154	4166838
3155	-1
3156	-1
3157	4169802
3158	-1
3159	-1
3160	4172766
3161	-1
3162	-1
3163	4175730
3164	-1
3165	-1
3166	4178694
3167	-1
3168	-1
3169	4181658
3170	-1
3171	-1
3172	4184622
3173	-1
3174	-1
3175	4187586
3176	-1
3177	-1
3178	4190550
3179	-1
3180	-1
3181	4193514
3182	-1
3183	-1
3184	4196478
3185	-1
3186	-1
3187	4199442
3188	-1
3189	-1
3190	4202406
3191	-1
3192	-1
3193	4205370
3194	-1
3195	-1
3196	4208334
3197	-1
3198	-1
3199	4211298
3200	-1
3201	-1
3202	4214262
3203	-1
3204	-1
3205	4217226
3206	-1
3207	-1
3208	4220190
3209	-1
3210	-1
3211	4223154
3212	-1
3213	-1
3214	4226118
3215	-1
3216	4229082
3217	-1
3218	-1
3219	4232046
3220	-1
3221	-1
3222	4235010
3223	-1
3224	-1
3225	4237974
3226	-1
3227	-1
3228	4240938
3229	-1
3230	-1
3231	4243902
3232	-1
3233	-1
3234	4246866
3235	-1
3236	-1
3237	4249830
3238	-1
3239	-1
3240	4252794
3241	-1
3242	-1
3243	4255758
3244	-1
3245	-1
3246	4258722
3247	-1
3248	-1
3249	4261686
3250	-1
3251	-1
3252	4264650
3253	-1
3254	-1
3255	4267614
3256	-1
3257	-1
3258	4270578
3259	-1
3260	-1
3261	4273542
3262	-1
3263	-1
3264	4276506
3265	-1
3266	-1
3267	4279470
3268	-1
3269	-1
3270	4282434
3271	-1
3272	-1
3273	4285398
3274	-1
3275	-1
3276	4288362
3277	-1
3278	-1
3279	4291326
3280	-1
3281	-1
3282	4294290
3283	-1
3284	-1
3285	4297254
3286	-1
3287	-1
3288	4300218
3289	-1
3290	-1
3291	4303182
3292	-1
3293	-1
3294	4306146
3295	-1
3296	-1
3297	4309110
3298	-1
3299	4312074
3300	-1
3301	-1
3302	4315038
3303	-1
3304	-1
3305	4318002
3306	-1
3307	-1
3308	4320966
3309	-1
3310	-1
3311	4323930
3312	-1
3313	-1
3314	4326894
3315	-1
3316	-1
3317	4329858
3318	-1
3319	-1
3320	4332822
3321	-1
3322	-1
3323	4335786
3324	-1
3325	-1
3326	4338750
3327	-1
3328	-1
3329	4341714
3330	-1
3331	-1
3332	4344678
3333	-1
3334	-1
3335	4347642
3336	-1
3337	-1
3338	4350606
3339	-1
3340	-1
3341	4353570
3342	-1
3343	-1
3344	4356534
3345	-1
3346	-1
3347	4359498
3348	-1
3349	-1
3350	4362462
3351	-1
3352	-1
3353	4365426
3354	-1
3355	-1
3356	4368390
3357	-1
3358	-1
3359	4371354
3360	-1
3361	-1
3362	4374318
3363	-1
3364	-1
3365	4377282
3366	-1
3367	-1
3368	4380246
3369	-1
3370	-1
3371	4383210
3372	-1
3373	-1
3374	4386174
3375	-1
3376	-1
3377	4389138
3378	-1
3379	-1
3380	4392102
3381	-1
3382	4395066
3383	-1
3384	-1
3385	4398030
3386	-1
3387	-1
3388	4400994
3389	-1
3390	-1
3391	4403958
3392	-1
3393	-1
3394	4406922
3395	-1
3396	-1
3397	4409886
3398	-1
3399	-1
3400	4412850
3401	-1
3402	-1
3403	4415814
3404	-1
3405	-1
3406	4418778
3407	-1
3408	-1
3409	4421742
3410	-1
3411	-1
3412	4424706
3413	-1
3414	-1
3415	4427670
3416	-1
3417	-1
3418	4430634
3419	-1
3420	-1
3421	4433598
3422	-1
3423	-1
3424	4436562
3425	-1
3426	-1
3427	4439526
3428	-1
3429	-1
3430	4442490
3431	-1
3432	-1
3433	4445454
3434	-1
3435	-1
3436	4448418
3437	-1
3438	-1
3439	4451382
3440	-1
3441	-1
3442	4454346
3443	-1
3444	-1
3445	4457310
3446	-1
3447	-1
3448	4460274
3449	-1
3450	-1
3451	4463238
3452	-1
3453	-1
3454	4466202
3455	-1
3456	-1
3457	4469166
3458	-1
3459	-1
3460	4472130
3461	-1
3462	4475094
3463	-1
3464	-1
3465	4478058
3466	-1
3467	-1
3468	4481022
3469	-1
3470	-1
3471	4483986
3472	-1
3473	-1
3474	4486950
3475	-1
3476	-1
3477	4489914
3478	-1
3479	-1
3480	4492878
3481	-1
3482	-1
3483	4495842
3484	-1
3485	-1
3486	4498806
3487	-1
3488	-1
3489	4501770
3490	-1
3491	-1
3492	4504734
3493	-1
3494	-1
3495	4507698
3496	-1
3497	-1
3498	4510662
3499	-1
3500	-1
3501	4513626
3502	-1
3503	-1
3504	4516590
3505	-1
3506	-1
3507	4519554
3508	-1
3509	-1
3510	4522518
3511	-1
3512	-1
3513	4525482
3514	-1
3515	-1
3516	4528446
3517	-1
3518	-1
3519	4531410
3520	-1
3521	-1
3522	4534374
3523	-1
3524	-1
3525	4537338
3526	-1
3527	-1
3528	4540302
3529	-1
3530	-1
3531	4543266
3532	-1
3533	-1
3534	4546230
3535	-1
3536	-1
3537	4549194
3538	-1
3539	-1
3540	4552158
3541	-1
3542	-1
3543	4555122
3544	-1
3545	4558086
3546	-1
3547	-1
3548	4561050
3549	-1
3550	-1
3551	4564014
3552	-1
3553	-1
3554	4566978
3555	-1
3556	-1
3557	4569942
3558	-1
3559	-1
3560	4572906
3561	-1
3562	-1
3563	4575870
3564	-1
3565	-1
3566	4578834
3567	-1
3568	-1
3569	4581798
3570	-1
3571	-1
3572	4584762
3573	-1
3574	-1
3575	4587726
3576	-1
3577	-1
3578	4590690
3579	-1
3580	-1
3581	4593654
3582	-1
3583	-1
3584	4596618
3585	-1
3586	-1
3587	4599582
3588	-1
3589	-1
3590	4602546
3591	-1
3592	-1
3593	4605510
3594	-1
3595	-1
3596	4608474
3597	-1
3598	-1
3599	4611438
3600	-1
3601	-1
3602	4614402
3603	-1
3604	-1
3605	4617366
3606	-1
3607	-1
3608	4620330
3609	-1
3610	-1
3611	4623294
3612	-1
3613	-1
3614	4626258
3615	-1
3616	-1
3617	4629222
3618	-1
3619	-1
3620	4632186
3621	-1
3622	-1
3623	4635150
3624	-1
3625	-1
3626	4638114
3627	-1
3628	4641078
3629	-1
3630	-1
3631	4644042
3632	-1
3633	-1
3634	4647006
3635	-1
3636	-1
3637	4649970
3638	-1
3639	-1
3640	4652934
3641	-1
3642	-1
3643	4655898
3644	-1
3645	-1
3646	4658862
3647	-1
3648	-1
3649	4661826
3650	-1
3651	-1
3652	4664790
3653	-1
3654	-1
3655	4667754
3656	-1
3657	-1
3658	4670718
3659	-1
3660	-1
3661	4673682
3662	-1
3663	-1
3664	4676646
3665	-1
3666	-1
3667	4679610
3668	-1
3669	-1
3670	4682574
3671	-1
3672	-1
3673	4685538
3674	-1
3675	-1
3676	4688502
3677	-1
3678	-1
3679	4691466
3680	-1
3681	-1
3682	4694430
3683	-1
3684	-1
3685	4697394
3686	-1
3687	-1
3688	4700358
3689	-1
3690	-1
3691	4703322
3692	-1
3693	-1
3694	4706286
3695	-1
3696	-1
3697	4709250
3698	-1
3699	-1
3700	4712214
3701	-1
3702	-1
3703	4715178
3704	-1
3705	-1
3706	4718142
3707	-1
3708	-1
3709	4721106
3710	-1
3711	4724070
3712	-1
3713	-1
3714	4727034
3715	-1
3716	-1
3717	4729998
3718	-1
3719	-1
3720	4732962
3721	-1
3722	-1
3723	4735926
3724	-1
3725	-1
3726	4738890
3727	-1
3728	-1
3729	4741854
3730	-1
3731	-1
3732	4744818
3733	-1
3734	-1
3735	4747782
3736	-1
3737	-1
3738	4750746
3739	-1
3740	-1
3741	4753710
3742	-1
3743	-1
3744	4756674
3745	-1
3746	-1
3747	4759638
3748	-1
3749	-1
3750	4762602
3751	-1
3752	-1
3753	4765566
3754	-1
3755	-1
3756	4768530
3757	-1
3758	-1
3759	4771494
3760	-1
3761	-1
3762	4774458
3763	-1
3764	-1
3765	4777422
3766	-1
3767	-1
3768	4780386
3769	-1
3770	-1
3771	4783350
3772	-1
3773	-1
3774	4786314
3775	-1
3776	-1
3777	4789278
3778	-1
3779	-1
3780	4792242
3781	-1
3782	-1
3783	4795206
3784	-1
3785	-1
3786	4798170
3787	-1
3788	-1
3789	4801134
3790	-1
3791	-1
3792	4804098
3793	-1
3794	4807062
3795	-1
3796	-1
3797	4810026
3798	-1
3799	-1
3800	4812990
3801	-1
3802	-1
3803	4815954
3804	-1
3805	-1
3806	4818918
3807	-1
3808	-1
3809	4821882
3810	-1
3811	-1
3812	4824846
3813	-1
3814	-1
3815	4827810
3816	-1
3817	-1
3818	4830774
3819	-1
3820	-1
3821	4833738
3822	-1
3823	-1
3824	4836702
3825	-1
3826	-1
3827	4839666
3828	-1
3829	-1
3830	4842630
3831	-1
3832	-1
3833	4845594
3834	-1
3835	-1
3836	4848558
3837	-1
3838	-1
3839	4851522
3840	-1
3841	-1
3842	4854486
3843	-1
3844	-1
3845	4857450
3846	-1
3847	-1
3848	4860414
3849	-1
3850	-1
3851	4863378
3852	-1
3853	-1
3854	4866342
3855	-1
3856	-1
3857	4869306
3858	-1
3859	-1
3860	4872270
3861	-1
3862	-1
3863	4875234
3864	-1
3865	-1
3866	4878198
3867	-1
3868	-1
3869	4881162
3870	-1
3871	-1
3872	4884126
3873	-1
3874	4887090
3875	-1
3876	-1
3877	4890054
3878	-1
3879	-1
3880	4893018
3881	-1
3882	-1
3883	4895982
3884	-1
3885	-1
3886	4898946
3887	-1
3888	-1
3889	4901910
3890	-1
3891	-1
3892	4904874
3893	-1
3894	-1
3895	4907838
3896	-1
3897	-1
3898	4910802
3899	-1
3900	-1
3901	4913766
3902	-1
3903	-1
3904	4916730
3905	-1
3906	-1
3907	4919694
3908	-1
3909	-1
3910	4922658
3911	-1
3912	-1
3913	4925622
3914	-1
3915	-1
3916	4928586
3917	-1
3918	-1
3919	4931550
3920	-1
3921	-1
3922	4934514
3923	-1
3924	-1
3925	4937478
3926	-1
3927	-1
3928	4940442
3929	-1
3930	-1
3931	4943406
3932	-1
3933	-1
3934	4946370
3935	-1
3936	-1
3937	4949334
3938	-1
3939	-1
3940	4952298
3941	-1
3942	-1
3943	4955262
3944	-1
3945	-1
3946	4958226
3947	-1
3948	-1
3949	4961190
3950	-1
3951	-1
3952	4964154
3953	-1
3954	-1
3955	4967118
3956	-1
3957	4970082
3958	-1
3959	-1
3960	4973046
3961	-1
3962	-1
3963	4976010
3964	-1
3965	-1
3966	4978974
3967	-1
3968	-1
3969	4981938
3970	-1
3971	-1
3972	4984902
3973	-1
3974	-1
3975	4987866
3976	-1
3977	-1
3978	4990830
3979	-1
3980	-1
3981	4993794
3982	-1
3983	-1
3984	4996758
3985	-1
3986	-1
3987	4999722
3988	-1
3989	-1
3990	5002686
3991	-1
3992	-1
3993	5005650
3994	-1
3995	-1
3996	5008614
3997	-1
3998	-1
3999	5011578
4000	-1
4001	-1
4002	5014542
4003	-1
4004	-1
4005	5017506
4006	-1
4007	-1
4008	5020470
4009	-1
4010	-1
4011	5023434
4012	-1
4013	-1
4014	5026398
4015	-1
4016	-1
4017	5029362
4018	-1
4019	-1
4020	5032326
4021	-1
4022	-1
4023	5035290
4024	-1
4025	-1
4026	5038254
4027	-1
4028	-1
4029	5041218
4030	-1
4031	-1
4032	5044182
4033	-1
4034	-1
4035	5047146
4036	-1
4037	-1
4038	5050110
4039	-1
4040	5053074
4041	-1
4042	-1
4043	5056038
4044	-1
4045	-1
4046	5059002
4047	-1
4048	-1
4049	5061966
4050	-1
4051	-1
4052	5064930
4053	-1
4054	-1
4055	5067894
4056	-1
4057	-1
4058	5070858
4059	-1
4060	-1
4061	5073822
4062	-1
4063	-1
4064	5076786
4065	-1
4066	-1
4067	5079750
4068	-1
4069	-1
4070	5082714
4071	-1
4072	-1
4073	5085678
4074	-1
4075	-1
4076	5088642
4077	-1
4078	-1
4079	5091606
4080	-1
4081	-1
4082	5094570
4083	-1
4084	-1
4085	5097534
4086	-1
4087	-1
4088	5100498
4089	-1
4090	-1
4091	5103462
4092	-1
4093	-1
4094	5106426
4095	-1
4096	-1
4097	5109390
4098	-1
4099	-1
4100	5112354
4101	-1
4102	-1
4103	5115318
4104	-1
4105	-1
4106	5118282
4107	-1
4108	-1
4109	5121246
4110	-1
4111	-1
4112	5124210
4113	-1
4114	-1
4115	5127174
4116	-1
4117	-1
4118	5130138
4119	-1
4120	-1
4121	5133102
4122	-1
4123	5136066
4124	-1
4125	-1
4126	5139030
4127	-1
4128	-1
4129	5141994
4130	-1
4131	-1
4132	5144958
4133	-1
4134	-1
4135	5147922
4136	-1
4137	-1
4138	5150886
4139	-1
4140	-1
4141	5153850
4142	-1
4143	-1
4144	5156814
4145	-1
4146	-1
4147	5159778
4148	-1
4149	-1
4150	5162742
4151	-1
4152	-1
4153	5165706
4154	-1
4155	-1
4156	5168670
4157	-1
4158	-1
4159	5171634
4160	-1
4161	-1
4162	5174598
4163	-1
4164	-1
4165	5177562
4166	-1
4167	-1
4168	5180526
4169	-1
4170	-1
4171	5183490
4172	-1
4173	-1
4174	5186454
4175	-1
4176	-1
4177	5189418
4178	-1
4179	-1
4180	5192382
4181	-1
4182	-1
4183	5195346
4184	-1
4185	-1
4186	5198310
4187	-1
4188	-1
4189	5201274
4190	-1
4191	-1
4192	5204238
4193	-1
4194	-1
4195	5207202
4196	-1
4197	-1
4198	5210166
4199	-1
4200	-1
4201	5213130
4202	-1
4203	5216094
4204	-1
4205	-1
4206	5219058
4207	-1
4208	-1
4209	5222022
4210	-1
4211	-1
4212	5224986
4213	-1
4214	-1
4215	5227950
4216	-1
4217	-1
4218	5230914
4219	-1
4220	-1
4221	5233878
4222	-1
4223	-1
4224	5236842
4225	-1
4226	-1
4227	5239806
4228	-1
4229	-1
4230	5242770
4231	-1
4232	-1
4233	5245734
4234	-1
4235	-1
4236	5248698
4237	-1
4238	-1
4239	5251662
4240	-1
4241	-1
4242	5254626
4243	-1
4244	-1
4245	5257590
4246	-1
4247	-1
4248	5260554
4249	-1
4250	-1
4251	5263518
4252	-1
4253	-1
4254	5266482
4255	-1
4256	-1
4257	5269446
4258	-1
4259	-1
4260	5272410
4261	-1
4262	-1
4263	5275374
4264	-1
4265	-1
4266	5278338
4267	-1
4268	-1
4269	5281302
4270	-1
4271	-1
4272	5284266
4273	-1
4274	-1
4275	5287230
4276	-1
4277	-1
4278	5290194
4279	-1
4280	-1
4281	5293158
4282	-1
4283	-1
4284	5296122
4285	-1
4286	5299086
4287	-1
4288	-1
4289	5302050
4290	-1
4291	-1
4292	5305014
4293	-1
4294	-1
4295	5307978
4296	-1
4297	-1
4298	5310942
4299	-1
4300	-1
4301	5313906
4302	-1
4303	-1
4304	5316870
4305	-1
4306	-1
4307	5319834
4308	-1
4309	-1
4310	5322798
4311	-1
4312	-1
4313	5325762
4314	-1
4315	-1
4316	5328726
4317	-1
4318	-1
4319	5331690
4320	-1
4321	-1
4322	5334654
4323	-1
4324	-1
4325	5337618
4326	-1
4327	-1
4328	5340582
4329	-1
4330	-1
4331	5343546
4332	-1
4333	-1
4334	5346510
4335	-1
4336	-1
4337	5349474
4338	-1
4339	-1
4340	5352438
4341	-1
4342	-1
4343	5355402
4344	-1
4345	-1
4346	5358366
4347	-1
4348	-1
4349	5361330
4350	-1
4351	-1
4352	5364294
4353	-1
4354	-1
4355	5367258
4356	-1
4357	-1
4358	5370222
4359	-1
4360	-1
4361	5373186
4362	-1
4363	-1
4364	5376150
4365	-1
4366	-1
4367	5379114
4368	-1
4369	5382078
4370	-1
4371	-1
4372	5385042
4373	-1
4374	-1
4375	5388006
4376	-1
4377	-1
4378	5390970
4379	-1
4380	-1
4381	5393934
4382	-1
4383	-1
4384	5396898
4385	-1
4386	-1
4387	5399862
4388	-1
4389	-1
4390	5402826
4391	-1
4392	-1
4393	5405790
4394	-1
4395	-1
4396	5408754
4397	-1
4398	-1
4399	5411718
4400	-1
4401	-1
4402	5414682
4403	-1
4404	-1
4405	5417646
4406	-1
4407	-1
4408	5420610
4409	-1
4410	-1
4411	5423574
4412	-1
4413	-1
4414	5426538
4415	-1
4416	-1
4417	5429502
4418	-1
4419	-1
4420	5432466
4421	-1
4422	-1
4423	5435430
4424	-1
4425	-1
4426	5438394
4427	-1
4428	-1
4429	5441358
4430	-1
4431	-1
4432	5444322
4433	-1
4434	-1
4435	5447286
4436	-1
4437	-1
4438	5450250
4439	-1
4440	-1
4441	5453214
4442	-1
4443	-1
4444	5456178
4445	-1
4446	-1
4447	5459142
4448	-1
4449	-1
4450	5462106
4451	-1
4452	5465070
4453	-1
4454	-1
4455	5468034
4456	-1
4457	-1
4458	5470998
4459	-1
4460	-1
4461	5473962
4462	-1
4463	-1
4464	5476926
4465	-1
4466	-1
4467	5479890
4468	-1
4469	-1
4470	5482854
4471	-1
4472	-1
4473	5485818
4474	-1
4475	-1
4476	5488782
4477	-1
4478	-1
4479	5491746
4480	-1
4481	-1
4482	5494710
4483	-1
4484	-1
4485	5497674
4486	-1
4487	-1
4488	5500638
4489	-1
4490	-1
4491	5503602
4492	-1
4493	-1
4494	5506566
4495	-1
4496	-1
4497	5509530
4498	-1
4499	-1
4500	5512494
4501	-1
4502	-1
4503	5515458
4504	-1
4505	-1
4506	5518422
4507	-1
4508	-1
4509	5521386
4510	-1
4511	-1
4512	5524350
4513	-1
4514	-1
4515	5527314
4516	-1
4517	-1
4518	5530278
4519	-1
4520	-1
4521	5533242
4522	-1
4523	-1
4524	5536206
4525	-1
4526	-1
4527	5539170
4528	-1
4529	-1
4530	5542134
4531	-1
4532	-1
4533	5545098
4534	-1
4535	5548062
4536	-1
4537	-1
4538	5551026
4539	-1
4540	-1
4541	5553990
4542	-1
4543	-1
4544	5556954
4545	-1
4546	-1
4547	5559918
4548	-1
4549	-1
4550	5562882
4551	-1
4552	-1
4553	5565846
4554	-1
4555	-1
4556	5568810
4557	-1
4558	-1
4559	5571774
4560	-1
4561	-1
4562	5574738
4563	-1
4564	-1
4565	5577702
4566	-1
4567	-1
4568	5580666
4569	-1
4570	-1
4571	5583630
4572	-1
4573	-1
4574	5586594
4575	-1
4576	-1
4577	5589558
4578	-1
4579	-1
4580	5592522
4581	-1
4582	-1
4583	5595486
4584	-1
4585	-1
4586	5598450
4587	-1
4588	-1
4589	5601414
4590	-1
4591	-1
4592	5604378
4593	-1
4594	-1
4595	5607342
4596	-1
4597	-1
4598	5610306
4599	-1
4600	-1
4601	5613270
4602	-1
4603	-1
4604	5616234
4605	-1
4606	-1
4607	5619198
4608	-1
4609	-1
4610	5622162
4611	-1
4612	-1
4613	5625126
4614	-1
4615	5628090
4616	-1
4617	-1
4618	5631054
4619	-1
4620	-1
4621	5634018
4622	-1
4623	-1
4624	5636982
4625	-1
4626	-1
4627	5639946
4628	-1
4629	-1
4630	5642910
4631	-1
4632	-1
4633	5645874
4634	-1
4635	-1
4636	5648838
4637	-1
4638	-1
4639	5651802
4640	-1
4641	-1
4642	5654766
4643	-1
4644	-1
4645	5657730
4646	-1
4647	-1
4648	5660694
4649	-1
4650	-1
4651	5663658
4652	-1
4653	-1
4654	5666622
4655	-1
4656	-1
4657	5669586
4658	-1
4659	-1
4660	5672550
4661	-1
4662	-1
4663	5675514
4664	-1
4665	-1
4666	5678478
4667	-1
4668	-1
4669	5681442
4670	-1
4671	-1
4672	5684406
4673	-1
4674	-1
4675	5687370
4676	-1
4677	-1
4678	5690334
4679	-1
4680	-1
4681	5693298
4682	-1
4683	-1
4684	5696262
4685	-1
4686	-1
4687	5699226
4688	-1
4689	-1
4690	5702190
4691	-1
4692	-1
4693	5705154
4694	-1
4695	-1
4696	5708118
4697	-1
4698	5711082
4699	-1
4700	-1
4701	5714046
4702	-1
4703	-1
4704	5717010
4705	-1
4706	-1
4707	5719974
4708	-1
4709	-1
4710	5722938
4711	-1
4712	-1
4713	5725902
4714	-1
4715	-1
4716	5728866
4717	-1
4718	-1
4719	5731830
4720	-1
4721	-1
4722	5734794
4723	-1
4724	-1
4725	5737758
4726	-1
4727	-1
4728	5740722
4729	-1
4730	-1
4731	5743686
4732	-1
4733	-1
4734	5746650
4735	-1
4736	-1
4737	5749614
4738	-1
4739	-1
4740	5752578
4741	-1
4742	-1
4743	5755542
4744	-1
4745	-1
4746	5758506
4747	-1
4748	-1
4749	5761470
4750	-1
4751	-1
4752	5764434
4753	-1
4754	-1
4755	5767398
4756	-1
4757	-1
4758	5770362
4759	-1
4760	-1
4761	5773326
4762	-1
4763	-1
4764	5776290
4765	-1
4766	-1
4767	5779254
4768	-1
4769	-1
4770	5782218
4771	-1
4772	-1
4773	5785182
4774	-1
4775	-1
4776	5788146
4777	-1
4778	-1
4779	5791110
4780	-1
4781	5794074
4782	-1
4783	-1
4784	5797038
4785	-1
4786	-1
4787	5800002
4788	-1
4789	-1
4790	5802966
4791	-1
4792	-1
4793	5805930
4794	-1
4795	-1
4796	5808894
4797	-1
4798	-1
4799	5811858
4800	-1
4801	-1
4802	5814822
4803	-1
4804	-1
4805	5817786
4806	-1
4807	-1
4808	5820750
4809	-1
4810	-1
4811	5823714
4812	-1
4813	-1
4814	5826678
4815	-1
4816	-1
4817	5829642
4818	-1
4819	-1
4820	5832606
4821	-1
4822	-1
4823	5835570
4824	-1
4825	-1
4826	5838534
4827	-1
4828	-1
4829	5841498
4830	-1
4831	-1
4832	5844462
4833	-1
4834	-1
4835	5847426
4836	-1
4837	-1
4838	5850390
4839	-1
4840	-1
4841	5853354
4842	-1
4843	-1
4844	5856318
4845	-1
4846	-1
4847	5859282
4848	-1
4849	-1
4850	5862246
4851	-1
4852	-1
4853	5865210
4854	-1
4855	-1
4856	5868174
4857	-1
4858	-1
4859	5871138
4860	-1
4861	-1
4862	5874102
4863	-1
4864	5877066
4865	-1
4866	-1
4867	5880030
4868	-1
4869	-1
4870	5882994
4871	-1
4872	-1
4873	5885958
4874	-1
4875	-1
4876	5888922
4877	-1
4878	-1
4879	5891886
4880	-1
4881	-1
4882	5894850
4883	-1
4884	-1
4885	5897814
4886	-1
4887	-1
4888	5900778
4889	-1
4890	-1
4891	5903742
4892	-1
4893	-1
4894	5906706
4895	-1
4896	-1
4897	5909670
4898	-1
4899	-1
4900	5912634
4901	-1
4902	-1
4903	5915598
4904	-1
4905	-1
4906	5918562
4907	-1
4908	-1
4909	5921526
4910	-1
4911	-1
4912	5924490
4913	-1
4914	-1
4915	5927454
4916	-1
4917	-1
4918	5930418
4919	-1
4920	-1
4921	5933382
4922	-1
4923	-1
4924	5936346
4925	-1
4926	-1
4927	5939310
4928	-1
4929	-1
4930	5942274
4931	-1
4932	-1
4933	5945238
4934	-1
4935	-1
4936	5948202
4937	-1
4938	-1
4939	5951166
4940	-1
4941	-1
4942	5954130
4943	-1
4944	5957094
4945	-1
4946	-1
4947	5960058
4948	-1
4949	-1
4950	5963022
4951	-1
4952	-1
4953	5965986
4954	-1
4955	-1
4956	5968950
4957	-1
4958	-1
4959	5971914
4960	-1
4961	-1
4962	5974878
4963	-1
4964	-1
4965	5977842
4966	-1
4967	-1
4968	5980806
4969	-1
4970	-1
4971	5983770
4972	-1
4973	-1
4974	5986734
4975	-1
4976	-1
4977	5989698
4978	-1
4979	-1
4980	5992662
4981	-1
4982	-1
4983	5995626
4984	-1
4985	-1
4986	5998590
4987	-1
4988	-1
4989	6001554
4990	-1
4991	-1
4992	6004518
4993	-1
4994	-1
4995	6007482
4996	-1
4997	-1
4998	6010446
4999	-1
5000	-1
5001	6013410
5002	-1
5003	-1
5004	6016374
5005	-1
5006	-1
5007	6019338
5008	-1
5009	-1
5010	6022302
5011	-1
5012	-1
5013	6025266
5014	-1
5015	-1
5016	6028230
5017	-1
5018	-1
5019	6031194
5020	-1
5021	-1
5022	6034158
5023	-1
5024	-1
5025	6037122
5026	-1
5027	6040086
5028	-1
5029	-1
5030	6043050
5031	-1
5032	-1
5033	6046014
5034	-1
5035	-1
5036	6048978
5037	-1
5038	-1
5039	6051942
5040	-1
5041	-1
5042	6054906
5043	-1
5044	-1
5045	6057870
5046	-1
5047	-1
5048	6060834
5049	-1
5050	-1
5051	6063798
5052	-1
5053	-1
5054	6066762
5055	-1
5056	-1
5057	6069726
5058	-1
5059	-1
5060	6072690
5061	-1
5062	-1
5063	6075654
5064	-1
5065	-1
5066	6078618
5067	-1
5068	-1
5069	6081582
5070	-1
5071	-1
5072	6084546
5073	-1
5074	-1
5075	6087510
5076	-1
5077	-1
5078	6090474
5079	-1
5080	-1
5081	6093438
5082	-1
5083	-1
5084	6096402
5085	-1
5086	-1
5087	6099366
5088	-1
5089	-1
5090	6102330
5091	-1
5092	-1
5093	6105294
5094	-1
5095	-1
5096	6108258
5097	-1
5098	-1
5099	6111222
5100	-1
5101	-1
5102	6114186
5103	-1
5104	-1
5105	6117150
5106	-1
5107	-1
5108	6120114
5109	-1
5110	6123078
5111	-1
5112	-1
5113	6126042
5114	-1
5115	-1
5116	6129006
5117	-1
5118	-1
5119	6131970
5120	-1
5121	-1
5122	6134934
5123	-1
5124	-1
5125	6137898
5126	-1
5127	-1
5128	6140862
5129	-1
5130	-1
5131	6143826
5132	-1
5133	-1
5134	6146790
5135	-1
5136	-1
5137	6149754
5138	-1
5139	-1
5140	6152718
5141	-1
5142	-1
5143	6155682
5144	-1
5145	-1
5146	6158646
5147	-1
5148	-1
5149	6161610
5150	-1
5151	-1
5152	6164574
5153	-1
5154	-1
5155	6167538
5156	-1
5157	-1
5158	6170502
5159	-1
5160	-1
5161	6173466
5162	-1
5163	-1
5164	6176430
5165	-1
5166	-1
5167	6179394
5168	-1
5169	-1
5170	6182358
5171	-1
5172	-1
5173	6185322
5174	-1
5175	-1
5176	6188286
5177	-1
5178	-1
5179	6191250
5180	-1
5181	-1
5182	6194214
5183	-1
5184	-1
5185	6197178
5186	-1
5187	-1
5188	6200142
5189	-1
5190	-1
5191	6203106
5192	-1
5193	6206070
5194	-1
5195	-1
5196	6209034
5197	-1
5198	-1
5199	6211998
5200	-1
5201	-1
5202	6214962
5203	-1
5204	-1
5205	6217926
5206	-1
5207	-1
5208	6220890
5209	-1
5210	-1
5211	6223854
5212	-1
5213	-1
5214	6226818
5215	-1
5216	-1
5217	6229782
5218	-1
5219	-1
5220	6232746
5221	-1
5222	-1
5223	6235710
5224	-1
5225	-1
5226	6238674
5227	-1
5228	-1
5229	6241638
5230	-1
5231	-1
5232	6244602
5233	-1
5234	-1
5235	6247566
5236	-1
5237	-1
5238	6250530
5239	-1
5240	-1
5241	6253494
5242	-1
5243	-1
5244	6256458
5245	-1
5246	-1
5247	6259422
5248	-1
5249	-1
5250	6262386
5251	-1
5252	-1
5253	6265350
5254	-1
5255	-1
5256	6268314
5257	-1
5258	-1
5259	6271278
5260	-1
5261	-1
5262	6274242
5263	-1
5264	-1
5265	6277206
5266	-1
5267	-1
5268	6280170
5269	-1
5270	-1
5271	6283134
5272	-1
5273	-1
5274	6286098
5275	-1
5276	6289062
5277	-1
5278	-1
5279	6292026
5280	-1
5281	-1
5282	6294990
5283	-1
5284	-1
5285	6297954
5286	-1
5287	-1
5288	6300918
5289	-1
5290	-1
5291	6303882
5292	-1
5293	-1
5294	6306846
5295	-1
5296	-1
5297	6309810
5298	-1
5299	-1
5300	6312774
5301	-1
5302	-1
5303	6315738
5304	-1
5305	-1
5306	6318702
5307	-1
5308	-1
5309	6321666
5310	-1
5311	-1
5312	6324630
5313	-1
5314	-1
5315	6327594
5316	-1
5317	-1
5318	6330558
5319	-1
5320	-1
5321	6333522
5322	-1
5323	-1
5324	6336486
5325	-1
5326	-1
5327	6339450
5328	-1
5329	-1
5330	6342414
5331	-1
5332	-1
5333	6345378
5334	-1
5335	-1
5336	6348342
5337	-1
5338	-1
5339	6351306
5340	-1
5341	-1
5342	6354270
5343	-1
5344	-1
5345	6357234
5346	-1
5347	-1
5348	6360198
5349	-1
5350	-1
5351	6363162
5352	-1
5353	-1
5354	6366126
5355	-1
5356	6369090
5357	-1
5358	-1
5359	6372054
5360	-1
5361	-1
5362	6375018
5363	-1
5364	-1
5365	6377982
5366	-1
5367	-1
5368	6380946
5369	-1
5370	-1
5371	6383910
5372	-1
5373	-1
5374	6386874
5375	-1
5376	-1
5377	6389838
5378	-1
5379	-1
5380	6392802
5381	-1
5382	-1
5383	6395766
5384	-1
5385	-1
5386	6398730
5387	-1
5388	-1
5389	6401694
5390	-1
5391	-1
5392	6404658
5393	-1
5394	-1
5395	6407622
5396	-1
5397	-1
5398	6410586
5399	-1
5400	-1
5401	6413550
5402	-1
5403	-1
5404	6416514
5405	-1
5406	-1
5407	6419478
5408	-1
5409	-1
5410	6422442
5411	-1
5412	-1
5413	6425406
5414	-1
5415	-1
5416	6428370
5417	-1
5418	-1
5419	6431334
5420	-1
5421	-1
5422	6434298
5423	-1
5424	-1
5425	6437262
5426	-1
5427	-1
5428	6440226
5429	-1
5430	-1
5431	6443190
5432	-1
5433	-1
5434	6446154
5435	-1
5436	-1
5437	6449118
5438	-1
5439	6452082
5440	-1
5441	-1
5442	6455046
5443	-1
5444	-1
5445	6458010
5446	-1
5447	-1
5448	6460974
5449	-1
5450	-1
5451	6463938
5452	-1
5453	-1
5454	6466902
5455	-1
5456	-1
5457	6469866
5458	-1
5459	-1
5460	6472830
5461	-1
5462	-1
5463	6475794
5464	-1
5465	-1
5466	6478758
5467	-1
5468	-1
5469	6481722
5470	-1
5471	-1
5472	6484686
5473	-1
5474	-1
5475	6487650
5476	-1
5477	-1
5478	6490614
5479	-1
5480	-1
5481	6493578
5482	-1
5483	-1
5484	6496542
5485	-1
5486	-1
5487	6499506
5488	-1
5489	-1
5490	6502470
5491	-1
5492	-1
5493	6505434
5494	-1
5495	-1
5496	6508398
5497	-1
5498	-1
5499	6511362
5500	-1
5501	-1
5502	6514326
5503	-1
5504	-1
5505	6517290
5506	-1
5507	-1
5508	6520254
5509	-1
5510	-1
5511	6523218
5512	-1
5513	-1
5514	6526182
5515	-1
5516	-1
5517	6529146
5518	-1
5519	-1
5520	6532110
5521	-1
5522	6535074
5523	-1
5524	-1
5525	6538038
5526	-1
5527	-1
5528	6541002
5529	-1
5530	-1
5531	6543966
5532	-1
5533	-1
5534	6546930
5535	-1
5536	-1
5537	6549894
5538	-1
5539	-1
5540	6552858
5541	-1
5542	-1
5543	6555822
5544	-1
5545	-1
5546	6558786
5547	-1
5548	-1
5549	6561750
5550	-1
5551	-1
5552	6564714
5553	-1
5554	-1
5555	6567678
5556	-1
5557	-1
5558	6570642
5559	-1
5560	-1
5561	6573606
5562	-1
5563	-1
5564	6576570
5565	-1
5566	-1
5567	6579534
5568	-1
5569	-1
5570	6582498
5571	-1
5572	-1
5573	6585462
5574	-1
5575	-1
5576	6588426
5577	-1
5578	-1
5579	6591390
5580	-1
5581	-1
5582	6594354
5583	-1
5584	-1
5585	6597318
5586	-1
5587	-1
5588	6600282
5589	-1
5590	-1
5591	6603246
5592	-1
5593	-1
5594	6606210
5595	-1
5596	-1
5597	6609174
5598	-1
5599	-1
5600	6612138
5601	-1
5602	-1
5603	6615102
5604	-1
5605	6618066
5606	-1
5607	-1
5608	6621030
5609	-1
5610	-1
5611	6623994
5612	-1
5613	-1
5614	6626958
5615	-1
5616	-1
5617	6629922
5618	-1
5619	-1
5620	6632886
5621	-1
5622	-1
5623	6635850
5624	-1
5625	-1
5626	6638814
5627	-1
5628	-1
5629	6641778
5630	-1
5631	-1
5632	6644742
5633	-1
5634	-1
5635	6647706
5636	-1
5637	-1
5638	6650670
5639	-1
5640	-1
5641	6653634
5642	-1
5643	-1
5644	6656598
5645	-1
5646	-1
5647	6659562
5648	-1
5649	-1
5650	6662526
5651	-1
5652	-1
5653	6665490
5654	-1
5655	-1
5656	6668454
5657	-1
5658	-1
5659	6671418
5660	-1
5661	-1
5662	6674382
5663	-1
5664	-1
5665	6677346
5666	-1
5667	-1
5668	6680310
5669	-1
5670	-1
5671	6683274
5672	-1
5673	-1
5674	6686238
5675	-1
5676	-1
5677	6689202
5678	-1
5679	-1
5680	6692166
5681	-1
5682	-1
5683	6695130
5684	-1
5685	6698094
5686	-1
5687	-1
5688	6701058
5689	-1
5690	-1
5691	6704022
5692	-1
5693	-1
5694	6706986
5695	-1
5696	-1
5697	6709950
5698	-1
5699	-1
5700	6712914
5701	-1
5702	-1
5703	6715878
5704	-1
5705	-1
5706	6718842
5707	-1
5708	-1
5709	6721806
5710	-1
5711	-1
5712	6724770
5713	-1
5714	-1
5715	6727734
5716	-1
5717	-1
5718	6730698
5719	-1
5720	-1
5721	6733662
5722	-1
5723	-1
5724	6736626
5725	-1
5726	-1
5727	6739590
5728	-1
5729	-1
5730	6742554
5731	-1
5732	-1
5733	6745518
5734	-1
5735	-1
5736	6748482
5737	-1
5738	-1
5739	6751446
5740	-1
5741	-1
5742	6754410
5743	-1
5744	-1
5745	6757374
5746	-1
5747	-1
5748	6760338
5749	-1
5750	-1
5751	6763302
5752	-1
5753	-1
5754	6766266
5755	-1
5756	-1
5757	6769230
5758	-1
5759	-1
5760	6772194
5761	-1
5762	-1
5763	6775158
5764	-1
5765	-1
5766	6778122
5767	-1
5768	6781086
5769	-1
5770	-1
5771	6784050
5772	-1
5773	-1
5774	6787014
5775	-1
5776	-1
5777	6789978
5778	-1
5779	-1
5780	6792942
5781	-1
5782	-1
5783	6795906
5784	-1
5785	-1
5786	6798870
5787	-1
5788	-1
5789	6801834
5790	-1
5791	-1
5792	6804798
5793	-1
5794	-1
5795	6807762
5796	-1
5797	-1
5798	6810726
5799	-1
5800	-1
5801	6813690
5802	-1
5803	-1
5804	6816654
5805	-1
5806	-1
5807	6819618
5808	-1
5809	-1
5810	6822582
5811	-1
5812	-1
5813	6825546
5814	-1
5815	-1
5816	6828510
5817	-1
5818	-1
5819	6831474
5820	-1
5821	-1
5822	6834438
5823	-1
5824	-1
5825	6837402
5826	-1
5827	-1
5828	6840366
5829	-1
5830	-1
5831	6843330
5832	-1
5833	-1
5834	6846294
5835	-1
5836	-1
5837	6849258
5838	-1
5839	-1
5840	6852222
5841	-1
5842	-1
5843	6855186
5844	-1
5845	-1
5846	6858150
5847	-1
5848	-1
5849	6861114
5850	-1
5851	6864078
5852	-1
5853	-1
5854	6867042
5855	-1
5856	-1
5857	6870006
5858	-1
5859	-1
5860	6872970
5861	-1
5862	-1
5863	6875934
5864	-1
5865	-1
5866	6878898
5867	-1
5868	-1
5869	6881862
5870	-1
5871	-1
5872	6884826
5873	-1
5874	-1
5875	6887790
5876	-1
5877	-1
5878	6890754
5879	-1
5880	-1
5881	6893718
5882	-1
5883	-1
5884	6896682
5885	-1
5886	-1
5887	6899646
5888	-1
5889	-1
5890	6902610
5891	-1
5892	-1
5893	6905574
5894	-1
5895	-1
5896	6908538
5897	-1
5898	-1
5899	6911502
5900	-1
5901	-1
5902	6914466
5903	-1
5904	-1
5905	6917430
5906	-1
5907	-1
5908	6920394
5909	-1
5910	-1
5911	6923358
5912	-1
5913	-1
5914	6926322
5915	-1
5916	-1
5917	6929286
5918	-1
5919	-1
5920	6932250
5921	-1
5922	-1
5923	6935214
5924	-1
5925	-1
5926	6938178
5927	-1
5928	-1
5929	6941142
5930	-1
5931	-1
5932	6944106
5933	-1
5934	6947070
5935	-1
5936	-1
5937	6950034
5938	-1
5939	-1
5940	6952998
5941	-1
5942	-1
5943	6955962
5944	-1
5945	-1
5946	6958926
5947	-1
5948	-1
5949	6961890
5950	-1
5951	-1
5952	6964854
5953	-1
5954	-1
5955	6967818
5956	-1
5957	-1
5958	6970782
5959	-1
5960	-1
5961	6973746
5962	-1
5963	-1
5964	6976710
5965	-1
5966	-1
5967	6979674
5968	-1
5969	-1
5970	6982638
5971	-1
5972	-1
5973	6985602
5974	-1
5975	-1
5976	6988566
5977	-1
5978	-1
5979	6991530
5980	-1
5981	-1
5982	6994494
5983	-1
5984	-1
5985	6997458
5986	-1
5987	-1
5988	7000422
5989	-1
5990	-1
5991	7003386
5992	-1
5993	-1
5994	7006350
5995	-1
5996	-1
5997	7009314
5998	-1
5999	-1
6000	7012278
6001	-1
6002	-1
6003	7015242
6004	-1
6005	-1
6006	7018206
6007	-1
6008	-1
6009	7021170
6010	-1
6011	-1
6012	7024134
6013	-1
6014	-1
6015	7027098
6016	-1
6017	7030062
6018	-1
6019	-1
6020	7033026
6021	-1
6022	-1
6023	7035990
6024	-1
6025	-1
6026	7038954
6027	-1
6028	-1
6029	7041918
6030	-1
6031	-1
6032	7044882
6033	-1
6034	-1
6035	7047846
6036	-1
6037	-1
6038	7050810
6039	-1
6040	-1
6041	7053774
6042	-1
6043	-1
6044	7056738
6045	-1
6046	-1
6047	7059702
6048	-1
6049	-1
6050	7062666
6051	-1
6052	-1
6053	7065630
6054	-1
6055	-1
6056	7068594
6057	-1
6058	-1
6059	7071558
6060	-1
6061	-1
6062	7074522
6063	-1
6064	-1
6065	7077486
6066	-1
6067	-1
6068	7080450
6069	-1
6070	-1
6071	7083414
6072	-1
6073	-1
6074	7086378
6075	-1
6076	-1
6077	7089342
6078	-1
6079	-1
6080	7092306
6081	-1
6082	-1
6083	7095270
6084	-1
6085	-1
6086	7098234
6087	-1
6088	-1
6089	7101198
6090	-1
6091	-1
6092	7104162
6093	-1
6094	-1
6095	7107126
6096	-1
6097	7110090
6098	-1
6099	-1
6100	7113054
6101	-1
6102	-1
6103	7116018
6104	-1
6105	-1
6106	7118982
6107	-1
6108	-1
6109	7121946
6110	-1
6111	-1
6112	7124910
6113	-1
6114	-1
6115	7127874
6116	-1
6117	-1
6118	7130838
6119	-1
6120	-1
6121	7133802
6122	-1
6123	-1
6124	7136766
6125	-1
6126	-1
6127	7139730
6128	-1
6129	-1
6130	7142694
6131	-1
6132	-1
6133	7145658
6134	-1
6135	-1
6136	7148622
6137	-1
6138	-1
6139	7151586
6140	-1
6141	-1
6142	7154550
6143	-1
6144	-1
6145	7157514
6146	-1
6147	-1
6148	7160478
6149	-1
6150	-1
6151	7163442
6152	-1
6153	-1
6154	7166406
6155	-1
6156	-1
6157	7169370
6158	-1
6159	-1
6160	7172334
6161	-1
6162	-1
6163	7175298
6164	-1
6165	-1
6166	7178262
6167	-1
6168	-1
6169	7181226
6170	-1
6171	-1
6172	7184190
6173	-1
6174	-1
6175	7187154
6176	-1
6177	-1
6178	7190118
6179	-1
6180	7193082
6181	-1
6182	-1
6183	7196046
6184	-1
6185	-1
6186	7199010
6187	-1
6188	-1
6189	7201974
6190	-1
6191	-1
6192	7204938
6193	-1
6194	-1
6195	7207902
6196	-1
6197	-1
6198	7210866
6199	-1
6200	-1
6201	7213830
6202	-1
6203	-1
6204	7216794
6205	-1
6206	-1
6207	7219758
6208	-1
6209	-1
6210	7222722
6211	-1
6212	-1
6213	7225686
6214	-1
6215	-1
6216	7228650
6217	-1
6218	-1
6219	7231614
6220	-1
6221	-1
6222	7234578
6223	-1
6224	-1
6225	7237542
6226	-1
6227	-1
6228	7240506
6229	-1
6230	-1
6231	7243470
6232	-1
6233	-1
6234	7246434
6235	-1
6236	-1
6237	7249398
6238	-1
6239	-1
6240	7252362
6241	-1
6242	-1
6243	7255326
6244	-1
6245	-1
6246	7258290
6247	-1
6248	-1
6249	7261254
6250	-1
6251	-1
6252	7264218
6253	-1
6254	-1
6255	7267182
6256	-1
6257	-1
6258	7270146
6259	-1
6260	-1
6261	7273110
6262	-1
6263	7276074
6264	-1
6265	-1
6266	7279038
6267	-1
6268	-1
6269	7282002
6270	-1
6271	-1
6272	7284966
6273	-1
6274	-1
6275	7287930
6276	-1
6277	-1
6278	7290894
6279	-1
6280	-1
6281	7293858
6282	-1
6283	-1
6284	7296822
6285	-1
6286	-1
6287	7299786
6288	-1
6289	-1
6290	7302750
6291	-1
6292	-1
6293	7305714
6294	-1
6295	-1
6296	7308678
6297	-1
6298	-1
6299	7311642
6300	-1
6301	-1
6302	7314606
6303	-1
6304	-1
6305	7317570
6306	-1
6307	-1
6308	7320534
6309	-1
6310	-1
6311	7323498
6312	-1
6313	-1
6314	7326462
6315	-1
6316	-1
6317	7329426
6318	-1
6319	-1
6320	7332390
6321	-1
6322	-1
6323	7335354
6324	-1
6325	-1
6326	7338318
6327	-1
6328	-1
6329	7341282
6330	-1
6331	-1
6332	7344246
6333	-1
6334	-1
6335	7347210
6336	-1
6337	-1
6338	7350174
6339	-1
6340	-1
6341	7353138
6342	-1
6343	-1
6344	7356102
6345	-1
6346	7359066
6347	-1
6348	-1
6349	7362030
6350	-1
6351	-1
6352	7364994
6353	-1
6354	-1
6355	7367958
6356	-1
6357	-1
6358	7370922
6359	-1
6360	-1
6361	7373886
6362	-1
6363	-1
6364	7376850
6365	-1
6366	-1
6367	7379814
6368	-1
6369	-1
6370	7382778
6371	-1
6372	-1
6373	7385742
6374	-1
6375	-1
6376	7388706
6377	-1
6378	-1
6379	7391670
6380	-1
6381	-1
6382	7394634
6383	-1
6384	-1
6385	7397598
6386	-1
6387	-1
6388	7400562
6389	-1
6390	-1
6391	7403526
6392	-1
6393	-1
6394	7406490
6395	-1
6396	-1
6397	7409454
6398	-1
6399	-1
6400	7412418
6401	-1
6402	-1
6403	7415382
6404	-1
6405	-1
6406	7418346
6407	-1
6408	-1
6409	7421310
6410	-1
6411	-1
6412	7424274
6413	-1
6414	-1
6415	7427238
6416	-1
6417	-1
6418	7430202
6419	-1
6420	-1
6421	7433166
6422	-1
6423	-1
6424	7436130
6425	-1
6426	7439094
6427	-1
6428	-1
6429	7442058
6430	-1
6431	-1
6432	7445022
6433	-1
6434	-1
6435	7447986
6436	-1
6437	-1
6438	7450950
6439	-1
6440	-1
6441	7453914
6442	-1
6443	-1
6444	7456878
6445	-1
6446	-1
6447	7459842
6448	-1
6449	-1
6450	7462806
6451	-1
6452	-1
6453	7465770
6454	-1
6455	-1
6456	7468734
6457	-1
6458	-1
6459	7471698
6460	-1
6461	-1
6462	7474662
6463	-1
6464	-1
6465	7477626
6466	-1
6467	-1
6468	7480590
6469	-1
6470	-1
6471	7483554
6472	-1
6473	-1
6474	7486518
6475	-1
6476	-1
6477	7489482
6478	-1
6479	-1
6480	7492446
6481	-1
6482	-1
6483	7495410
6484	-1
6485	-1
6486	7498374
6487	-1
6488	-1
6489	7501338
6490	-1
6491	-1
6492	7504302
6493	-1
6494	-1
6495	7507266
6496	-1
6497	-1
6498	7510230
6499	-1
6500	-1
6501	7513194
6502	-1
6503	-1
6504	7516158
6505	-1
6506	-1
6507	7519122
6508	-1
6509	7522086
6510	-1
6511	-1
6512	7525050
6513	-1
6514	-1
6515	7528014
6516	-1
6517	-1
6518	7530978
6519	-1
6520	-1
6521	7533942
6522	-1
6523	-1
6524	7536906
6525	-1
6526	-1
6527	7539870
6528	-1
6529	-1
6530	7542834
6531	-1
6532	-1
6533	7545798
6534	-1
6535	-1
6536	7548762
6537	-1
6538	-1
6539	7551726
6540	-1
6541	-1
6542	7554690
6543	-1
6544	-1
6545	7557654
6546	-1
6547	-1
6548	7560618
6549	-1
6550	-1
6551	7563582
6552	-1
6553	-1
6554	7566546
6555	-1
6556	-1
6557	7569510
6558	-1
6559	-1
6560	7572474
6561	-1
6562	-1
6563	7575438
6564	-1
6565	-1
6566	7578402
6567	-1
6568	-1
6569	7581366
6570	-1
6571	-1
6572	7584330
6573	-1
6574	-1
6575	7587294
6576	-1
6577	-1
6578	7590258
6579	-1
6580	-1
6581	7593222
6582	-1
6583	-1
6584	7596186
6585	-1
6586	-1
6587	7599150
6588	-1
6589	-1
6590	7602114
6591	-1
6592	7605078
6593	-1
6594	-1
6595	7608042
6596	-1
6597	-1
6598	7611006
6599	-1
6600	-1
6601	7613970
6602	-1
6603	-1
6604	7616934
6605	-1
6606	-1
6607	7619898
6608	-1
6609	-1
6610	7622862
6611	-1
6612	-1
6613	7625826
6614	-1
6615	-1
6616	7628790
6617	-1
6618	-1
6619	7631754
6620	-1
6621	-1
6622	7634718
6623	-1
6624	-1
6625	7637682
6626	-1
6627	-1
6628	7640646
6629	-1
6630	-1
6631	7643610
6632	-1
6633	-1
6634	7646574
6635	-1
6636	-1
6637	7649538
6638	-1
6639	-1
6640	7652502
6641	-1
6642	-1
6643	7655466
6644	-1
6645	-1
6646	7658430
6647	-1
6648	-1
6649	7661394
6650	-1
6651	-1
6652	7664358
6653	-1
6654	-1
6655	7667322
6656	-1
6657	-1
6658	7670286
6659	-1
6660	-1
6661	7673250
6662	-1
6663	-1
6664	7676214
6665	-1
6666	-1
6667	7679178
6668	-1
6669	-1
6670	7682142
6671	-1
6672	-1
6673	7685106
6674	-1
6675	7688070
6676	-1
6677	-1
6678	7691034
6679	-1
6680	-1
6681	7693998
6682	-1
6683	-1
6684	7696962
6685	-1
6686	-1
6687	7699926
6688	-1
6689	-1
6690	7702890
6691	-1
6692	-1
6693	7705854
6694	-1
6695	-1
6696	7708818
6697	-1
6698	-1
6699	7711782
6700	-1
6701	-1
6702	7714746
6703	-1
6704	-1
6705	7717710
6706	-1
6707	-1
6708	7720674
6709	-1
6710	-1
6711	7723638
6712	-1
6713	-1
6714	7726602
6715	-1
6716	-1
6717	7729566
6718	-1
6719	-1
6720	7732530
6721	-1
6722	-1
6723	7735494
6724	-1
6725	-1
6726	7738458
6727	-1
6728	-1
6729	7741422
6730	-1
6731	-1
6732	7744386
6733	-1
6734	-1
6735	7747350
6736	-1
6737	-1
6738	7750314
6739	-1
6740	-1
6741	7753278
6742	-1
6743	-1
6744	7756242
6745	-1
6746	-1
6747	7759206
6748	-1
6749	-1
6750	7762170
6751	-1
6752	-1
6753	7765134
6754	-1
6755	-1
6756	7768098
6757	-1
6758	7771062
6759	-1
6760	-1
6761	7774026
6762	-1
6763	-1
6764	7776990
6765	-1
6766	-1
6767	7779954
6768	-1
6769	-1
6770	7782918
6771	-1
6772	-1
6773	7785882
6774	-1
6775	-1
6776	7788846
6777	-1
6778	-1
6779	7791810
6780	-1
6781	-1
6782	7794774
6783	-1
6784	-1
6785	7797738
6786	-1
6787	-1
6788	7800702
6789	-1
6790	-1
6791	7803666
6792	-1
6793	-1
6794	7806630
6795	-1
6796	-1
6797	7809594
6798	-1
6799	-1
6800	7812558
6801	-1
6802	-1
6803	7815522
6804	-1
6805	-1
6806	7818486
6807	-1
6808	-1
6809	7821450
6810	-1
6811	-1
6812	7824414
6813	-1
6814	-1
6815	7827378
6816	-1
6817	-1
6818	7830342
6819	-1
6820	-1
6821	7833306
6822	-1
6823	-1
6824	7836270
6825	-1
6826	-1
6827	7839234
6828	-1
6829	-1
6830	7842198
6831	-1
6832	-1
6833	7845162
6834	-1
6835	-1
6836	7848126
6837	-1
6838	7851090
6839	-1
6840	-1
6841	7854054
6842	-1
6843	-1
6844	7857018
6845	-1
6846	-1
6847	7859982
6848	-1
6849	-1
6850	7862946
6851	-1
6852	-1
6853	7865910
6854	-1
6855	-1
6856	7868874
6857	-1
6858	-1
6859	7871838
6860	-1
6861	-1
6862	7874802
6863	-1
6864	-1
6865	7877766
6866	-1
6867	-1
6868	7880730
6869	-1
6870	-1
6871	7883694
6872	-1
6873	-1
6874	7886658
6875	-1
6876	-1
6877	7889622
6878	-1
6879	-1
6880	7892586
6881	-1
6882	-1
6883	7895550
6884	-1
6885	-1
6886	7898514
6887	-1
6888	-1
6889	7901478
6890	-1
6891	-1
6892	7904442
6893	-1
6894	-1
6895	7907406
6896	-1
6897	-1
6898	7910370
6899	-1
6900	-1
6901	7913334
6902	-1
6903	-1
6904	7916298
6905	-1
6906	-1
6907	7919262
6908	-1
6909	-1
6910	7922226
6911	-1
6912	-1
6913	7925190
6914	-1
6915	-1
6916	7928154
6917	-1
6918	-1
6919	7931118
6920	-1
6921	7934082
6922	-1
6923	-1
6924	7937046
6925	-1
6926	-1
6927	7940010
6928	-1
6929	-1
6930	7942974
6931	-1
6932	-1
6933	7945938
6934	-1
6935	-1
6936	7948902
6937	-1
6938	-1
6939	7951866
6940	-1
6941	-1
6942	7954830
6943	-1
6944	-1
6945	7957794
6946	-1
6947	-1
6948	7960758
6949	-1
6950	-1
6951	7963722
6952	-1
6953	-1
6954	7966686
6955	-1
6956	-1
6957	7969650
6958	-1
6959	-1
6960	7972614
6961	-1
6962	-1
6963	7975578
6964	-1
6965	-1
6966	7978542
6967	-1
6968	-1
6969	7981506
6970	-1
6971	-1
6972	7984470
6973	-1
6974	-1
6975	7987434
6976	-1
6977	-1
6978	7990398
6979	-1
6980	-1
6981	7993362
6982	-1
6983	-1
6984	7996326
6985	-1
6986	-1
6987	7999290
6988	-1
6989	-1
6990	8002254
6991	-1
6992	-1
6993	8005218
6994	-1
6995	-1
6996	8008182
6997	-1
6998	-1
6999	8011146
7000	-1
7001	-1
7002	8014110
7003	-1
7004	8017074
7005	-1
7006	-1
7007	8020038
7008	-1
7009	-1
7010	8023002
7011	-1
7012	-1
7013	8025966
7014	-1
7015	-1
7016	8028930
7017	-1
7018	-1
7019	8031894
7020	-1
7021	-1
7022	8034858
7023	-1
7024	-1
7025	8037822
7026	-1
7027	-1
7028	8040786
7029	-1
7030	-1
7031	8043750
7032	-1
7033	-1
7034	8046714
7035	-1
7036	-1
7037	8049678
7038	-1
7039	-1
7040	8052642
7041	-1
7042	-1
7043	8055606
7044	-1
7045	-1
7046	8058570
7047	-1
7048	-1
7049	8061534
7050	-1
7051	-1
7052	8064498
7053	-1
7054	-1
7055	8067462
7056	-1
7057	-1
7058	8070426
7059	-1
7060	-1
7061	8073390
7062	-1
7063	-1
7064	8076354
7065	-1
7066	-1
7067	8079318
7068	-1
7069	-1
7070	8082282
7071	-1
7072	-1
7073	8085246
7074	-1
7075	-1
7076	8088210
7077	-1
7078	-1
7079	8091174
7080	-1
7081	-1
7082	8094138
7083	-1
7084	-1
7085	8097102
7086	-1
7087	8100066
7088	-1
7089	-1
7090	8103030
7091	-1
7092	-1
7093	8105994
7094	-1
7095	-1
7096	8108958
7097	-1
7098	-1
7099	8111922
7100	-1
7101	-1
7102	8114886
7103	-1
7104	-1
7105	8117850
7106	-1
7107	-1
7108	8120814
7109	-1
7110	-1
7111	8123778
7112	-1
7113	-1
7114	8126742
7115	-1
7116	-1
7117	8129706
7118	-1
7119	-1
7120	8132670
7121	-1
7122	-1
7123	8135634
7124	-1
7125	-1
7126	8138598
7127	-1
7128	-1
7129	8141562
7130	-1
7131	-1
7132	8144526
7133	-1
7134	-1
7135	8147490
7136	-1
7137	-1
7138	8150454
7139	-1
7140	-1
7141	8153418
7142	-1
7143	-1
7144	8156382
7145	-1
7146	-1
7147	8159346
7148	-1
7149	-1
7150	8162310
7151	-1
7152	-1
7153	8165274
7154	-1
7155	-1
7156	8168238
7157	-1
7158	-1
7159	8171202
7160	-1
7161	-1
7162	8174166
7163	-1
7164	-1
7165	8177130
7166	-1
7167	8180094
7168	-1
7169	-1
7170	8183058
7171	-1
7172	-1
7173	8186022
7174	-1
7175	-1
7176	8188986
7177	-1
7178	-1
7179	8191950
7180	-1
7181	-1
7182	8194914
7183	-1
7184	-1
7185	8197878
7186	-1
7187	-1
7188	8200842
7189	-1
7190	-1
7191	8203806
7192	-1
7193	-1
7194	8206770
7195	-1
7196	-1
7197	8209734
7198	-1
7199	-1
7200	8212698
7201	-1
7202	-1
7203	8215662
7204	-1
7205	-1
7206	8218626
7207	-1
7208	-1
7209	8221590
7210	-1
7211	-1
7212	8224554
7213	-1
7214	-1
7215	8227518
7216	-1
7217	-1
7218	8230482
7219	-1
7220	-1
7221	8233446
7222	-1
7223	-1
7224	8236410
7225	-1
7226	-1
7227	8239374
7228	-1
7229	-1
7230	8242338
7231	-1
7232	-1
7233	8245302
7234	-1
7235	-1
7236	8248266
7237	-1
7238	-1
7239	8251230
7240	-1
7241	-1
7242	8254194
7243	-1
7244	-1
7245	8257158
7246	-1
7247	-1
7248	8260122
7249	-1
7250	8263086
7251	-1
7252	-1
7253	8266050
7254	-1
7255	-1
7256	8269014
7257	-1
7258	-1
7259	8271978
7260	-1
7261	-1
7262	8274942
7263	-1
7264	-1
7265	8277906
7266	-1
7267	-1
7268	8280870
7269	-1
7270	-1
7271	8283834
7272	-1
7273	-1
7274	8286798
7275	-1
7276	-1
7277	8289762
7278	-1
7279	-1
7280	8292726
7281	-1
7282	-1
7283	8295690
7284	-1
7285	-1
7286	8298654
7287	-1
7288	-1
7289	8301618
7290	-1
7291	-1
7292	8304582
7293	-1
7294	-1
7295	8307546
7296	-1
7297	-1
7298	8310510
7299	-1
7300	-1
7301	8313474
7302	-1
7303	-1
7304	8316438
7305	-1
7306	-1
7307	8319402
7308	-1
7309	-1
7310	8322366
7311	-1
7312	-1
7313	8325330
7314	-1
7315	-1
7316	8328294
7317	-1
7318	-1
7319	8331258
7320	-1
7321	-1
7322	8334222
7323	-1
7324	-1
7325	8337186
7326	-1
7327	-1
7328	8340150
7329	-1
7330	-1
7331	8343114
7332	-1
7333	8346078
7334	-1
7335	-1
7336	8349042
7337	-1
7338	-1
7339	8352006
7340	-1
7341	-1
7342	8354970
7343	-1
7344	-1
7345	8357934
7346	-1
7347	-1
7348	8360898
7349	-1
7350	-1
7351	8363862
7352	-1
7353	-1
7354	8366826
7355	-1
7356	-1
7357	8369790
7358	-1
7359	-1
7360	8372754
7361	-1
7362	-1
7363	8375718
7364	-1
7365	-1
7366	8378682
7367	-1
7368	-1
7369	8381646
7370	-1
7371	-1
7372	8384610
7373	-1
7374	-1
7375	8387574
7376	-1
7377	-1
7378	8390538
7379	-1
7380	-1
7381	8393502
7382	-1
7383	-1
7384	8396466
7385	-1
7386	-1
7387	8399430
7388	-1
7389	-1
7390	8402394
7391	-1
7392	-1
7393	8405358
7394	-1
7395	-1
7396	8408322
7397	-1
7398	-1
7399	8411286
7400	-1
7401	-1
7402	8414250
7403	-1
7404	-1
7405	8417214
7406	-1
7407	-1
7408	8420178
7409	-1
7410	-1
7411	8423142
7412	-1
7413	-1
7414	8426106
7415	-1
7416	8429070
7417	-1
7418	-1
7419	8432034
7420	-1
7421	-1
7422	8434998
7423	-1
7424	-1
7425	8437962
7426	-1
7427	-1
7428	8440926
7429	-1
7430	-1
7431	8443890
7432	-1
7433	-1
7434	8446854
7435	-1
7436	-1
7437	8449818
7438	-1
7439	-1
7440	8452782
7441	-1
7442	-1
7443	8455746
7444	-1
7445	-1
7446	8458710
7447	-1
7448	-1
7449	8461674
7450	-1
7451	-1
7452	8464638
7453	-1
7454	-1
7455	8467602
7456	-1
7457	-1
7458	8470566
7459	-1
7460	-1
7461	8473530
7462	-1
7463	-1
7464	8476494
7465	-1
7466	-1
7467	8479458
7468	-1
7469	-1
7470	8482422
7471	-1
7472	-1
7473	8485386
7474	-1
7475	-1
7476	8488350
7477	-1
7478	-1
7479	8491314
7480	-1
7481	-1
7482	8494278
7483	-1
7484	-1
7485	8497242
7486	-1
7487	-1
7488	8500206
7489	-1
7490	-1
7491	8503170
7492	-1
7493	-1
7494	8506134
7495	-1
7496	-1
7497	8509098
7498	-1
7499	8512062
7500	-1
7501	-1
7502	8515026
7503	-1
7504	-1
7505	8517990
7506	-1
7507	-1
7508	8520954
7509	-1
7510	-1
7511	8523918
7512	-1
7513	-1
7514	8526882
7515	-1
7516	-1
7517	8529846
7518	-1
7519	-1
7520	8532810
7521	-1
7522	-1
7523	8535774
7524	-1
7525	-1
7526	8538738
7527	-1
7528	-1
7529	8541702
7530	-1
7531	-1
7532	8544666
7533	-1
7534	-1
7535	8547630
7536	-1
7537	-1
7538	8550594
7539	-1
7540	-1
7541	8553558
7542	-1
7543	-1
7544	8556522
7545	-1
7546	-1
7547	8559486
7548	-1
7549	-1
7550	8562450
7551	-1
7552	-1
7553	8565414
7554	-1
7555	-1
7556	8568378
7557	-1
7558	-1
7559	8571342
7560	-1
7561	-1
7562	8574306
7563	-1
7564	-1
7565	8577270
7566	-1
7567	-1
7568	8580234
7569	-1
7570	-1
7571	8583198
7572	-1
7573	-1
7574	8586162
7575	-1
7576	-1
7577	8589126
7578	-1
7579	8592090
7580	-1
7581	-1
7582	8595054
7583	-1
7584	-1
7585	8598018
7586	-1
7587	-1
7588	8600982
7589	-1
7590	-1
7591	8603946
7592	-1
7593	-1
7594	8606910
7595	-1
7596	-1
7597	8609874
7598	-1
7599	-1
7600	8612838
7601	-1
7602	-1
7603	8615802
7604	-1
7605	-1
7606	8618766
7607	-1
7608	-1
7609	8621730
7610	-1
7611	-1
7612	8624694
7613	-1
7614	-1
7615	8627658
7616	-1
7617	-1
7618	8630622
7619	-1
7620	-1
7621	8633586
7622	-1
7623	-1
7624	8636550
7625	-1
7626	-1
7627	8639514
7628	-1
7629	-1
7630	8642478
7631	-1
7632	-1
7633	8645442
7634	-1
7635	-1
7636	8648406
7637	-1
7638	-1
7639	8651370
7640	-1
7641	-1
7642	8654334
7643	-1
7644	-1
7645	8657298
7646	-1
7647	-1
7648	8660262
7649	-1
7650	-1
7651	8663226
7652	-1
7653	-1
7654	8666190
7655	-1
7656	-1
7657	8669154
7658	-1
7659	-1
7660	8672118
7661	-1
7662	8675082
7663	-1
7664	-1
7665	8678046
7666	-1
7667	-1
7668	8681010
7669	-1
7670	-1
7671	8683974
7672	-1
7673	-1
7674	8686938
7675	-1
7676	-1
7677	8689902
7678	-1
7679	-1
7680	8692866
7681	-1
7682	-1
7683	8695830
7684	-1
7685	-1
7686	8698794
7687	-1
7688	-1
7689	8701758
7690	-1
7691	-1
7692	8704722
7693	-1
7694	-1
7695	8707686
7696	-1
7697	-1
7698	8710650
7699	-1
7700	-1
7701	8713614
7702	-1
7703	-1
7704	8716578
7705	-1
7706	-1
7707	8719542
7708	-1
7709	-1
7710	8722506
7711	-1
7712	-1
7713	8725470
7714	-1
7715	-1
7716	8728434
7717	-1
7718	-1
7719	8731398
7720	-1
7721	-1
7722	8734362
7723	-1
7724	-1
7725	8737326
7726	-1
7727	-1
7728	8740290
7729	-1
7730	-1
7731	8743254
7732	-1
7733	-1
7734	8746218
7735	-1
7736	-1
7737	8749182
7738	-1
7739	-1
7740	8752146
7741	-1
7742	-1
7743	8755110
7744	-1
7745	8758074
7746	-1
7747	-1
7748	8761038
7749	-1
7750	-1
7751	8764002
7752	-1
7753	-1
7754	8766966
7755	-1
7756	-1
7757	8769930
7758	-1
7759	-1
7760	8772894
7761	-1
7762	-1
7763	8775858
7764	-1
7765	-1
7766	8778822
7767	-1
7768	-1
7769	8781786
7770	-1
7771	-1
7772	8784750
7773	-1
7774	-1
7775	8787714
7776	-1
7777	-1
7778	8790678
7779	-1
7780	-1
7781	8793642
7782	-1
7783	-1
7784	8796606
7785	-1
7786	-1
7787	8799570
7788	-1
7789	-1
7790	8802534
7791	-1
7792	-1
7793	8805498
7794	-1
7795	-1
7796	8808462
7797	-1
7798	-1
7799	8811426
7800	-1
7801	-1
7802	8814390
7803	-1
7804	-1
7805	8817354
7806	-1
7807	-1
7808	8820318
7809	-1
7810	-1
7811	8823282
7812	-1
7813	-1
7814	8826246
7815	-1
7816	-1
7817	8829210
7818	-1
7819	-1
7820	8832174
7821	-1
7822	-1
7823	8835138
7824	-1
7825	-1
7826	8838102
7827	-1
7828	8841066
7829	-1
7830	-1
7831	8844030
7832	-1
7833	-1
7834	8846994
7835	-1
7836	-1
7837	8849958
7838	-1
7839	-1
7840	8852922
7841	-1
7842	-1
7843	8855886
7844	-1
7845	-1
7846	8858850
7847	-1
7848	-1
7849	8861814
7850	-1
7851	-1
7852	8864778
7853	-1
7854	-1
7855	8867742
7856	-1
7857	-1
7858	8870706
7859	-1
7860	-1
7861	8873670
7862	-1
7863	-1
7864	8876634
7865	-1
7866	-1
7867	8879598
7868	-1
7869	-1
7870	8882562
7871	-1
7872	-1
7873	8885526
7874	-1
7875	-1
7876	8888490
7877	-1
7878	-1
7879	8891454
7880	-1
7881	-1
7882	8894418
7883	-1
7884	-1
7885	8897382
7886	-1
7887	-1
7888	8900346
7889	-1
7890	-1
7891	8903310
7892	-1
7893	-1
7894	8906274
7895	-1
7896	-1
7897	8909238
7898	-1
7899	-1
7900	8912202
7901	-1
7902	-1
7903	8915166
7904	-1
7905	-1
7906	8918130
7907	-1
7908	8921094
7909	-1
7910	-1
7911	8924058
7912	-1
7913	-1
7914	8927022
7915	-1
7916	-1
7917	8929986
7918	-1
7919	-1
7920	8932950
7921	-1
7922	-1
7923	8935914
7924	-1
7925	-1
7926	8938878
7927	-1
7928	-1
7929	8941842
7930	-1
7931	-1
7932	8944806
7933	-1
7934	-1
7935	8947770
7936	-1
7937	-1
7938	8950734
7939	-1
7940	-1
7941	8953698
7942	-1
7943	-1
7944	8956662
7945	-1
7946	-1
7947	8959626
7948	-1
7949	-1
7950	8962590
7951	-1
7952	-1
7953	8965554
7954	-1
7955	-1
7956	8968518
7957	-1
7958	-1
7959	8971482
7960	-1
7961	-1
7962	8974446
7963	-1
7964	-1
7965	8977410
7966	-1
7967	-1
7968	8980374
7969	-1
7970	-1
7971	8983338
7972	-1
7973	-1
7974	8986302
7975	-1
7976	-1
7977	8989266
7978	-1
7979	-1
7980	8992230
7981	-1
7982	-1
7983	8995194
7984	-1
7985	-1
7986	8998158
7987	-1
7988	-1
7989	9001122
7990	-1
7991	9004086
7992	-1
7993	-1
7994	9007050
7995	-1
7996	-1
7997	9010014
7998	-1
7999	-1
8000	9012978
8001	-1
8002	-1
8003	9015942
8004	-1
8005	-1
8006	9018906
8007	-1
8008	-1
8009	9021870
8010	-1
8011	-1
8012	9024834
8013	-1
8014	-1
8015	9027798
8016	-1
8017	-1
8018	9030762
8019	-1
8020	-1
8021	9033726
8022	-1
8023	-1
8024	9036690
8025	-1
8026	-1
8027	9039654
8028	-1
8029	-1
8030	9042618
8031	-1
8032	-1
8033	9045582
8034	-1
8035	-1
8036	9048546
8037	-1
8038	-1
8039	9051510
8040	-1
8041	-1
8042	9054474
8043	-1
8044	-1
8045	9057438
8046	-1
8047	-1
8048	9060402
8049	-1
8050	-1
8051	9063366
8052	-1
8053	-1
8054	9066330
8055	-1
8056	-1
8057	9069294
8058	-1
8059	-1
8060	9072258
8061	-1
8062	-1
8063	9075222
8064	-1
8065	-1
8066	9078186
8067	-1
8068	-1
8069	9081150
8070	-1
8071	-1
8072	9084114
8073	-1
8074	9087078
8075	-1
8076	-1
8077	9090042
8078	-1
8079	-1
8080	9093006
8081	-1
8082	-1
8083	9095970
8084	-1
8085	-1
8086	9098934
8087	-1
8088	-1
8089	9101898
8090	-1
8091	-1
8092	9104862
8093	-1
8094	-1
8095	9107826
8096	-1
8097	-1
8098	9110790
8099	-1
8100	-1
8101	9113754
8102	-1
8103	-1
8104	9116718
8105	-1
8106	-1
8107	9119682
8108	-1
8109	-1
8110	9122646
8111	-1
8112	-1
8113	9125610
8114	-1
8115	-1
8116	9128574
8117	-1
8118	-1
8119	9131538
8120	-1
8121	-1
8122	9134502
8123	-1
8124	-1
8125	9137466
8126	-1
8127	-1
8128	9140430
8129	-1
8130	-1
8131	9143394
8132	-1
8133	-1
8134	9146358
8135	-1
8136	-1
8137	9149322
8138	-1
8139	-1
8140	9152286
8141	-1
8142	-1
8143	9155250
8144	-1
8145	-1
8146	9158214
8147	-1
8148	-1
8149	9161178
8150	-1
8151	-1
8152	9164142
8153	-1
8154	-1
8155	9167106
8156	-1
8157	9170070
8158	-1
8159	-1
8160	9173034
8161	-1
8162	-1
8163	9175998
8164	-1
8165	-1
8166	9178962
8167	-1
8168	-1
8169	9181926
8170	-1
8171	-1
8172	9184890
8173	-1
8174	-1
8175	9187854
8176	-1
8177	-1
8178	9190818
8179	-1
8180	-1
8181	9193782
8182	-1
8183	-1
8184	9196746
8185	-1
8186	-1
8187	9199710
8188	-1
8189	-1
8190	9202674
8191	-1
8192	-1
8193	9205638
8194	-1
8195	-1
8196	9208602
8197	-1
8198	-1
8199	9211566
8200	-1
8201	-1
8202	9214530
8203	-1
8204	-1
8205	9217494
8206	-1
8207	-1
8208	9220458
8209	-1
8210	-1
8211	9223422
8212	-1
8213	-1
8214	9226386
8215	-1
8216	-1
8217	9229350
8218	-1
8219	-1
8220	9232314
8221	-1
8222	-1
8223	9235278
8224	-1
8225	-1
8226	9238242
8227	-1
8228	-1
8229	9241206
8230	-1
8231	-1
8232	9244170
8233	-1
8234	-1
8235	9247134
8236	-1
8237	-1
8238	9250098
8239	-1
8240	9253062
8241	-1
8242	-1
8243	9256026
8244	-1
8245	-1
8246	9258990
8247	-1
8248	-1
8249	9261954
8250	-1
8251	-1
8252	9264918
8253	-1
8254	-1
8255	9267882
8256	-1
8257	-1
8258	9270846
8259	-1
8260	-1
8261	9273810
8262	-1
8263	-1
8264	9276774
8265	-1
8266	-1
8267	9279738
8268	-1
8269	-1
8270	9282702
8271	-1
8272	-1
8273	9285666
8274	-1
8275	-1
8276	9288630
8277	-1
8278	-1
8279	9291594
8280	-1
8281	-1
8282	9294558
8283	-1
8284	-1
8285	9297522
8286	-1
8287	-1
8288	9300486
8289	-1
8290	-1
8291	9303450
8292	-1
8293	-1
8294	9306414
8295	-1
8296	-1
8297	9309378
8298	-1
8299	-1
8300	9312342
8301	-1
8302	-1
8303	9315306
8304	-1
8305	-1
8306	9318270
8307	-1
8308	-1
8309	9321234
8310	-1
8311	-1
8312	9324198
8313	-1
8314	-1
8315	9327162
8316	-1
8317	-1
8318	9330126
8319	-1
8320	9333090
8321	-1
8322	-1
8323	9336054
8324	-1
8325	-1
8326	9339018
8327	-1
8328	-1
8329	9341982
8330	-1
8331	-1
8332	9344946
8333	-1
8334	-1
8335	9347910
8336	-1
8337	-1
8338	9350874
8339	-1
8340	-1
8341	9353838
8342	-1
8343	-1
8344	9356802
8345	-1
8346	-1
8347	9359766
8348	-1
8349	-1
8350	9362730
8351	-1
8352	-1
8353	9365694
8354	-1
8355	-1
8356	9368658
8357	-1
8358	-1
8359	9371622
8360	-1
8361	-1
8362	9374586
8363	-1
8364	-1
8365	9377550
8366	-1
8367	-1
8368	9380514
8369	-1
8370	-1
8371	9383478
8372	-1
8373	-1
8374	9386442
8375	-1
8376	-1
8377	9389406
8378	-1
8379	-1
8380	9392370
8381	-1
8382	-1
8383	9395334
8384	-1
8385	-1
8386	9398298
8387	-1
8388	-1
8389	9401262
8390	-1
8391	-1
8392	9404226
8393	-1
8394	-1
8395	9407190
8396	-1
8397	-1
8398	9410154
8399	-1
8400	-1
8401	9413118
8402	-1
8403	9416082
8404	-1
8405	-1
8406	9419046
8407	-1
8408	-1
8409	9422010
8410	-1
8411	-1
8412	9424974
8413	-1
8414	-1
8415	9427938
8416	-1
8417	-1
8418	9430902
8419	-1
8420	-1
8421	9433866
8422	-1
8423	-1
8424	9436830
8425	-1
8426	-1
8427	9439794
8428	-1
8429	-1
8430	9442758
8431	-1
8432	-1
8433	9445722
8434	-1
8435	-1
8436	9448686
8437	-1
8438	-1
8439	9451650
8440	-1
8441	-1
8442	9454614
8443	-1
8444	-1
8445	9457578
8446	-1
8447	-1
8448	9460542
8449	-1
8450	-1
8451	9463506
8452	-1
8453	-1
8454	9466470
8455	-1
8456	-1
8457	9469434
8458	-1
8459	-1
8460	9472398
8461	-1
8462	-1
8463	9475362
8464	-1
8465	-1
8466	9478326
8467	-1
8468	-1
8469	9481290
8470	-1
8471	-1
8472	9484254
8473	-1
8474	-1
8475	9487218
8476	-1
8477	-1
8478	9490182
8479	-1
8480	-1
8481	9493146
8482	-1
8483	-1
8484	9496110
8485	-1
8486	9499074
8487	-1
8488	-1
8489	9502038
8490	-1
8491	-1
8492	9505002
8493	-1
8494	-1
8495	9507966
8496	-1
8497	-1
8498	9510930
8499	-1
8500	-1
8501	9513894
8502	-1
8503	-1
8504	9516858
8505	-1
8506	-1
8507	9519822
8508	-1
8509	-1
8510	9522786
8511	-1
8512	-1
8513	9525750
8514	-1
8515	-1
8516	9528714
8517	-1
8518	-1
8519	9531678
8520	-1
8521	-1
8522	9534642
8523	-1
8524	-1
8525	9537606
8526	-1
8527	-1
8528	9540570
8529	-1
8530	-1
8531	9543534
8532	-1
8533	-1
8534	9546498
8535	-1
8536	-1
8537	9549462
8538	-1
8539	-1
8540	9552426
8541	-1
8542	-1
8543	9555390
8544	-1
8545	-1
8546	9558354
8547	-1
8548	-1
8549	9561318
8550	-1
8551	-1
8552	9564282
8553	-1
8554	-1
8555	9567246
8556	-1
8557	-1
8558	9570210
8559	-1
8560	-1
8561	9573174
8562	-1
8563	-1
8564	9576138
8565	-1
8566	-1
8567	9579102
8568	-1
8569	9582066
8570	-1
8571	-1
8572	9585030
8573	-1
8574	-1
8575	9587994
8576	-1
8577	-1
8578	9590958
8579	-1
8580	-1
8581	9593922
8582	-1
8583	-1
8584	9596886
8585	-1
8586	-1
8587	9599850
8588	-1
8589	-1
8590	9602814
8591	-1
8592	-1
8593	9605778
8594	-1
8595	-1
8596	9608742
8597	-1
8598	-1
8599	9611706
8600	-1
8601	-1
8602	9614670
8603	-1
8604	-1
8605	9617634
8606	-1
8607	-1
8608	9620598
8609	-1
8610	-1
8611	9623562
8612	-1
8613	-1
8614	9626526
8615	-1
8616	-1
8617	9629490
8618	-1
8619	-1
8620	9632454
8621	-1
8622	-1
8623	9635418
8624	-1
8625	-1
8626	9638382
8627	-1
8628	-1
8629	9641346
8630	-1
8631	-1
8632	9644310
8633	-1
8634	-1
8635	9647274
8636	-1
8637	-1
8638	9650238
8639	-1
8640	-1
8641	9653202
8642	-1
8643	-1
8644	9656166
8645	-1
8646	-1
8647	9659130
8648	-1
8649	9662094
8650	-1
8651	-1
8652	9665058
8653	-1
8654	-1
8655	9668022
8656	-1
8657	-1
8658	9670986
8659	-1
8660	-1
8661	9673950
8662	-1
8663	-1
8664	9676914
8665	-1
8666	-1
8667	9679878
8668	-1
8669	-1
8670	9682842
8671	-1
8672	-1
8673	9685806
8674	-1
8675	-1
8676	9688770
8677	-1
8678	-1
8679	9691734
8680	-1
8681	-1
8682	9694698
8683	-1
8684	-1
8685	9697662
8686	-1
8687	-1
8688	9700626
8689	-1
8690	-1
8691	9703590
8692	-1
8693	-1
8694	9706554
8695	-1
8696	-1
8697	9709518
8698	-1
8699	-1
8700	9712482
8701	-1
8702	-1
8703	9715446
8704	-1
8705	-1
8706	9718410
8707	-1
8708	-1
8709	9721374
8710	-1
8711	-1
8712	9724338
8713	-1
8714	-1
8715	9727302
8716	-1
8717	-1
8718	9730266
8719	-1
8720	-1
8721	9733230
8722	-1
8723	-1
8724	9736194
8725	-1
8726	-1
8727	9739158
8728	-1
8729	-1
8730	9742122
8731	-1
8732	9745086
8733	-1
8734	-1
8735	9748050
8736	-1
8737	-1
8738	9751014
8739	-1
8740	-1
8741	9753978
8742	-1
8743	-1
8744	9756942
8745	-1
8746	-1
8747	9759906
8748	-1
8749	-1
8750	9762870
8751	-1
8752	-1
8753	9765834
8754	-1
8755	-1
8756	9768798
8757	-1
8758	-1
8759	9771762
8760	-1
8761	-1
8762	9774726
8763	-1
8764	-1
8765	9777690
8766	-1
8767	-1
8768	9780654
8769	-1
8770	-1
8771	9783618
8772	-1
8773	-1
8774	9786582
8775	-1
8776	-1
8777	9789546
8778	-1
8779	-1
8780	9792510
8781	-1
8782	-1
8783	9795474
8784	-1
8785	-1
8786	9798438
8787	-1
8788	-1
8789	9801402
8790	-1
8791	-1
8792	9804366
8793	-1
8794	-1
8795	9807330
8796	-1
8797	-1
8798	9810294
8799	-1
8800	-1
8801	9813258
8802	-1
8803	-1
8804	9816222
8805	-1
8806	-1
8807	9819186
8808	-1
8809	-1
8810	9822150
8811	-1
8812	-1
8813	9825114
8814	-1
8815	9828078
8816	-1
8817	-1
8818	9831042
8819	-1
8820	-1
8821	9834006
8822	-1
8823	-1
8824	9836970
8825	-1
8826	-1
8827	9839934
8828	-1
8829	-1
8830	9842898
8831	-1
8832	-1
8833	9845862
8834	-1
8835	-1
8836	9848826
8837	-1
8838	-1
8839	9851790
8840	-1
8841	-1
8842	9854754
8843	-1
8844	-1
8845	9857718
8846	-1
8847	-1
8848	9860682
8849	-1
8850	-1
8851	9863646
8852	-1
8853	-1
8854	9866610
8855	-1
8856	-1
8857	9869574
8858	-1
8859	-1
8860	9872538
8861	-1
8862	-1
8863	9875502
8864	-1
8865	-1
8866	9878466
8867	-1
8868	-1
8869	9881430
8870	-1
8871	-1
8872	9884394
8873	-1
8874	-1
8875	9887358
8876	-1
8877	-1
8878	9890322
8879	-1
8880	-1
8881	9893286
8882	-1
8883	-1
8884	9896250
8885	-1
8886	-1
8887	9899214
8888	-1
8889	-1
8890	9902178
8891	-1
8892	-1
8893	9905142
8894	-1
8895	-1
8896	9908106
8897	-1
8898	9911070
8899	-1
8900	-1
8901	9914034
8902	-1
8903	-1
8904	9916998
8905	-1
8906	-1
8907	9919962
8908	-1
8909	-1
8910	9922926
8911	-1
8912	-1
8913	9925890
8914	-1
8915	-1
8916	9928854
8917	-1
8918	-1
8919	9931818
8920	-1
8921	-1
8922	9934782
8923	-1
8924	-1
8925	9937746
8926	-1
8927	-1
8928	9940710
8929	-1
8930	-1
8931	9943674
8932	-1
8933	-1
8934	9946638
8935	-1
8936	-1
8937	9949602
8938	-1
8939	-1
8940	9952566
8941	-1
8942	-1
8943	9955530
8944	-1
8945	-1
8946	9958494
8947	-1
8948	-1
8949	9961458
8950	-1
8951	-1
8952	9964422
8953	-1
8954	-1
8955	9967386
8956	-1
8957	-1
8958	9970350
8959	-1
8960	-1
8961	9973314
8962	-1
8963	-1
8964	9976278
8965	-1
8966	-1
8967	9979242
8968	-1
8969	-1
8970	9982206
8971	-1
8972	-1
8973	9985170
8974	-1
8975	-1
8976	9988134
8977	-1
8978	-1
8979	9991098
8980	-1
8981	9994062
8982	-1
8983	-1
8984	9997026
8985	-1
8986	-1
8987	9999990
8988	-1
8989	-1
8990	-1
8991	-1
8992	-1
8993	-1
8994	-1
8995	-1
8996	-1
8997	-1
8998	-1
8999	-1
9000	-1
9001	-1
9002	-1
9003	-1
9004	-1
9005	-1
9006	-1
9007	-1
9008	-1
9009	-1
9010	-1
9011	-1
9012	-1
9013	-1
9014	-1
9015	-1
9016	-1
9017	-1
9018	-1
9019	-1
9020	-1
9021	-1
9022	-1
9023	-1
9024	-1
9025	-1
9026	-1
9027	-1
9028	-1
9029	-1
9030	-1
9031	-1
9032	-1
9033	-1
9034	-1
9035	-1
9036	-1
9037	-1
9038	-1
9039	-1
9040	-1
9041	-1
9042	-1
9043	-1
9044	-1
9045	-1
9046	-1
9047	-1
9048	-1
9049	-1
9050	-1
9051	-1
9052	-1
9053	-1
9054	-1
9055	-1
9056	-1
9057	-1
9058	-1
9059	-1
9060	-1
9061	-1
9062	-1
9063	-1
9064	-1
9065	-1
9066	-1
9067	-1
9068	-1
9069	-1
9070	-1
9071	-1
9072	-1
9073	-1
9074	-1
9075	-1
9076	-1
9077	-1
9078	-1
9079	-1
9080	-1
9081	-1
9082	-1
9083	-1
9084	-1
9085	-1
9086	-1
9087	-1
9088	-1
9089	-1
9090	-1
9091	-1
9092	-1
9093	-1
9094	-1
9095	-1
9096	-1
9097	-1
9098	-1
9099	-1
9100	-1
9101	-1
9102	-1
9103	-1
9104	-1
9105	-1
9106	-1
9107	-1
9108	-1
9109	-1
9110	-1
9111	-1
9112	-1
9113	-1
9114	-1
9115	-1
9116	-1
9117	-1
9118	-1
9119	-1
9120	-1
9121	-1
9122	-1
9123	-1
9124	-1
9125	-1
9126	-1
9127	-1
9128	-1
9129	-1
9130	-1
9131	-1
9132	-1
9133	-1
9134	-1
9135	-1
9136	-1
9137	-1
9138	-1
9139	-1
9140	-1
9141	-1
9142	-1
9143	-1
9144	-1
9145	-1
9146	-1
9147	-1
9148	-1
9149	-1
9150	-1
9151	-1
9152	-1
9153	-1
9154	-1
9155	-1
9156	-1
9157	-1
9158	-1
9159	-1
9160	-1
9161	-1
9162	-1
9163	-1
9164	-1
9165	-1
9166	-1
9167	-1
9168	-1
9169	-1
9170	-1
9171	-1
9172	-1
9173	-1
9174	-1
9175	-1
9176	-1
9177	-1
9178	-1
9179	-1
9180	-1
9181	-1
9182	-1
9183	-1
9184	-1
9185	-1
9186	-1
9187	-1
9188	-1
9189	-1
9190	-1
9191	-1
9192	-1
9193	-1
9194	-1
9195	-1
9196	-1
9197	-1
9198	-1
9199	-1
9200	-1
9201	-1
9202	-1
9203	-1
9204	-1
9205	-1
9206	-1
9207	-1
9208	-1
9209	-1
9210	-1
9211	-1
9212	-1
9213	-1
9214	-1
9215	-1
9216	-1
9217	-1
9218	-1
9219	-1
9220	-1
9221	-1
9222	-1
9223	-1
9224	-1
9225	-1
9226	-1
9227	-1
9228	-1
9229	-1
9230	-1
9231	-1
9232	-1
9233	-1
9234	-1
9235	-1
9236	-1
9237	-1
9238	-1
9239	-1
9240	-1
9241	-1
9242	-1
9243	-1
9244	-1
9245	-1
9246	-1
9247	-1
9248	-1
9249	-1
9250	-1
9251	-1
9252	-1
9253	-1
9254	-1
9255	-1
9256	-1
9257	-1
9258	-1
9259	-1
9260	-1
9261	-1
9262	-1
9263	-1
9264	-1
9265	-1
9266	-1
9267	-1
9268	-1
9269	-1
9270	-1
9271	-1
9272	-1
9273	-1
9274	-1
9275	-1
9276	-1
9277	-1
9278	-1
9279	-1
9280	-1
9281	-1
9282	-1
9283	-1
9284	-1
9285	-1
9286	-1
9287	-1
9288	-1
9289	-1
9290	-1
9291	-1
9292	-1
9293	-1
9294	-1
9295	-1
9296	-1
9297	-1
9298	-1
9299	-1
9300	-1
9301	-1
9302	-1
9303	-1
9304	-1
9305	-1
9306	-1
9307	-1
9308	-1
9309	-1
9310	-1
9311	-1
9312	-1
9313	-1
9314	-1
9315	-1
9316	-1
9317	-1
9318	-1
9319	-1
9320	-1
9321	-1
9322	-1
9323	-1
9324	-1
9325	-1
9326	-1
9327	-1
9328	-1
9329	-1
9330	-1
9331	-1
9332	-1
9333	-1
9334	-1
9335	-1
9336	-1
9337	-1
9338	-1
9339	-1
9340	-1
9341	-1
9342	-1
9343	-1
9344	-1
9345	-1
9346	-1
9347	-1
9348	-1
9349	-1
9350	-1
9351	-1
9352	-1
9353	-1
9354	-1
9355	-1
9356	-1
9357	-1
9358	-1
9359	-1
9360	-1
9361	-1
9362	-1
9363	-1
9364	-1
9365	-1
9366	-1
9367	-1
9368	-1
9369	-1
9370	-1
9371	-1
9372	-1
9373	-1
9374	-1
9375	-1
9376	-1
9377	-1
9378	-1
9379	-1
9380	-1
9381	-1
9382	-1
9383	-1
9384	-1
9385	-1
9386	-1
9387	-1
9388	-1
9389	-1
9390	-1
9391	-1
9392	-1
9393	-1
9394	-1
9395	-1
9396	-1
9397	-1
9398	-1
9399	-1
9400	-1
9401	-1
9402	-1
9403	-1
9404	-1
9405	-1
9406	-1
9407	-1
9408	-1
9409	-1
9410	-1
9411	-1
9412	-1
9413	-1
9414	-1
9415	-1
9416	-1
9417	-1
9418	-1
9419	-1
9420	-1
9421	-1
9422	-1
9423	-1
9424	-1
9425	-1
9426	-1
9427	-1
9428	-1
9429	-1
9430	-1
9431	-1
9432	-1
9433	-1
9434	-1
9435	-1
9436	-1
9437	-1
9438	-1
9439	-1
9440	-1
9441	-1
9442	-1
9443	-1
9444	-1
9445	-1
9446	-1
9447	-1
9448	-1
9449	-1
9450	-1
9451	-1
9452	-1
9453	-1
9454	-1
9455	-1
9456	-1
9457	-1
9458	-1
9459	-1
9460	-1
9461	-1
9462	-1
9463	-1
9464	-1
9465	-1
9466	-1
9467	-1
9468	-1
9469	-1
9470	-1
9471	-1
9472	-1
9473	-1
9474	-1
9475	-1
9476	-1
9477	-1
9478	-1
9479	-1
9480	-1
9481	-1
9482	-1
9483	-1
9484	-1
9485	-1
9486	-1
9487	-1
9488	-1
9489	-1
9490	-1
9491	-1
9492	-1
9493	-1
9494	-1
9495	-1
9496	-1
9497	-1
9498	-1
9499	-1
9500	-1
9501	-1
9502	-1
9503	-1
9504	-1
9505	-1
9506	-1
9507	-1
9508	-1
9509	-1
9510	-1
9511	-1
9512	-1
9513	-1
9514	-1
9515	-1
9516	-1
9517	-1
9518	-1
9519	-1
9520	-1
9521	-1
9522	-1
9523	-1
9524	-1
9525	-1
9526	-1
9527	-1
9528	-1
9529	-1
9530	-1
9531	-1
9532	-1
9533	-1
9534	-1
9535	-1
9536	-1
9537	-1
9538	-1
9539	-1
9540	-1
9541	-1
9542	-1
9543	-1
9544	-1
9545	-1
9546	-1
9547	-1
9548	-1
9549	-1
9550	-1
9551	-1
9552	-1
9553	-1
9554	-1
9555	-1
9556	-1
9557	-1
9558	-1
9559	-1
9560	-1
9561	-1
9562	-1
9563	-1
9564	-1
9565	-1
9566	-1
9567	-1
9568	-1
9569	-1
9570	-1
9571	-1
9572	-1
9573	-1
9574	-1
9575	-1
9576	-1
9577	-1
9578	-1
9579	-1
9580	-1
9581	-1
9582	-1
9583	-1
9584	-1
9585	-1
9586	-1
9587	-1
9588	-1
9589	-1
9590	-1
9591	-1
9592	-1
9593	-1
9594	-1
9595	-1
9596	-1
9597	-1
9598	-1
9599	-1
9600	-1
9601	-1
9602	-1
9603	-1
9604	-1
9605	-1
9606	-1
9607	-1
9608	-1
9609	-1
9610	-1
9611	-1
9612	-1
9613	-1
9614	-1
9615	-1
9616	-1
9617	-1
9618	-1
9619	-1
9620	-1
9621	-1
9622	-1
9623	-1
9624	-1
9625	-1
9626	-1
9627	-1
9628	-1
9629	-1
9630	-1
9631	-1
9632	-1
9633	-1
9634	-1
9635	-1
9636	-1
9637	-1
9638	-1
9639	-1
9640	-1
9641	-1
9642	-1
9643	-1
9644	-1
9645	-1
9646	-1
9647	-1
9648	-1
9649	-1
9650	-1
9651	-1
9652	-1
9653	-1
9654	-1
9655	-1
9656	-1
9657	-1
9658	-1
9659	-1
9660	-1
9661	-1
9662	-1
9663	-1
9664	-1
9665	-1
9666	-1
9667	-1
9668	-1
9669	-1
9670	-1
9671	-1
9672	-1
9673	-1
9674	-1
9675	-1
9676	-1
9677	-1
9678	-1
9679	-1
9680	-1
9681	-1
9682	-1
9683	-1
9684	-1
9685	-1
9686	-1
9687	-1
9688	-1
9689	-1
9690	-1
9691	-1
9692	-1
9693	-1
9694	-1
9695	-1
9696	-1
9697	-1
9698	-1
9699	-1
9700	-1
9701	-1
9702	-1
9703	-1
9704	-1
9705	-1
9706	-1
9707	-1
9708	-1
9709	-1
9710	-1
9711	-1
9712	-1
9713	-1
9714	-1
9715	-1
9716	-1
9717	-1
9718	-1
9719	-1
9720	-1
9721	-1
9722	-1
9723	-1
9724	-1
9725	-1
9726	-1
9727	-1
9728	-1
9729	-1
9730	-1
9731	-1
9732	-1
9733	-1
9734	-1
9735	-1
9736	-1
9737	-1
9738	-1
9739	-1
9740	-1
9741	-1
9742	-1
9743	-1
9744	-1
9745	-1
9746	-1
9747	-1
9748	-1
9749	-1
9750	-1
9751	-1
9752	-1
9753	-1
9754	-1
9755	-1
9756	-1
9757	-1
9758	-1
9759	-1
9760	-1
9761	-1
9762	-1
9763	-1
9764	-1
9765	-1
9766	-1
9767	-1
9768	-1
9769	-1
9770	-1
9771	-1
9772	-1
9773	-1
9774	-1
9775	-1
9776	-1
9777	-1
9778	-1
9779	-1
9780	-1
9781	-1
9782	-1
9783	-1
9784	-1
9785	-1
9786	-1
9787	-1
9788	-1
9789	-1
9790	-1
9791	-1
9792	-1
9793	-1
9794	-1
9795	-1
9796	-1
9797	-1
9798	-1
9799	-1
9800	-1
9801	-1
9802	-1
9803	-1
9804	-1
9805	-1
9806	-1
9807	-1
9808	-1
9809	-1
9810	-1
9811	-1
9812	-1
9813	-1
9814	-1
9815	-1
9816	-1
9817	-1
9818	-1
9819	-1
9820	-1
9821	-1
9822	-1
9823	-1
9824	-1
9825	-1
9826	-1
9827	-1
9828	-1
9829	-1
9830	-1
9831	-1
9832	-1
9833	-1
9834	-1
9835	-1
9836	-1
9837	-1
9838	-1
9839	-1
9840	-1
9841	-1
9842	-1
9843	-1
9844	-1
9845	-1
9846	-1
9847	-1
9848	-1
9849	-1
9850	-1
9851	-1
9852	-1
9853	-1
9854	-1
9855	-1
9856	-1
9857	-1
9858	-1
9859	-1
9860	-1
9861	-1
9862	-1
9863	-1
9864	-1
9865	-1
9866	-1
9867	-1
9868	-1
9869	-1
9870	-1
9871	-1
9872	-1
9873	-1
9874	-1
9875	-1
9876	-1
9877	-1
9878	-1
9879	-1
9880	-1
9881	-1
9882	-1
9883	-1
9884	-1
9885	-1
9886	-1
9887	-1
9888	-1
9889	-1
9890	-1
9891	-1
9892	-1
9893	-1
9894	-1
9895	-1
9896	-1
9897	-1
9898	-1
9899	-1
9900	-1
9901	-1
9902	-1
9903	-1
9904	-1
9905	-1
9906	-1
9907	-1
9908	-1
9909	-1
9910	-1
9911	-1
9912	-1
9913	-1
9914	-1
9915	-1
9916	-1
9917	-1
9918	-1
9919	-1
9920	-1
9921	-1
9922	-1
9923	-1
9924	-1
9925	-1
9926	-1
9927	-1
9928	-1
9929	-1
9930	-1
9931	-1
9932	-1
9933	-1
9934	-1
9935	-1
9936	-1
9937	-1
9938	-1
9939	-1
9940	-1
9941	-1
9942	-1
9943	-1
9944	-1
9945	-1
9946	-1
9947	-1
9948	-1
9949	-1
9950	-1
9951	-1
9952	-1
9953	-1
9954	-1
9955	-1
9956	-1
9957	-1
9958	-1
9959	-1
9960	-1
9961	-1
9962	-1
9963	-1
9964	-1
9965	-1
9966	-1
9967	-1
9968	-1
9969	-1
9970	-1
9971	-1
9972	-1
9973	-1
9974	-1
9975	-1
9976	-1
9977	-1
9978	-1
9979	-1
9980	-1
9981	-1
9982	-1
9983	-1
9984	-1
9985	-1
9986	-1
9987	-1
9988	-1
9989	-1
9990	-1
9991	-1
9992	-1
9993	-1
9994	-1
9995	-1
9996	-1
9997	-1
9998	-1
9999	-1
