0	1008066
1	1009036
2	1010036
3	1011036
4	1012032
5	1013036
6	1014036
7	1015036
8	1016036
9	1017032
10	1018032
11	1019036
12	1020036
13	1021032
14	1022032
15	1023036
16	1024036
17	1025028
18	1026036
19	1027036
20	1028036
21	1029036
22	1030036
23	1031036
24	1032032
25	1033032
26	1034032
27	1035036
28	1036032
29	1037032
30	1038032
31	1039036
32	1040032
33	1041036
34	1042036
35	1043036
36	1044036
37	1045036
38	1046036
39	1047036
40	1048036
41	1049032
42	1050036
43	1051036
44	1052032
45	1053032
46	1054036
47	1055036
48	1056032
49	1057032
50	1058036
51	1059036
52	1060036
53	1061036
54	1062036
55	1063036
56	1064036
57	1065032
58	1066036
59	1067036
60	1068032
61	1069036
62	1070036
63	1071032
64	1072032
65	1073036
66	1074036
67	1075036
68	1076036
69	1077036
70	1078036
71	1079036
72	1080036
73	1081036
74	1082036
75	1083036
76	1084032
77	1085036
78	1086036
79	1087036
80	1088032
81	1089036
82	1090032
83	1091036
84	1092028
85	1093036
86	1094036
87	1095036
88	1096036
89	1097036
90	1098036
91	1099036
92	1100036
93	1101036
94	1102032
95	1103036
96	1104036
97	1105036
98	1106032
99	1107036
