0	1012418
1	1016982
2	1021546
3	1026110
4	1030674
5	1035238
6	1039802
7	1044366
8	1048930
9	1053494
10	1058058
11	1062622
12	1067186
13	1071750
14	1076314
15	1080878
16	1085442
17	1090006
18	1094570
19	1099134
20	1103698
21	1108262
22	1112826
23	1117390
24	1121954
25	1126518
26	1131082
27	1135646
28	1140210
29	1144774
30	1149338
31	1153902
32	1158466
33	1163030
34	1167594
35	1172158
36	1176722
37	1181286
38	1185850
39	1190414
40	1194978
41	1199542
42	1204106
43	1208670
44	1213234
45	1217798
46	1222362
47	1226926
48	1231490
49	1236054
50	1240618
51	1245182
52	1249746
53	1254310
54	1258874
55	1263438
56	1268002
57	1272566
58	1277130
59	1281694
60	1286258
61	1290822
62	1295386
63	1299950
64	1304514
65	1309078
66	1313642
67	1318206
68	1322770
69	1327334
70	1331898
71	1336462
72	1341026
73	1345590
74	1350154
75	1354718
76	1359282
77	-1
78	1363846
79	-1
80	-1
81	-1
82	-1
83	1368410
84	-1
85	-1
86	-1
87	1372974
88	-1
89	-1
90	-1
91	-1
92	1377538
93	-1
94	-1
95	-1
96	1382102
97	-1
98	-1
99	-1
100	-1
101	1386666
102	-1
103	-1
104	-1
105	-1
106	1391230
107	-1
108	-1
109	-1
110	1395794
111	-1
112	-1
113	-1
114	-1
115	1400358
116	-1
117	-1
118	-1
119	1404922
120	-1
121	-1
122	-1
123	-1
124	1409486
125	-1
126	-1
127	-1
128	1414050
129	-1
130	-1
131	-1
132	-1
133	1418614
134	-1
135	-1
136	-1
137	1423178
138	-1
139	-1
140	-1
141	-1
142	1427742
143	-1
144	-1
145	-1
146	-1
147	1432306
148	-1
149	-1
150	-1
151	1436870
152	-1
153	-1
154	-1
155	-1
156	1441434
157	-1
158	-1
159	-1
160	1445998
161	-1
162	-1
163	-1
164	-1
165	1450562
166	-1
167	-1
168	-1
169	1455126
170	-1
171	-1
172	-1
173	-1
174	1459690
175	-1
176	-1
177	-1
178	-1
179	1464254
180	-1
181	-1
182	-1
183	1468818
184	-1
185	-1
186	-1
187	-1
188	1473382
189	-1
190	-1
191	-1
192	1477946
193	-1
194	-1
195	-1
196	-1
197	1482510
198	-1
199	-1
200	-1
201	1487074
202	-1
203	-1
204	-1
205	-1
206	1491638
207	-1
208	-1
209	-1
210	1496202
211	-1
212	-1
213	-1
214	-1
215	1500766
216	-1
217	-1
218	-1
219	-1
220	1505330
221	-1
222	-1
223	-1
224	1509894
225	-1
226	-1
227	-1
228	-1
229	1514458
230	-1
231	-1
232	-1
233	1519022
234	-1
235	-1
236	-1
237	-1
238	1523586
239	-1
240	-1
241	-1
242	1528150
243	-1
244	-1
245	-1
246	-1
247	1532714
248	-1
249	-1
250	-1
251	-1
252	1537278
253	-1
254	-1
255	-1
256	1541842
257	-1
258	-1
259	-1
260	-1
261	1546406
262	-1
263	-1
264	-1
265	1550970
266	-1
267	-1
268	-1
269	-1
270	1555534
271	-1
272	-1
273	-1
274	1560098
275	-1
276	-1
277	-1
278	-1
279	1564662
280	-1
281	-1
282	-1
283	-1
284	1569226
285	-1
286	-1
287	-1
288	1573790
289	-1
290	-1
291	-1
292	-1
293	1578354
294	-1
295	-1
296	-1
297	1582918
298	-1
299	-1
300	-1
301	-1
302	1587482
303	-1
304	-1
305	-1
306	1592046
307	-1
308	-1
309	-1
310	-1
311	1596610
312	-1
313	-1
314	-1
315	1601174
316	-1
317	-1
318	-1
319	-1
320	1605738
321	-1
322	-1
323	-1
324	-1
325	1610302
326	-1
327	-1
328	-1
329	1614866
330	-1
331	-1
332	-1
333	-1
334	1619430
335	-1
336	-1
337	-1
338	1623994
339	-1
340	-1
341	-1
342	-1
343	1628558
344	-1
345	-1
346	-1
347	1633122
348	-1
349	-1
350	-1
351	-1
352	1637686
353	-1
354	-1
355	-1
356	-1
357	1642250
358	-1
359	-1
360	-1
361	1646814
362	-1
363	-1
364	-1
365	-1
366	1651378
367	-1
368	-1
369	-1
370	1655942
371	-1
372	-1
373	-1
374	-1
375	1660506
376	-1
377	-1
378	-1
379	1665070
380	-1
381	-1
382	-1
383	-1
384	1669634
385	-1
386	-1
387	-1
388	1674198
389	-1
390	-1
391	-1
392	-1
393	1678762
394	-1
395	-1
396	-1
397	-1
398	1683326
399	-1
400	-1
401	-1
402	1687890
403	-1
404	-1
405	-1
406	-1
407	1692454
408	-1
409	-1
410	-1
411	1697018
412	-1
413	-1
414	-1
415	-1
416	1701582
417	-1
418	-1
419	-1
420	1706146
421	-1
422	-1
423	-1
424	-1
425	1710710
426	-1
427	-1
428	-1
429	-1
430	1715274
431	-1
432	-1
433	-1
434	1719838
435	-1
436	-1
437	-1
438	-1
439	1724402
440	-1
441	-1
442	-1
443	1728966
444	-1
445	-1
446	-1
447	-1
448	1733530
449	-1
450	-1
451	-1
452	1738094
453	-1
454	-1
455	-1
456	-1
457	1742658
458	-1
459	-1
460	-1
461	-1
462	1747222
463	-1
464	-1
465	-1
466	1751786
467	-1
468	-1
469	-1
470	-1
471	1756350
472	-1
473	-1
474	-1
475	1760914
476	-1
477	-1
478	-1
479	-1
480	1765478
481	-1
482	-1
483	-1
484	1770042
485	-1
486	-1
487	-1
488	-1
489	1774606
490	-1
491	-1
492	-1
493	1779170
494	-1
495	-1
496	-1
497	-1
498	1783734
499	-1
