0	1010738
1	1014102
2	-1
3	-1
4	1017466
5	-1
6	-1
7	1020830
8	-1
9	-1
10	-1
11	1024194
12	-1
13	-1
14	1027558
15	-1
16	-1
17	1030922
18	-1
19	-1
20	-1
21	1034286
22	-1
23	-1
24	1037650
25	-1
26	-1
27	1041014
28	-1
29	-1
30	-1
31	1044378
32	-1
33	-1
34	1047742
35	-1
36	-1
37	-1
38	1051106
39	-1
40	-1
41	1054470
42	-1
43	-1
44	1057834
45	-1
46	-1
47	-1
48	1061198
49	-1
50	-1
51	1064562
52	-1
53	-1
54	1067926
55	-1
56	-1
57	-1
58	1071290
59	-1
60	-1
61	1074654
62	-1
63	-1
64	1078018
65	-1
66	-1
67	-1
68	1081382
69	-1
70	-1
71	1084746
72	-1
73	-1
74	-1
75	1088110
76	-1
77	-1
78	1091474
79	-1
80	-1
81	1094838
82	-1
83	-1
84	-1
85	1098202
86	-1
87	-1
88	1101566
89	-1
90	-1
91	1104930
92	-1
93	-1
94	-1
95	1108294
96	-1
97	-1
98	1111658
99	-1
100	-1
101	1115022
102	-1
103	-1
104	-1
105	1118386
106	-1
107	-1
108	1121750
109	-1
110	-1
111	-1
112	1125114
113	-1
114	-1
115	1128478
116	-1
117	-1
118	1131842
119	-1
120	-1
121	-1
122	1135206
123	-1
124	-1
125	1138570
126	-1
127	-1
128	1141934
129	-1
130	-1
131	-1
132	1145298
133	-1
134	-1
135	1148662
136	-1
137	-1
138	1152026
139	-1
140	-1
141	-1
142	1155390
143	-1
144	-1
145	1158754
146	-1
147	-1
148	-1
149	1162118
150	-1
151	-1
152	1165482
153	-1
154	-1
155	1168846
156	-1
157	-1
158	-1
159	1172210
160	-1
161	-1
162	1175574
163	-1
164	-1
165	1178938
166	-1
167	-1
168	-1
169	1182302
170	-1
171	-1
172	1185666
173	-1
174	-1
175	1189030
176	-1
177	-1
178	-1
179	1192394
180	-1
181	-1
182	1195758
183	-1
184	-1
185	-1
186	1199122
187	-1
188	-1
189	1202486
190	-1
191	-1
192	1205850
193	-1
194	-1
195	-1
196	1209214
197	-1
198	-1
199	1212578
200	-1
201	-1
202	1215942
203	-1
204	-1
205	-1
206	1219306
207	-1
208	-1
209	1222670
210	-1
211	-1
212	1226034
213	-1
214	-1
215	-1
216	1229398
217	-1
218	-1
219	1232762
220	-1
221	-1
222	-1
223	1236126
224	-1
225	-1
226	1239490
227	-1
228	-1
229	1242854
230	-1
231	-1
232	-1
233	1246218
234	-1
235	-1
236	1249582
237	-1
238	-1
239	1252946
240	-1
241	-1
242	-1
243	1256310
244	-1
245	-1
246	1259674
247	-1
248	-1
249	1263038
250	-1
251	-1
252	-1
253	1266402
254	-1
255	-1
256	1269766
257	-1
258	-1
259	-1
260	1273130
261	-1
262	-1
263	1276494
264	-1
265	-1
266	1279858
267	-1
268	-1
269	-1
270	1283222
271	-1
272	-1
273	1286586
274	-1
275	-1
276	1289950
277	-1
278	-1
279	-1
280	1293314
281	-1
282	-1
283	1296678
284	-1
285	-1
286	1300042
287	-1
288	-1
289	-1
290	1303406
291	-1
292	-1
293	1306770
294	-1
295	-1
296	-1
297	1310134
298	-1
299	-1
300	1313498
301	-1
302	-1
303	1316862
304	-1
305	-1
306	-1
307	1320226
308	-1
309	-1
310	1323590
311	-1
312	-1
313	1326954
314	-1
315	-1
316	-1
317	1330318
318	-1
319	-1
320	1333682
321	-1
322	-1
323	1337046
324	-1
325	-1
326	-1
327	1340410
328	-1
329	-1
330	1343774
331	-1
332	-1
333	-1
334	1347138
335	-1
336	-1
337	1350502
338	-1
339	-1
340	1353866
341	-1
342	-1
343	-1
344	1357230
345	-1
346	-1
347	1360594
348	-1
349	-1
350	1363958
351	-1
352	-1
353	-1
354	1367322
355	-1
356	-1
357	1370686
358	-1
359	-1
360	1374050
361	-1
362	-1
363	-1
364	1377414
365	-1
366	-1
367	1380778
368	-1
369	-1
370	-1
371	1384142
372	-1
373	-1
374	1387506
375	-1
376	-1
377	1390870
378	-1
379	-1
380	-1
381	1394234
382	-1
383	-1
384	1397598
385	-1
386	-1
387	1400962
388	-1
389	-1
390	-1
391	1404326
392	-1
393	-1
394	1407690
395	-1
396	-1
397	1411054
398	-1
399	-1
400	-1
401	1414418
402	-1
403	-1
404	1417782
405	-1
406	-1
407	-1
408	1421146
409	-1
410	-1
411	1424510
412	-1
413	-1
414	1427874
415	-1
416	-1
417	-1
418	1431238
419	-1
420	-1
421	1434602
422	-1
423	-1
424	1437966
425	-1
426	-1
427	-1
428	1441330
429	-1
430	-1
431	1444694
432	-1
433	-1
434	-1
435	1448058
436	-1
437	-1
438	1451422
439	-1
440	-1
441	1454786
442	-1
443	-1
444	-1
445	1458150
446	-1
447	-1
448	1461514
449	-1
450	-1
451	1464878
452	-1
453	-1
454	-1
455	1468242
456	-1
457	-1
458	1471606
459	-1
460	-1
461	1474970
462	-1
463	-1
464	-1
465	1478334
466	-1
467	-1
468	1481698
469	-1
470	-1
471	-1
472	1485062
473	-1
474	-1
475	1488426
476	-1
477	-1
478	1491790
479	-1
480	-1
481	-1
482	1495154
483	-1
484	-1
485	1498518
486	-1
487	-1
488	1501882
489	-1
490	-1
491	-1
492	1505246
493	-1
494	-1
495	1508610
496	-1
497	-1
498	1511974
499	-1
500	-1
501	-1
502	1515338
503	-1
504	-1
505	1518702
506	-1
507	-1
508	-1
509	1522066
510	-1
511	-1
512	1525430
513	-1
514	-1
515	1528794
516	-1
517	-1
518	-1
519	1532158
520	-1
521	-1
522	1535522
523	-1
524	-1
525	1538886
526	-1
527	-1
528	-1
529	1542250
530	-1
531	-1
532	1545614
533	-1
534	-1
535	1548978
536	-1
537	-1
538	-1
539	1552342
540	-1
541	-1
542	1555706
543	-1
544	-1
545	-1
546	1559070
547	-1
548	-1
549	1562434
550	-1
551	-1
552	1565798
553	-1
554	-1
555	-1
556	1569162
557	-1
558	-1
559	1572526
560	-1
561	-1
562	1575890
563	-1
564	-1
565	-1
566	1579254
567	-1
568	-1
569	1582618
570	-1
571	-1
572	1585982
573	-1
574	-1
575	-1
576	1589346
577	-1
578	-1
579	1592710
580	-1
581	-1
582	-1
583	1596074
584	-1
585	-1
586	1599438
587	-1
588	-1
589	1602802
590	-1
591	-1
592	-1
593	1606166
594	-1
595	-1
596	1609530
597	-1
598	-1
599	1612894
600	-1
601	-1
602	-1
603	1616258
604	-1
605	-1
606	1619622
607	-1
608	-1
609	1622986
610	-1
611	-1
612	-1
613	1626350
614	-1
615	-1
616	1629714
617	-1
618	-1
619	-1
620	1633078
621	-1
622	-1
623	1636442
624	-1
625	-1
626	1639806
627	-1
628	-1
629	-1
630	1643170
631	-1
632	-1
633	1646534
634	-1
635	-1
636	1649898
637	-1
638	-1
639	-1
640	1653262
641	-1
642	-1
643	1656626
644	-1
645	-1
646	1659990
647	-1
648	-1
649	-1
650	1663354
651	-1
652	-1
653	1666718
654	-1
655	-1
656	-1
657	1670082
658	-1
659	-1
660	1673446
661	-1
662	-1
663	1676810
664	-1
665	-1
666	-1
667	1680174
668	-1
669	-1
670	1683538
671	-1
672	-1
673	1686902
674	-1
675	-1
676	-1
677	1690266
678	-1
679	-1
680	1693630
681	-1
682	-1
683	1696994
684	-1
685	-1
686	-1
687	1700358
688	-1
689	-1
690	1703722
691	-1
692	-1
693	-1
694	1707086
695	-1
696	-1
697	1710450
698	-1
699	-1
700	1713814
701	-1
702	-1
703	-1
704	1717178
705	-1
706	-1
707	1720542
708	-1
709	-1
710	1723906
711	-1
712	-1
713	-1
714	1727270
715	-1
716	-1
717	1730634
718	-1
719	-1
720	1733998
721	-1
722	-1
723	-1
724	1737362
725	-1
726	-1
727	1740726
728	-1
729	-1
730	-1
731	1744090
732	-1
733	-1
734	1747454
735	-1
736	-1
737	1750818
738	-1
739	-1
740	-1
741	1754182
742	-1
743	-1
744	1757546
745	-1
746	-1
747	1760910
748	-1
749	-1
750	-1
751	1764274
752	-1
753	-1
754	1767638
755	-1
756	-1
757	1771002
758	-1
759	-1
760	-1
761	1774366
762	-1
763	-1
764	1777730
765	-1
766	-1
767	-1
768	1781094
769	-1
770	-1
771	1784458
772	-1
773	-1
774	1787822
775	-1
776	-1
777	-1
778	1791186
779	-1
780	-1
781	1794550
782	-1
783	-1
784	1797914
785	-1
786	-1
787	-1
788	1801278
789	-1
790	-1
791	1804642
792	-1
793	-1
794	1808006
795	-1
796	-1
797	-1
798	1811370
799	-1
800	-1
801	1814734
802	-1
803	-1
804	-1
805	1818098
806	-1
807	-1
808	1821462
809	-1
810	-1
811	1824826
812	-1
813	-1
814	-1
815	1828190
816	-1
817	-1
818	1831554
819	-1
820	-1
821	1834918
822	-1
823	-1
824	-1
825	1838282
826	-1
827	-1
828	1841646
829	-1
830	-1
831	1845010
832	-1
833	-1
834	-1
835	1848374
836	-1
837	-1
838	1851738
839	-1
840	-1
841	-1
842	1855102
843	-1
844	-1
845	1858466
846	-1
847	-1
848	1861830
849	-1
850	-1
851	-1
852	1865194
853	-1
854	-1
855	1868558
856	-1
857	-1
858	1871922
859	-1
860	-1
861	-1
862	1875286
863	-1
864	-1
865	1878650
866	-1
867	-1
868	1882014
869	-1
870	-1
871	-1
872	1885378
873	-1
874	-1
875	1888742
876	-1
877	-1
878	-1
879	1892106
880	-1
881	-1
882	1895470
883	-1
884	-1
885	1898834
886	-1
887	-1
888	-1
889	1902198
890	-1
891	-1
892	1905562
893	-1
894	-1
895	1908926
896	-1
897	-1
898	-1
899	1912290
900	-1
901	-1
902	1915654
903	-1
904	-1
905	1919018
906	-1
907	-1
908	-1
909	1922382
910	-1
911	-1
912	1925746
913	-1
914	-1
915	-1
916	1929110
917	-1
918	-1
919	1932474
920	-1
921	-1
922	1935838
923	-1
924	-1
925	-1
926	1939202
927	-1
928	-1
929	1942566
930	-1
931	-1
932	1945930
933	-1
934	-1
935	-1
936	1949294
937	-1
938	-1
939	1952658
940	-1
941	-1
942	1956022
943	-1
944	-1
945	-1
946	1959386
947	-1
948	-1
949	1962750
950	-1
951	-1
952	-1
953	1966114
954	-1
955	-1
956	1969478
957	-1
958	-1
959	1972842
960	-1
961	-1
962	-1
963	1976206
964	-1
965	-1
966	1979570
967	-1
968	-1
969	1982934
970	-1
971	-1
972	-1
973	1986298
974	-1
975	-1
976	1989662
977	-1
978	-1
979	1993026
980	-1
981	-1
982	-1
983	1996390
984	-1
985	-1
986	1999754
987	-1
988	-1
989	-1
990	2003118
991	-1
992	-1
993	2006482
994	-1
995	-1
996	2009846
997	-1
998	-1
999	-1
1000	2013210
1001	-1
1002	-1
1003	2016574
1004	-1
1005	-1
1006	2019938
1007	-1
1008	-1
1009	-1
1010	2023302
1011	-1
1012	-1
1013	2026666
1014	-1
1015	-1
1016	2030030
1017	-1
1018	-1
1019	-1
1020	2033394
1021	-1
1022	-1
1023	2036758
1024	-1
1025	-1
1026	-1
1027	2040122
1028	-1
1029	-1
1030	2043486
1031	-1
1032	-1
1033	2046850
1034	-1
1035	-1
1036	-1
1037	2050214
1038	-1
1039	-1
1040	2053578
1041	-1
1042	-1
1043	2056942
1044	-1
1045	-1
1046	-1
1047	2060306
1048	-1
1049	-1
1050	2063670
1051	-1
1052	-1
1053	2067034
1054	-1
1055	-1
1056	-1
1057	2070398
1058	-1
1059	-1
1060	2073762
1061	-1
1062	-1
1063	-1
1064	2077126
1065	-1
1066	-1
1067	2080490
1068	-1
1069	-1
1070	2083854
1071	-1
1072	-1
1073	-1
1074	2087218
1075	-1
1076	-1
1077	2090582
1078	-1
1079	-1
1080	2093946
1081	-1
1082	-1
1083	-1
1084	2097310
1085	-1
1086	-1
1087	2100674
1088	-1
1089	-1
1090	2104038
1091	-1
1092	-1
1093	-1
1094	2107402
1095	-1
1096	-1
1097	2110766
1098	-1
1099	-1
1100	-1
1101	2114130
1102	-1
1103	-1
1104	2117494
1105	-1
1106	-1
1107	2120858
1108	-1
1109	-1
1110	-1
1111	2124222
1112	-1
1113	-1
1114	2127586
1115	-1
1116	-1
1117	2130950
1118	-1
1119	-1
1120	-1
1121	2134314
1122	-1
1123	-1
1124	2137678
1125	-1
1126	-1
1127	2141042
1128	-1
1129	-1
1130	-1
1131	2144406
1132	-1
1133	-1
1134	2147770
1135	-1
1136	-1
1137	-1
1138	2151134
1139	-1
1140	-1
1141	2154498
1142	-1
1143	-1
1144	2157862
1145	-1
1146	-1
1147	-1
1148	2161226
1149	-1
1150	-1
1151	2164590
1152	-1
1153	-1
1154	2167954
1155	-1
1156	-1
1157	-1
1158	2171318
1159	-1
1160	-1
1161	2174682
1162	-1
1163	-1
1164	2178046
1165	-1
1166	-1
1167	-1
1168	2181410
1169	-1
1170	-1
1171	2184774
1172	-1
1173	-1
1174	-1
1175	2188138
1176	-1
1177	-1
1178	2191502
1179	-1
1180	-1
1181	2194866
1182	-1
1183	-1
1184	-1
1185	2198230
1186	-1
1187	-1
1188	2201594
1189	-1
1190	-1
1191	2204958
1192	-1
1193	-1
1194	-1
1195	2208322
1196	-1
1197	-1
1198	2211686
1199	-1
1200	-1
1201	2215050
1202	-1
1203	-1
1204	-1
1205	2218414
1206	-1
1207	-1
1208	2221778
1209	-1
1210	-1
1211	-1
1212	2225142
1213	-1
1214	-1
1215	2228506
1216	-1
1217	-1
1218	2231870
1219	-1
1220	-1
1221	-1
1222	2235234
1223	-1
1224	-1
1225	2238598
1226	-1
1227	-1
1228	2241962
1229	-1
1230	-1
1231	-1
1232	2245326
1233	-1
1234	-1
1235	2248690
1236	-1
1237	-1
1238	2252054
1239	-1
1240	-1
1241	-1
1242	2255418
1243	-1
1244	-1
1245	2258782
1246	-1
1247	-1
1248	-1
1249	2262146
1250	-1
1251	-1
1252	2265510
1253	-1
1254	-1
1255	2268874
1256	-1
1257	-1
1258	-1
1259	2272238
1260	-1
1261	-1
1262	2275602
1263	-1
1264	-1
1265	2278966
1266	-1
1267	-1
1268	-1
1269	2282330
1270	-1
1271	-1
1272	2285694
1273	-1
1274	-1
1275	-1
1276	2289058
1277	-1
1278	-1
1279	2292422
1280	-1
1281	-1
1282	2295786
1283	-1
1284	-1
1285	-1
1286	2299150
1287	-1
1288	-1
1289	2302514
1290	-1
1291	-1
1292	2305878
1293	-1
1294	-1
1295	-1
1296	2309242
1297	-1
1298	-1
1299	2312606
1300	-1
1301	-1
1302	2315970
1303	-1
1304	-1
1305	-1
1306	2319334
1307	-1
1308	-1
1309	2322698
1310	-1
1311	-1
1312	-1
1313	2326062
1314	-1
1315	-1
1316	2329426
1317	-1
1318	-1
1319	2332790
1320	-1
1321	-1
1322	-1
1323	2336154
1324	-1
1325	-1
1326	2339518
1327	-1
1328	-1
1329	2342882
1330	-1
1331	-1
1332	-1
1333	2346246
1334	-1
1335	-1
1336	2349610
1337	-1
1338	-1
1339	2352974
1340	-1
1341	-1
1342	-1
1343	2356338
1344	-1
1345	-1
1346	2359702
1347	-1
1348	-1
1349	-1
1350	2363066
1351	-1
1352	-1
1353	2366430
1354	-1
1355	-1
1356	2369794
1357	-1
1358	-1
1359	-1
1360	2373158
1361	-1
1362	-1
1363	2376522
1364	-1
1365	-1
1366	2379886
1367	-1
1368	-1
1369	-1
1370	2383250
1371	-1
1372	-1
1373	2386614
1374	-1
1375	-1
1376	2389978
1377	-1
1378	-1
1379	-1
1380	2393342
1381	-1
1382	-1
1383	2396706
1384	-1
1385	-1
1386	-1
1387	2400070
1388	-1
1389	-1
1390	2403434
1391	-1
1392	-1
1393	2406798
1394	-1
1395	-1
1396	-1
1397	2410162
1398	-1
1399	-1
1400	2413526
1401	-1
1402	-1
1403	2416890
1404	-1
1405	-1
1406	-1
1407	2420254
1408	-1
1409	-1
1410	2423618
1411	-1
1412	-1
1413	2426982
1414	-1
1415	-1
1416	-1
1417	2430346
1418	-1
1419	-1
1420	2433710
1421	-1
1422	-1
1423	-1
1424	2437074
1425	-1
1426	-1
1427	2440438
1428	-1
1429	-1
1430	2443802
1431	-1
1432	-1
1433	-1
1434	2447166
1435	-1
1436	-1
1437	2450530
1438	-1
1439	-1
1440	2453894
1441	-1
1442	-1
1443	-1
1444	2457258
1445	-1
1446	-1
1447	2460622
1448	-1
1449	-1
1450	2463986
1451	-1
1452	-1
1453	-1
1454	2467350
1455	-1
1456	-1
1457	2470714
1458	-1
1459	-1
1460	-1
1461	2474078
1462	-1
1463	-1
1464	2477442
1465	-1
1466	-1
1467	2480806
1468	-1
1469	-1
1470	-1
1471	2484170
1472	-1
1473	-1
1474	2487534
1475	-1
1476	-1
1477	2490898
1478	-1
1479	-1
1480	-1
1481	2494262
1482	-1
1483	-1
1484	2497626
1485	-1
1486	-1
1487	2500990
1488	-1
1489	-1
1490	-1
1491	2504354
1492	-1
1493	-1
1494	2507718
1495	-1
1496	-1
1497	-1
1498	2511082
1499	-1
1500	-1
1501	2514446
1502	-1
1503	-1
1504	2517810
1505	-1
1506	-1
1507	-1
1508	2521174
1509	-1
1510	-1
1511	2524538
1512	-1
1513	-1
1514	2527902
1515	-1
1516	-1
1517	-1
1518	2531266
1519	-1
1520	-1
1521	2534630
1522	-1
1523	-1
1524	2537994
1525	-1
1526	-1
1527	-1
1528	2541358
1529	-1
1530	-1
1531	2544722
1532	-1
1533	-1
1534	-1
1535	2548086
1536	-1
1537	-1
1538	2551450
1539	-1
1540	-1
1541	2554814
1542	-1
1543	-1
1544	-1
1545	2558178
1546	-1
1547	-1
1548	2561542
1549	-1
1550	-1
1551	2564906
1552	-1
1553	-1
1554	-1
1555	2568270
1556	-1
1557	-1
1558	2571634
1559	-1
1560	-1
1561	2574998
1562	-1
1563	-1
1564	-1
1565	2578362
1566	-1
1567	-1
1568	2581726
1569	-1
1570	-1
1571	-1
1572	2585090
1573	-1
1574	-1
1575	2588454
1576	-1
1577	-1
1578	2591818
1579	-1
1580	-1
1581	-1
1582	2595182
1583	-1
1584	-1
1585	2598546
1586	-1
1587	-1
1588	2601910
1589	-1
1590	-1
1591	-1
1592	2605274
1593	-1
1594	-1
1595	2608638
1596	-1
1597	-1
1598	2612002
1599	-1
1600	-1
1601	-1
1602	2615366
1603	-1
1604	-1
1605	2618730
1606	-1
1607	-1
1608	-1
1609	2622094
1610	-1
1611	-1
1612	2625458
1613	-1
1614	-1
1615	2628822
1616	-1
1617	-1
1618	-1
1619	2632186
1620	-1
1621	-1
1622	2635550
1623	-1
1624	-1
1625	2638914
1626	-1
1627	-1
1628	-1
1629	2642278
1630	-1
1631	-1
1632	2645642
1633	-1
1634	-1
1635	2649006
1636	-1
1637	-1
1638	-1
1639	2652370
1640	-1
1641	-1
1642	2655734
1643	-1
1644	-1
1645	-1
1646	2659098
1647	-1
1648	-1
1649	2662462
1650	-1
1651	-1
1652	2665826
1653	-1
1654	-1
1655	-1
1656	2669190
1657	-1
1658	-1
1659	2672554
1660	-1
1661	-1
1662	2675918
1663	-1
1664	-1
1665	-1
1666	2679282
1667	-1
1668	-1
1669	2682646
1670	-1
1671	-1
1672	2686010
1673	-1
1674	-1
1675	-1
1676	2689374
1677	-1
1678	-1
1679	2692738
1680	-1
1681	-1
1682	-1
1683	2696102
1684	-1
1685	-1
1686	2699466
1687	-1
1688	-1
1689	2702830
1690	-1
1691	-1
1692	-1
1693	2706194
1694	-1
1695	-1
1696	2709558
1697	-1
1698	-1
1699	2712922
1700	-1
1701	-1
1702	-1
1703	2716286
1704	-1
1705	-1
1706	2719650
1707	-1
1708	-1
1709	2723014
1710	-1
1711	-1
1712	-1
1713	2726378
1714	-1
1715	-1
1716	2729742
1717	-1
1718	-1
1719	-1
1720	2733106
1721	-1
1722	-1
1723	2736470
1724	-1
1725	-1
1726	2739834
1727	-1
1728	-1
1729	-1
1730	2743198
1731	-1
1732	-1
1733	2746562
1734	-1
1735	-1
1736	2749926
1737	-1
1738	-1
1739	-1
1740	2753290
1741	-1
1742	-1
1743	2756654
1744	-1
1745	-1
1746	2760018
1747	-1
1748	-1
1749	-1
1750	2763382
1751	-1
1752	-1
1753	2766746
1754	-1
1755	-1
1756	-1
1757	2770110
1758	-1
1759	-1
1760	2773474
1761	-1
1762	-1
1763	2776838
1764	-1
1765	-1
1766	-1
1767	2780202
1768	-1
1769	-1
1770	2783566
1771	-1
1772	-1
1773	2786930
1774	-1
1775	-1
1776	-1
1777	2790294
1778	-1
1779	-1
1780	2793658
1781	-1
1782	-1
1783	2797022
1784	-1
1785	-1
1786	-1
1787	2800386
1788	-1
1789	-1
1790	2803750
1791	-1
1792	-1
1793	-1
1794	2807114
1795	-1
1796	-1
1797	2810478
1798	-1
1799	-1
1800	2813842
1801	-1
1802	-1
1803	-1
1804	2817206
1805	-1
1806	-1
1807	2820570
1808	-1
1809	-1
1810	2823934
1811	-1
1812	-1
1813	-1
1814	2827298
1815	-1
1816	-1
1817	2830662
1818	-1
1819	-1
1820	2834026
1821	-1
1822	-1
1823	-1
1824	2837390
1825	-1
1826	-1
1827	2840754
1828	-1
1829	-1
1830	-1
1831	2844118
1832	-1
1833	-1
1834	2847482
1835	-1
1836	-1
1837	2850846
1838	-1
1839	-1
1840	-1
1841	2854210
1842	-1
1843	-1
1844	2857574
1845	-1
1846	-1
1847	2860938
1848	-1
1849	-1
1850	-1
1851	2864302
1852	-1
1853	-1
1854	2867666
1855	-1
1856	-1
1857	2871030
1858	-1
1859	-1
1860	-1
1861	2874394
1862	-1
1863	-1
1864	2877758
1865	-1
1866	-1
1867	-1
1868	2881122
1869	-1
1870	-1
1871	2884486
1872	-1
1873	-1
1874	2887850
1875	-1
1876	-1
1877	-1
1878	2891214
1879	-1
1880	-1
1881	2894578
1882	-1
1883	-1
1884	2897942
1885	-1
1886	-1
1887	-1
1888	2901306
1889	-1
1890	-1
1891	2904670
1892	-1
1893	-1
1894	2908034
1895	-1
1896	-1
1897	-1
1898	2911398
1899	-1
1900	-1
1901	2914762
1902	-1
1903	-1
1904	-1
1905	2918126
1906	-1
1907	-1
1908	2921490
1909	-1
1910	-1
1911	2924854
1912	-1
1913	-1
1914	-1
1915	2928218
1916	-1
1917	-1
1918	2931582
1919	-1
1920	-1
1921	2934946
1922	-1
1923	-1
1924	-1
1925	2938310
1926	-1
1927	-1
1928	2941674
1929	-1
1930	-1
1931	2945038
1932	-1
1933	-1
1934	-1
1935	2948402
1936	-1
1937	-1
1938	2951766
1939	-1
1940	-1
1941	-1
1942	2955130
1943	-1
1944	-1
1945	2958494
1946	-1
1947	-1
1948	2961858
1949	-1
1950	-1
1951	-1
1952	2965222
1953	-1
1954	-1
1955	2968586
1956	-1
1957	-1
1958	2971950
1959	-1
1960	-1
1961	-1
1962	2975314
1963	-1
1964	-1
1965	2978678
1966	-1
1967	-1
1968	2982042
1969	-1
1970	-1
1971	-1
1972	2985406
1973	-1
1974	-1
1975	2988770
1976	-1
1977	-1
1978	-1
1979	2992134
1980	-1
1981	-1
1982	2995498
1983	-1
1984	-1
1985	2998862
1986	-1
1987	-1
1988	-1
1989	3002226
1990	-1
1991	-1
1992	3005590
1993	-1
1994	-1
1995	3008954
1996	-1
1997	-1
1998	-1
1999	3012318
2000	-1
2001	-1
2002	3015682
2003	-1
2004	-1
2005	3019046
2006	-1
2007	-1
2008	-1
2009	3022410
2010	-1
2011	-1
2012	3025774
2013	-1
2014	-1
2015	-1
2016	3029138
2017	-1
2018	-1
2019	3032502
2020	-1
2021	-1
2022	3035866
2023	-1
2024	-1
2025	-1
2026	3039230
2027	-1
2028	-1
2029	3042594
2030	-1
2031	-1
2032	3045958
2033	-1
2034	-1
2035	-1
2036	3049322
2037	-1
2038	-1
2039	3052686
2040	-1
2041	-1
2042	3056050
2043	-1
2044	-1
2045	-1
2046	3059414
2047	-1
2048	-1
2049	3062778
2050	-1
2051	-1
2052	-1
2053	3066142
2054	-1
2055	-1
2056	3069506
2057	-1
2058	-1
2059	3072870
2060	-1
2061	-1
2062	-1
2063	3076234
2064	-1
2065	-1
2066	3079598
2067	-1
2068	-1
2069	3082962
2070	-1
2071	-1
2072	-1
2073	3086326
2074	-1
2075	-1
2076	3089690
2077	-1
2078	-1
2079	3093054
2080	-1
2081	-1
2082	-1
2083	3096418
2084	-1
2085	-1
2086	3099782
2087	-1
2088	-1
2089	-1
2090	3103146
2091	-1
2092	-1
2093	3106510
2094	-1
2095	-1
2096	3109874
2097	-1
2098	-1
2099	-1
2100	3113238
2101	-1
2102	-1
2103	3116602
2104	-1
2105	-1
2106	3119966
2107	-1
2108	-1
2109	-1
2110	3123330
2111	-1
2112	-1
2113	3126694
2114	-1
2115	-1
2116	-1
2117	3130058
2118	-1
2119	-1
2120	3133422
2121	-1
2122	-1
2123	3136786
2124	-1
2125	-1
2126	-1
2127	3140150
2128	-1
2129	-1
2130	3143514
2131	-1
2132	-1
2133	3146878
2134	-1
2135	-1
2136	-1
2137	3150242
2138	-1
2139	-1
2140	3153606
2141	-1
2142	-1
2143	3156970
2144	-1
2145	-1
2146	-1
2147	3160334
2148	-1
2149	-1
2150	3163698
2151	-1
2152	-1
2153	-1
2154	3167062
2155	-1
2156	-1
2157	3170426
2158	-1
2159	-1
2160	3173790
2161	-1
2162	-1
2163	-1
2164	3177154
2165	-1
2166	-1
2167	3180518
2168	-1
2169	-1
2170	3183882
2171	-1
2172	-1
2173	-1
2174	3187246
2175	-1
2176	-1
2177	3190610
2178	-1
2179	-1
2180	3193974
2181	-1
2182	-1
2183	-1
2184	3197338
2185	-1
2186	-1
2187	3200702
2188	-1
2189	-1
2190	-1
2191	3204066
2192	-1
2193	-1
2194	3207430
2195	-1
2196	-1
2197	3210794
2198	-1
2199	-1
2200	-1
2201	3214158
2202	-1
2203	-1
2204	3217522
2205	-1
2206	-1
2207	3220886
2208	-1
2209	-1
2210	-1
2211	3224250
2212	-1
2213	-1
2214	3227614
2215	-1
2216	-1
2217	3230978
2218	-1
2219	-1
2220	-1
2221	3234342
2222	-1
2223	-1
2224	3237706
2225	-1
2226	-1
2227	-1
2228	3241070
2229	-1
2230	-1
2231	3244434
2232	-1
2233	-1
2234	3247798
2235	-1
2236	-1
2237	-1
2238	3251162
2239	-1
2240	-1
2241	3254526
2242	-1
2243	-1
2244	3257890
2245	-1
2246	-1
2247	-1
2248	3261254
2249	-1
2250	-1
2251	3264618
2252	-1
2253	-1
2254	3267982
2255	-1
2256	-1
2257	-1
2258	3271346
2259	-1
2260	-1
2261	3274710
2262	-1
2263	-1
2264	-1
2265	3278074
2266	-1
2267	-1
2268	3281438
2269	-1
2270	-1
2271	3284802
2272	-1
2273	-1
2274	-1
2275	3288166
2276	-1
2277	-1
2278	3291530
2279	-1
2280	-1
2281	3294894
2282	-1
2283	-1
2284	-1
2285	3298258
2286	-1
2287	-1
2288	3301622
2289	-1
2290	-1
2291	3304986
2292	-1
2293	-1
2294	-1
2295	3308350
2296	-1
2297	-1
2298	3311714
2299	-1
2300	-1
2301	-1
2302	3315078
2303	-1
2304	-1
2305	3318442
2306	-1
2307	-1
2308	3321806
2309	-1
2310	-1
2311	-1
2312	3325170
2313	-1
2314	-1
2315	3328534
2316	-1
2317	-1
2318	3331898
2319	-1
2320	-1
2321	-1
2322	3335262
2323	-1
2324	-1
2325	3338626
2326	-1
2327	-1
2328	3341990
2329	-1
2330	-1
2331	-1
2332	3345354
2333	-1
2334	-1
2335	3348718
2336	-1
2337	-1
2338	-1
2339	3352082
2340	-1
2341	-1
2342	3355446
2343	-1
2344	-1
2345	3358810
2346	-1
2347	-1
2348	-1
2349	3362174
2350	-1
2351	-1
2352	3365538
2353	-1
2354	-1
2355	3368902
2356	-1
2357	-1
2358	-1
2359	3372266
2360	-1
2361	-1
2362	3375630
2363	-1
2364	-1
2365	3378994
2366	-1
2367	-1
2368	-1
2369	3382358
2370	-1
2371	-1
2372	3385722
2373	-1
2374	-1
2375	-1
2376	3389086
2377	-1
2378	-1
2379	3392450
2380	-1
2381	-1
2382	3395814
2383	-1
2384	-1
2385	-1
2386	3399178
2387	-1
2388	-1
2389	3402542
2390	-1
2391	-1
2392	3405906
2393	-1
2394	-1
2395	-1
2396	3409270
2397	-1
2398	-1
2399	3412634
2400	-1
2401	-1
2402	3415998
2403	-1
2404	-1
2405	-1
2406	3419362
2407	-1
2408	-1
2409	3422726
2410	-1
2411	-1
2412	-1
2413	3426090
2414	-1
2415	-1
2416	3429454
2417	-1
2418	-1
2419	3432818
2420	-1
2421	-1
2422	-1
2423	3436182
2424	-1
2425	-1
2426	3439546
2427	-1
2428	-1
2429	3442910
2430	-1
2431	-1
2432	-1
2433	3446274
2434	-1
2435	-1
2436	3449638
2437	-1
2438	-1
2439	3453002
2440	-1
2441	-1
2442	-1
2443	3456366
2444	-1
2445	-1
2446	3459730
2447	-1
2448	-1
2449	-1
2450	3463094
2451	-1
2452	-1
2453	3466458
2454	-1
2455	-1
2456	3469822
2457	-1
2458	-1
2459	-1
2460	3473186
2461	-1
2462	-1
2463	3476550
2464	-1
2465	-1
2466	3479914
2467	-1
2468	-1
2469	-1
2470	3483278
2471	-1
2472	-1
2473	3486642
2474	-1
2475	-1
2476	3490006
2477	-1
2478	-1
2479	-1
2480	3493370
2481	-1
2482	-1
2483	3496734
2484	-1
2485	-1
2486	-1
2487	3500098
2488	-1
2489	-1
2490	3503462
2491	-1
2492	-1
2493	3506826
2494	-1
2495	-1
2496	-1
2497	3510190
2498	-1
2499	-1
2500	3513554
2501	-1
2502	-1
2503	3516918
2504	-1
2505	-1
2506	-1
2507	3520282
2508	-1
2509	-1
2510	3523646
2511	-1
2512	-1
2513	3527010
2514	-1
2515	-1
2516	-1
2517	3530374
2518	-1
2519	-1
2520	3533738
2521	-1
2522	-1
2523	-1
2524	3537102
2525	-1
2526	-1
2527	3540466
2528	-1
2529	-1
2530	3543830
2531	-1
2532	-1
2533	-1
2534	3547194
2535	-1
2536	-1
2537	3550558
2538	-1
2539	-1
2540	3553922
2541	-1
2542	-1
2543	-1
2544	3557286
2545	-1
2546	-1
2547	3560650
2548	-1
2549	-1
2550	3564014
2551	-1
2552	-1
2553	-1
2554	3567378
2555	-1
2556	-1
2557	3570742
2558	-1
2559	-1
2560	-1
2561	3574106
2562	-1
2563	-1
2564	3577470
2565	-1
2566	-1
2567	3580834
2568	-1
2569	-1
2570	-1
2571	3584198
2572	-1
2573	-1
2574	3587562
2575	-1
2576	-1
2577	3590926
2578	-1
2579	-1
2580	-1
2581	3594290
2582	-1
2583	-1
2584	3597654
2585	-1
2586	-1
2587	3601018
2588	-1
2589	-1
2590	-1
2591	3604382
2592	-1
2593	-1
2594	3607746
2595	-1
2596	-1
2597	-1
2598	3611110
2599	-1
2600	-1
2601	3614474
2602	-1
2603	-1
2604	3617838
2605	-1
2606	-1
2607	-1
2608	3621202
2609	-1
2610	-1
2611	3624566
2612	-1
2613	-1
2614	3627930
2615	-1
2616	-1
2617	-1
2618	3631294
2619	-1
2620	-1
2621	3634658
2622	-1
2623	-1
2624	3638022
2625	-1
2626	-1
2627	-1
2628	3641386
2629	-1
2630	-1
2631	3644750
2632	-1
2633	-1
2634	-1
2635	3648114
2636	-1
2637	-1
2638	3651478
2639	-1
2640	-1
2641	3654842
2642	-1
2643	-1
2644	-1
2645	3658206
2646	-1
2647	-1
2648	3661570
2649	-1
2650	-1
2651	3664934
2652	-1
2653	-1
2654	-1
2655	3668298
2656	-1
2657	-1
2658	3671662
2659	-1
2660	-1
2661	3675026
2662	-1
2663	-1
2664	-1
2665	3678390
2666	-1
2667	-1
2668	3681754
2669	-1
2670	-1
2671	-1
2672	3685118
2673	-1
2674	-1
2675	3688482
2676	-1
2677	-1
2678	3691846
2679	-1
2680	-1
2681	-1
2682	3695210
2683	-1
2684	-1
2685	3698574
2686	-1
2687	-1
2688	3701938
2689	-1
2690	-1
2691	-1
2692	3705302
2693	-1
2694	-1
2695	3708666
2696	-1
2697	-1
2698	3712030
2699	-1
2700	-1
2701	-1
2702	3715394
2703	-1
2704	-1
2705	3718758
2706	-1
2707	-1
2708	-1
2709	3722122
2710	-1
2711	-1
2712	3725486
2713	-1
2714	-1
2715	3728850
2716	-1
2717	-1
2718	-1
2719	3732214
2720	-1
2721	-1
2722	3735578
2723	-1
2724	-1
2725	3738942
2726	-1
2727	-1
2728	-1
2729	3742306
2730	-1
2731	-1
2732	3745670
2733	-1
2734	-1
2735	3749034
2736	-1
2737	-1
2738	-1
2739	3752398
2740	-1
2741	-1
2742	3755762
2743	-1
2744	-1
2745	-1
2746	3759126
2747	-1
2748	-1
2749	3762490
2750	-1
2751	-1
2752	3765854
2753	-1
2754	-1
2755	-1
2756	3769218
2757	-1
2758	-1
2759	3772582
2760	-1
2761	-1
2762	3775946
2763	-1
2764	-1
2765	-1
2766	3779310
2767	-1
2768	-1
2769	3782674
2770	-1
2771	-1
2772	3786038
2773	-1
2774	-1
2775	-1
2776	3789402
2777	-1
2778	-1
2779	3792766
2780	-1
2781	-1
2782	-1
2783	3796130
2784	-1
2785	-1
2786	3799494
2787	-1
2788	-1
2789	3802858
2790	-1
2791	-1
2792	-1
2793	3806222
2794	-1
2795	-1
2796	3809586
2797	-1
2798	-1
2799	3812950
2800	-1
2801	-1
2802	-1
2803	3816314
2804	-1
2805	-1
2806	3819678
2807	-1
2808	-1
2809	3823042
2810	-1
2811	-1
2812	-1
2813	3826406
2814	-1
2815	-1
2816	3829770
2817	-1
2818	-1
2819	-1
2820	3833134
2821	-1
2822	-1
2823	3836498
2824	-1
2825	-1
2826	3839862
2827	-1
2828	-1
2829	-1
2830	3843226
2831	-1
2832	-1
2833	3846590
2834	-1
2835	-1
2836	3849954
2837	-1
2838	-1
2839	-1
2840	3853318
2841	-1
2842	-1
2843	3856682
2844	-1
2845	-1
2846	3860046
2847	-1
2848	-1
2849	-1
2850	3863410
2851	-1
2852	-1
2853	3866774
2854	-1
2855	-1
2856	-1
2857	3870138
2858	-1
2859	-1
2860	3873502
2861	-1
2862	-1
2863	3876866
2864	-1
2865	-1
2866	-1
2867	3880230
2868	-1
2869	-1
2870	3883594
2871	-1
2872	-1
2873	3886958
2874	-1
2875	-1
2876	-1
2877	3890322
2878	-1
2879	-1
2880	3893686
2881	-1
2882	-1
2883	3897050
2884	-1
2885	-1
2886	-1
2887	3900414
2888	-1
2889	-1
2890	3903778
2891	-1
2892	-1
2893	-1
2894	3907142
2895	-1
2896	-1
2897	3910506
2898	-1
2899	-1
2900	3913870
2901	-1
2902	-1
2903	-1
2904	3917234
2905	-1
2906	-1
2907	3920598
2908	-1
2909	-1
2910	3923962
2911	-1
2912	-1
2913	-1
2914	3927326
2915	-1
2916	-1
2917	3930690
2918	-1
2919	-1
2920	3934054
2921	-1
2922	-1
2923	-1
2924	3937418
2925	-1
2926	-1
2927	3940782
2928	-1
2929	-1
2930	-1
2931	3944146
2932	-1
2933	-1
2934	3947510
2935	-1
2936	-1
2937	3950874
2938	-1
2939	-1
2940	-1
2941	3954238
2942	-1
2943	-1
2944	3957602
2945	-1
2946	-1
2947	3960966
2948	-1
2949	-1
2950	-1
2951	3964330
2952	-1
2953	-1
2954	3967694
2955	-1
2956	-1
2957	-1
2958	3971058
2959	-1
2960	-1
2961	3974422
2962	-1
2963	-1
2964	3977786
2965	-1
2966	-1
2967	-1
2968	3981150
2969	-1
2970	-1
2971	3984514
2972	-1
2973	-1
2974	3987878
2975	-1
2976	-1
2977	-1
2978	3991242
2979	-1
2980	-1
2981	3994606
2982	-1
2983	-1
2984	3997970
2985	-1
2986	-1
2987	-1
2988	4001334
2989	-1
2990	-1
2991	4004698
2992	-1
2993	-1
2994	-1
2995	4008062
2996	-1
2997	-1
2998	4011426
2999	-1
3000	-1
3001	4014790
3002	-1
3003	-1
3004	-1
3005	4018154
3006	-1
3007	-1
3008	4021518
3009	-1
3010	-1
3011	4024882
3012	-1
3013	-1
3014	-1
3015	4028246
3016	-1
3017	-1
3018	4031610
3019	-1
3020	-1
3021	4034974
3022	-1
3023	-1
3024	-1
3025	4038338
3026	-1
3027	-1
3028	4041702
3029	-1
3030	-1
3031	-1
3032	4045066
3033	-1
3034	-1
3035	4048430
3036	-1
3037	-1
3038	4051794
3039	-1
3040	-1
3041	-1
3042	4055158
3043	-1
3044	-1
3045	4058522
3046	-1
3047	-1
3048	4061886
3049	-1
3050	-1
3051	-1
3052	4065250
3053	-1
3054	-1
3055	4068614
3056	-1
3057	-1
3058	4071978
3059	-1
3060	-1
3061	-1
3062	4075342
3063	-1
3064	-1
3065	4078706
3066	-1
3067	-1
3068	-1
3069	4082070
3070	-1
3071	-1
3072	4085434
3073	-1
3074	-1
3075	4088798
3076	-1
3077	-1
3078	-1
3079	4092162
3080	-1
3081	-1
3082	4095526
3083	-1
3084	-1
3085	4098890
3086	-1
3087	-1
3088	-1
3089	4102254
3090	-1
3091	-1
3092	4105618
3093	-1
3094	-1
3095	4108982
3096	-1
3097	-1
3098	-1
3099	4112346
3100	-1
3101	-1
3102	4115710
3103	-1
3104	-1
3105	-1
3106	4119074
3107	-1
3108	-1
3109	4122438
3110	-1
3111	-1
3112	4125802
3113	-1
3114	-1
3115	-1
3116	4129166
3117	-1
3118	-1
3119	4132530
3120	-1
3121	-1
3122	4135894
3123	-1
3124	-1
3125	-1
3126	4139258
3127	-1
3128	-1
3129	4142622
3130	-1
3131	-1
3132	4145986
3133	-1
3134	-1
3135	-1
3136	4149350
3137	-1
3138	-1
3139	4152714
3140	-1
3141	-1
3142	-1
3143	4156078
3144	-1
3145	-1
3146	4159442
3147	-1
3148	-1
3149	4162806
3150	-1
3151	-1
3152	-1
3153	4166170
3154	-1
3155	-1
3156	4169534
3157	-1
3158	-1
3159	4172898
3160	-1
3161	-1
3162	-1
3163	4176262
3164	-1
3165	-1
3166	4179626
3167	-1
3168	-1
3169	4182990
3170	-1
3171	-1
3172	-1
3173	4186354
3174	-1
3175	-1
3176	4189718
3177	-1
3178	-1
3179	-1
3180	4193082
3181	-1
3182	-1
3183	4196446
3184	-1
3185	-1
3186	4199810
3187	-1
3188	-1
3189	-1
3190	4203174
3191	-1
3192	-1
3193	4206538
3194	-1
3195	-1
3196	4209902
3197	-1
3198	-1
3199	-1
3200	4213266
3201	-1
3202	-1
3203	4216630
3204	-1
3205	-1
3206	4219994
3207	-1
3208	-1
3209	-1
3210	4223358
3211	-1
3212	-1
3213	4226722
3214	-1
3215	-1
3216	-1
3217	4230086
3218	-1
3219	-1
3220	4233450
3221	-1
3222	-1
3223	4236814
3224	-1
3225	-1
3226	-1
3227	4240178
3228	-1
3229	-1
3230	4243542
3231	-1
3232	-1
3233	4246906
3234	-1
3235	-1
3236	-1
3237	4250270
3238	-1
3239	-1
3240	4253634
3241	-1
3242	-1
3243	4256998
3244	-1
3245	-1
3246	-1
3247	4260362
3248	-1
3249	-1
3250	4263726
3251	-1
3252	-1
3253	-1
3254	4267090
3255	-1
3256	-1
3257	4270454
3258	-1
3259	-1
3260	4273818
3261	-1
3262	-1
3263	-1
3264	4277182
3265	-1
3266	-1
3267	4280546
3268	-1
3269	-1
3270	4283910
3271	-1
3272	-1
3273	-1
3274	4287274
3275	-1
3276	-1
3277	4290638
3278	-1
3279	-1
3280	4294002
3281	-1
3282	-1
3283	-1
3284	4297366
3285	-1
3286	-1
3287	4300730
3288	-1
3289	-1
3290	-1
3291	4304094
3292	-1
3293	-1
3294	4307458
3295	-1
3296	-1
3297	4310822
3298	-1
3299	-1
3300	-1
3301	4314186
3302	-1
3303	-1
3304	4317550
3305	-1
3306	-1
3307	4320914
3308	-1
3309	-1
3310	-1
3311	4324278
3312	-1
3313	-1
3314	4327642
3315	-1
3316	-1
3317	4331006
3318	-1
3319	-1
3320	-1
3321	4334370
3322	-1
3323	-1
3324	4337734
3325	-1
3326	-1
3327	-1
3328	4341098
3329	-1
3330	-1
3331	4344462
3332	-1
3333	-1
3334	4347826
3335	-1
3336	-1
3337	-1
3338	4351190
3339	-1
3340	-1
3341	4354554
3342	-1
3343	-1
3344	4357918
3345	-1
3346	-1
3347	-1
3348	4361282
3349	-1
3350	-1
3351	4364646
3352	-1
3353	-1
3354	4368010
3355	-1
3356	-1
3357	-1
3358	4371374
3359	-1
3360	-1
3361	4374738
3362	-1
3363	-1
3364	-1
3365	4378102
3366	-1
3367	-1
3368	4381466
3369	-1
3370	-1
3371	4384830
3372	-1
3373	-1
3374	-1
3375	4388194
3376	-1
3377	-1
3378	4391558
3379	-1
3380	-1
3381	4394922
3382	-1
3383	-1
3384	-1
3385	4398286
3386	-1
3387	-1
3388	4401650
3389	-1
3390	-1
3391	4405014
3392	-1
3393	-1
3394	-1
3395	4408378
3396	-1
3397	-1
3398	4411742
3399	-1
3400	-1
3401	-1
3402	4415106
3403	-1
3404	-1
3405	4418470
3406	-1
3407	-1
3408	4421834
3409	-1
3410	-1
3411	-1
3412	4425198
3413	-1
3414	-1
3415	4428562
3416	-1
3417	-1
3418	4431926
3419	-1
3420	-1
3421	-1
3422	4435290
3423	-1
3424	-1
3425	4438654
3426	-1
3427	-1
3428	4442018
3429	-1
3430	-1
3431	-1
3432	4445382
3433	-1
3434	-1
3435	4448746
3436	-1
3437	-1
3438	-1
3439	4452110
3440	-1
3441	-1
3442	4455474
3443	-1
3444	-1
3445	4458838
3446	-1
3447	-1
3448	-1
3449	4462202
3450	-1
3451	-1
3452	4465566
3453	-1
3454	-1
3455	4468930
3456	-1
3457	-1
3458	-1
3459	4472294
3460	-1
3461	-1
3462	4475658
3463	-1
3464	-1
3465	4479022
3466	-1
3467	-1
3468	-1
3469	4482386
3470	-1
3471	-1
3472	4485750
3473	-1
3474	-1
3475	-1
3476	4489114
3477	-1
3478	-1
3479	4492478
3480	-1
3481	-1
3482	4495842
3483	-1
3484	-1
3485	-1
3486	4499206
3487	-1
3488	-1
3489	4502570
3490	-1
3491	-1
3492	4505934
3493	-1
3494	-1
3495	-1
3496	4509298
3497	-1
3498	-1
3499	4512662
3500	-1
3501	-1
3502	4516026
3503	-1
3504	-1
3505	-1
3506	4519390
3507	-1
3508	-1
3509	4522754
3510	-1
3511	-1
3512	-1
3513	4526118
3514	-1
3515	-1
3516	4529482
3517	-1
3518	-1
3519	4532846
3520	-1
3521	-1
3522	-1
3523	4536210
3524	-1
3525	-1
3526	4539574
3527	-1
3528	-1
3529	4542938
3530	-1
3531	-1
3532	-1
3533	4546302
3534	-1
3535	-1
3536	4549666
3537	-1
3538	-1
3539	4553030
3540	-1
3541	-1
3542	-1
3543	4556394
3544	-1
3545	-1
3546	4559758
3547	-1
3548	-1
3549	-1
3550	4563122
3551	-1
3552	-1
3553	4566486
3554	-1
3555	-1
3556	4569850
3557	-1
3558	-1
3559	-1
3560	4573214
3561	-1
3562	-1
3563	4576578
3564	-1
3565	-1
3566	4579942
3567	-1
3568	-1
3569	-1
3570	4583306
3571	-1
3572	-1
3573	4586670
3574	-1
3575	-1
3576	4590034
3577	-1
3578	-1
3579	-1
3580	4593398
3581	-1
3582	-1
3583	4596762
3584	-1
3585	-1
3586	-1
3587	4600126
3588	-1
3589	-1
3590	4603490
3591	-1
3592	-1
3593	4606854
3594	-1
3595	-1
3596	-1
3597	4610218
3598	-1
3599	-1
3600	4613582
3601	-1
3602	-1
3603	4616946
3604	-1
3605	-1
3606	-1
3607	4620310
3608	-1
3609	-1
3610	4623674
3611	-1
3612	-1
3613	4627038
3614	-1
3615	-1
3616	-1
3617	4630402
3618	-1
3619	-1
3620	4633766
3621	-1
3622	-1
3623	-1
3624	4637130
3625	-1
3626	-1
3627	4640494
3628	-1
3629	-1
3630	4643858
3631	-1
3632	-1
3633	-1
3634	4647222
3635	-1
3636	-1
3637	4650586
3638	-1
3639	-1
3640	4653950
3641	-1
3642	-1
3643	-1
3644	4657314
3645	-1
3646	-1
3647	4660678
3648	-1
3649	-1
3650	4664042
3651	-1
3652	-1
3653	-1
3654	4667406
3655	-1
3656	-1
3657	4670770
3658	-1
3659	-1
3660	-1
3661	4674134
3662	-1
3663	-1
3664	4677498
3665	-1
3666	-1
3667	4680862
3668	-1
3669	-1
3670	-1
3671	4684226
3672	-1
3673	-1
3674	4687590
3675	-1
3676	-1
3677	4690954
3678	-1
3679	-1
3680	-1
3681	4694318
3682	-1
3683	-1
3684	4697682
3685	-1
3686	-1
3687	4701046
3688	-1
3689	-1
3690	-1
3691	4704410
3692	-1
3693	-1
3694	4707774
3695	-1
3696	-1
3697	-1
3698	4711138
3699	-1
3700	-1
3701	4714502
3702	-1
3703	-1
3704	4717866
3705	-1
3706	-1
3707	-1
3708	4721230
3709	-1
3710	-1
3711	4724594
3712	-1
3713	-1
3714	4727958
3715	-1
3716	-1
3717	-1
3718	4731322
3719	-1
3720	-1
3721	4734686
3722	-1
3723	-1
3724	4738050
3725	-1
3726	-1
3727	-1
3728	4741414
3729	-1
3730	-1
3731	4744778
3732	-1
3733	-1
3734	-1
3735	4748142
3736	-1
3737	-1
3738	4751506
3739	-1
3740	-1
3741	4754870
3742	-1
3743	-1
3744	-1
3745	4758234
3746	-1
3747	-1
3748	4761598
3749	-1
3750	-1
3751	4764962
3752	-1
3753	-1
3754	-1
3755	4768326
3756	-1
3757	-1
3758	4771690
3759	-1
3760	-1
3761	4775054
3762	-1
3763	-1
3764	-1
3765	4778418
3766	-1
3767	-1
3768	4781782
3769	-1
3770	-1
3771	-1
3772	4785146
3773	-1
3774	-1
3775	4788510
3776	-1
3777	-1
3778	4791874
3779	-1
3780	-1
3781	-1
3782	4795238
3783	-1
3784	-1
3785	4798602
3786	-1
3787	-1
3788	4801966
3789	-1
3790	-1
3791	-1
3792	4805330
3793	-1
3794	-1
3795	4808694
3796	-1
3797	-1
3798	-1
3799	4812058
3800	-1
3801	-1
3802	4815422
3803	-1
3804	-1
3805	4818786
3806	-1
3807	-1
3808	-1
3809	4822150
3810	-1
3811	-1
3812	4825514
3813	-1
3814	-1
3815	4828878
3816	-1
3817	-1
3818	-1
3819	4832242
3820	-1
3821	-1
3822	4835606
3823	-1
3824	-1
3825	4838970
3826	-1
3827	-1
3828	-1
3829	4842334
3830	-1
3831	-1
3832	4845698
3833	-1
3834	-1
3835	-1
3836	4849062
3837	-1
3838	-1
3839	4852426
3840	-1
3841	-1
3842	4855790
3843	-1
3844	-1
3845	-1
3846	4859154
3847	-1
3848	-1
3849	4862518
3850	-1
3851	-1
3852	4865882
3853	-1
3854	-1
3855	-1
3856	4869246
3857	-1
3858	-1
3859	4872610
3860	-1
3861	-1
3862	4875974
3863	-1
3864	-1
3865	-1
3866	4879338
3867	-1
3868	-1
3869	4882702
3870	-1
3871	-1
3872	-1
3873	4886066
3874	-1
3875	-1
3876	4889430
3877	-1
3878	-1
3879	4892794
3880	-1
3881	-1
3882	-1
3883	4896158
3884	-1
3885	-1
3886	4899522
3887	-1
3888	-1
3889	4902886
3890	-1
3891	-1
3892	-1
3893	4906250
3894	-1
3895	-1
3896	4909614
3897	-1
3898	-1
3899	4912978
3900	-1
3901	-1
3902	-1
3903	4916342
3904	-1
3905	-1
3906	4919706
3907	-1
3908	-1
3909	-1
3910	4923070
3911	-1
3912	-1
3913	4926434
3914	-1
3915	-1
3916	4929798
3917	-1
3918	-1
3919	-1
3920	4933162
3921	-1
3922	-1
3923	4936526
3924	-1
3925	-1
3926	4939890
3927	-1
3928	-1
3929	-1
3930	4943254
3931	-1
3932	-1
3933	4946618
3934	-1
3935	-1
3936	4949982
3937	-1
3938	-1
3939	-1
3940	4953346
3941	-1
3942	-1
3943	4956710
3944	-1
3945	-1
3946	-1
3947	4960074
3948	-1
3949	-1
3950	4963438
3951	-1
3952	-1
3953	4966802
3954	-1
3955	-1
3956	-1
3957	4970166
3958	-1
3959	-1
3960	4973530
3961	-1
3962	-1
3963	4976894
3964	-1
3965	-1
3966	-1
3967	4980258
3968	-1
3969	-1
3970	4983622
3971	-1
3972	-1
3973	4986986
3974	-1
3975	-1
3976	-1
3977	4990350
3978	-1
3979	-1
3980	4993714
3981	-1
3982	-1
3983	-1
3984	4997078
3985	-1
3986	-1
3987	5000442
3988	-1
3989	-1
3990	5003806
3991	-1
3992	-1
3993	-1
3994	5007170
3995	-1
3996	-1
3997	5010534
3998	-1
3999	-1
4000	5013898
4001	-1
4002	-1
4003	-1
4004	5017262
4005	-1
4006	-1
4007	5020626
4008	-1
4009	-1
4010	5023990
4011	-1
4012	-1
4013	-1
4014	5027354
4015	-1
4016	-1
4017	5030718
4018	-1
4019	-1
4020	-1
4021	5034082
4022	-1
4023	-1
4024	5037446
4025	-1
4026	-1
4027	5040810
4028	-1
4029	-1
4030	-1
4031	5044174
4032	-1
4033	-1
4034	5047538
4035	-1
4036	-1
4037	5050902
4038	-1
4039	-1
4040	-1
4041	5054266
4042	-1
4043	-1
4044	5057630
4045	-1
4046	-1
4047	5060994
4048	-1
4049	-1
4050	-1
4051	5064358
4052	-1
4053	-1
4054	5067722
4055	-1
4056	-1
4057	-1
4058	5071086
4059	-1
4060	-1
4061	5074450
4062	-1
4063	-1
4064	5077814
4065	-1
4066	-1
4067	-1
4068	5081178
4069	-1
4070	-1
4071	5084542
4072	-1
4073	-1
4074	5087906
4075	-1
4076	-1
4077	-1
4078	5091270
4079	-1
4080	-1
4081	5094634
4082	-1
4083	-1
4084	5097998
4085	-1
4086	-1
4087	-1
4088	5101362
4089	-1
4090	-1
4091	5104726
4092	-1
4093	-1
4094	-1
4095	5108090
4096	-1
4097	-1
4098	5111454
4099	-1
4100	-1
4101	5114818
4102	-1
4103	-1
4104	-1
4105	5118182
4106	-1
4107	-1
4108	5121546
4109	-1
4110	-1
4111	5124910
4112	-1
4113	-1
4114	-1
4115	5128274
4116	-1
4117	-1
4118	5131638
4119	-1
4120	-1
4121	5135002
4122	-1
4123	-1
4124	-1
4125	5138366
4126	-1
4127	-1
4128	5141730
4129	-1
4130	-1
4131	-1
4132	5145094
4133	-1
4134	-1
4135	5148458
4136	-1
4137	-1
4138	5151822
4139	-1
4140	-1
4141	-1
4142	5155186
4143	-1
4144	-1
4145	5158550
4146	-1
4147	-1
4148	5161914
4149	-1
4150	-1
4151	-1
4152	5165278
4153	-1
4154	-1
4155	5168642
4156	-1
4157	-1
4158	5172006
4159	-1
4160	-1
4161	-1
4162	5175370
4163	-1
4164	-1
4165	5178734
4166	-1
4167	-1
4168	-1
4169	5182098
4170	-1
4171	-1
4172	5185462
4173	-1
4174	-1
4175	5188826
4176	-1
4177	-1
4178	-1
4179	5192190
4180	-1
4181	-1
4182	5195554
4183	-1
4184	-1
4185	5198918
4186	-1
4187	-1
4188	-1
4189	5202282
4190	-1
4191	-1
4192	5205646
4193	-1
4194	-1
4195	5209010
4196	-1
4197	-1
4198	-1
4199	5212374
4200	-1
4201	-1
4202	5215738
4203	-1
4204	-1
4205	-1
4206	5219102
4207	-1
4208	-1
4209	5222466
4210	-1
4211	-1
4212	5225830
4213	-1
4214	-1
4215	-1
4216	5229194
4217	-1
4218	-1
4219	5232558
4220	-1
4221	-1
4222	5235922
4223	-1
4224	-1
4225	-1
4226	5239286
4227	-1
4228	-1
4229	5242650
4230	-1
4231	-1
4232	5246014
4233	-1
4234	-1
4235	-1
4236	5249378
4237	-1
4238	-1
4239	5252742
4240	-1
4241	-1
4242	-1
4243	5256106
4244	-1
4245	-1
4246	5259470
4247	-1
4248	-1
4249	5262834
4250	-1
4251	-1
4252	-1
4253	5266198
4254	-1
4255	-1
4256	5269562
4257	-1
4258	-1
4259	5272926
4260	-1
4261	-1
4262	-1
4263	5276290
4264	-1
4265	-1
4266	5279654
4267	-1
4268	-1
4269	5283018
4270	-1
4271	-1
4272	-1
4273	5286382
4274	-1
4275	-1
4276	5289746
4277	-1
4278	-1
4279	-1
4280	5293110
4281	-1
4282	-1
4283	5296474
4284	-1
4285	-1
4286	5299838
4287	-1
4288	-1
4289	-1
4290	5303202
4291	-1
4292	-1
4293	5306566
4294	-1
4295	-1
4296	5309930
4297	-1
4298	-1
4299	-1
4300	5313294
4301	-1
4302	-1
4303	5316658
4304	-1
4305	-1
4306	5320022
4307	-1
4308	-1
4309	-1
4310	5323386
4311	-1
4312	-1
4313	5326750
4314	-1
4315	-1
4316	-1
4317	5330114
4318	-1
4319	-1
4320	5333478
4321	-1
4322	-1
4323	5336842
4324	-1
4325	-1
4326	-1
4327	5340206
4328	-1
4329	-1
4330	5343570
4331	-1
4332	-1
4333	5346934
4334	-1
4335	-1
4336	-1
4337	5350298
4338	-1
4339	-1
4340	5353662
4341	-1
4342	-1
4343	5357026
4344	-1
4345	-1
4346	-1
4347	5360390
4348	-1
4349	-1
4350	5363754
4351	-1
4352	-1
4353	-1
4354	5367118
4355	-1
4356	-1
4357	5370482
4358	-1
4359	-1
4360	5373846
4361	-1
4362	-1
4363	-1
4364	5377210
4365	-1
4366	-1
4367	5380574
4368	-1
4369	-1
4370	5383938
4371	-1
4372	-1
4373	-1
4374	5387302
4375	-1
4376	-1
4377	5390666
4378	-1
4379	-1
4380	5394030
4381	-1
4382	-1
4383	-1
4384	5397394
4385	-1
4386	-1
4387	5400758
4388	-1
4389	-1
4390	-1
4391	5404122
4392	-1
4393	-1
4394	5407486
4395	-1
4396	-1
4397	5410850
4398	-1
4399	-1
4400	-1
4401	5414214
4402	-1
4403	-1
4404	5417578
4405	-1
4406	-1
4407	5420942
4408	-1
4409	-1
4410	-1
4411	5424306
4412	-1
4413	-1
4414	5427670
4415	-1
4416	-1
4417	5431034
4418	-1
4419	-1
4420	-1
4421	5434398
4422	-1
4423	-1
4424	5437762
4425	-1
4426	-1
4427	-1
4428	5441126
4429	-1
4430	-1
4431	5444490
4432	-1
4433	-1
4434	5447854
4435	-1
4436	-1
4437	-1
4438	5451218
4439	-1
4440	-1
4441	5454582
4442	-1
4443	-1
4444	5457946
4445	-1
4446	-1
4447	-1
4448	5461310
4449	-1
4450	-1
4451	5464674
4452	-1
4453	-1
4454	5468038
4455	-1
4456	-1
4457	-1
4458	5471402
4459	-1
4460	-1
4461	5474766
4462	-1
4463	-1
4464	-1
4465	5478130
4466	-1
4467	-1
4468	5481494
4469	-1
4470	-1
4471	5484858
4472	-1
4473	-1
4474	-1
4475	5488222
4476	-1
4477	-1
4478	5491586
4479	-1
4480	-1
4481	5494950
4482	-1
4483	-1
4484	-1
4485	5498314
4486	-1
4487	-1
4488	5501678
4489	-1
4490	-1
4491	5505042
4492	-1
4493	-1
4494	-1
4495	5508406
4496	-1
4497	-1
4498	5511770
4499	-1
4500	-1
4501	-1
4502	5515134
4503	-1
4504	-1
4505	5518498
4506	-1
4507	-1
4508	5521862
4509	-1
4510	-1
4511	-1
4512	5525226
4513	-1
4514	-1
4515	5528590
4516	-1
4517	-1
4518	5531954
4519	-1
4520	-1
4521	-1
4522	5535318
4523	-1
4524	-1
4525	5538682
4526	-1
4527	-1
4528	5542046
4529	-1
4530	-1
4531	-1
4532	5545410
4533	-1
4534	-1
4535	5548774
4536	-1
4537	-1
4538	-1
4539	5552138
4540	-1
4541	-1
4542	5555502
4543	-1
4544	-1
4545	5558866
4546	-1
4547	-1
4548	-1
4549	5562230
4550	-1
4551	-1
4552	5565594
4553	-1
4554	-1
4555	5568958
4556	-1
4557	-1
4558	-1
4559	5572322
4560	-1
4561	-1
4562	5575686
4563	-1
4564	-1
4565	5579050
4566	-1
4567	-1
4568	-1
4569	5582414
4570	-1
4571	-1
4572	5585778
4573	-1
4574	-1
4575	-1
4576	5589142
4577	-1
4578	-1
4579	5592506
4580	-1
4581	-1
4582	5595870
4583	-1
4584	-1
4585	-1
4586	5599234
4587	-1
4588	-1
4589	5602598
4590	-1
4591	-1
4592	5605962
4593	-1
4594	-1
4595	-1
4596	5609326
4597	-1
4598	-1
4599	5612690
4600	-1
4601	-1
4602	5616054
4603	-1
4604	-1
4605	-1
4606	5619418
4607	-1
4608	-1
4609	5622782
4610	-1
4611	-1
4612	-1
4613	5626146
4614	-1
4615	-1
4616	5629510
4617	-1
4618	-1
4619	5632874
4620	-1
4621	-1
4622	-1
4623	5636238
4624	-1
4625	-1
4626	5639602
4627	-1
4628	-1
4629	5642966
4630	-1
4631	-1
4632	-1
4633	5646330
4634	-1
4635	-1
4636	5649694
4637	-1
4638	-1
4639	-1
4640	5653058
4641	-1
4642	-1
4643	5656422
4644	-1
4645	-1
4646	5659786
4647	-1
4648	-1
4649	-1
4650	5663150
4651	-1
4652	-1
4653	5666514
4654	-1
4655	-1
4656	5669878
4657	-1
4658	-1
4659	-1
4660	5673242
4661	-1
4662	-1
4663	5676606
4664	-1
4665	-1
4666	5679970
4667	-1
4668	-1
4669	-1
4670	5683334
4671	-1
4672	-1
4673	5686698
4674	-1
4675	-1
4676	-1
4677	5690062
4678	-1
4679	-1
4680	5693426
4681	-1
4682	-1
4683	5696790
4684	-1
4685	-1
4686	-1
4687	5700154
4688	-1
4689	-1
4690	5703518
4691	-1
4692	-1
4693	5706882
4694	-1
4695	-1
4696	-1
4697	5710246
4698	-1
4699	-1
4700	5713610
4701	-1
4702	-1
4703	5716974
4704	-1
4705	-1
4706	-1
4707	5720338
4708	-1
4709	-1
4710	5723702
4711	-1
4712	-1
4713	-1
4714	5727066
4715	-1
4716	-1
4717	5730430
4718	-1
4719	-1
4720	5733794
4721	-1
4722	-1
4723	-1
4724	5737158
4725	-1
4726	-1
4727	5740522
4728	-1
4729	-1
4730	5743886
4731	-1
4732	-1
4733	-1
4734	5747250
4735	-1
4736	-1
4737	5750614
4738	-1
4739	-1
4740	5753978
4741	-1
4742	-1
4743	-1
4744	5757342
4745	-1
4746	-1
4747	5760706
4748	-1
4749	-1
4750	-1
4751	5764070
4752	-1
4753	-1
4754	5767434
4755	-1
4756	-1
4757	5770798
4758	-1
4759	-1
4760	-1
4761	5774162
4762	-1
4763	-1
4764	5777526
4765	-1
4766	-1
4767	5780890
4768	-1
4769	-1
4770	-1
4771	5784254
4772	-1
4773	-1
4774	5787618
4775	-1
4776	-1
4777	5790982
4778	-1
4779	-1
4780	-1
4781	5794346
4782	-1
4783	-1
4784	5797710
4785	-1
4786	-1
4787	-1
4788	5801074
4789	-1
4790	-1
4791	5804438
4792	-1
4793	-1
4794	5807802
4795	-1
4796	-1
4797	-1
4798	5811166
4799	-1
4800	-1
4801	5814530
4802	-1
4803	-1
4804	5817894
4805	-1
4806	-1
4807	-1
4808	5821258
4809	-1
4810	-1
4811	5824622
4812	-1
4813	-1
4814	5827986
4815	-1
4816	-1
4817	-1
4818	5831350
4819	-1
4820	-1
4821	5834714
4822	-1
4823	-1
4824	-1
4825	5838078
4826	-1
4827	-1
4828	5841442
4829	-1
4830	-1
4831	5844806
4832	-1
4833	-1
4834	-1
4835	5848170
4836	-1
4837	-1
4838	5851534
4839	-1
4840	-1
4841	5854898
4842	-1
4843	-1
4844	-1
4845	5858262
4846	-1
4847	-1
4848	5861626
4849	-1
4850	-1
4851	5864990
4852	-1
4853	-1
4854	-1
4855	5868354
4856	-1
4857	-1
4858	5871718
4859	-1
4860	-1
4861	-1
4862	5875082
4863	-1
4864	-1
4865	5878446
4866	-1
4867	-1
4868	5881810
4869	-1
4870	-1
4871	-1
4872	5885174
4873	-1
4874	-1
4875	5888538
4876	-1
4877	-1
4878	5891902
4879	-1
4880	-1
4881	-1
4882	5895266
4883	-1
4884	-1
4885	5898630
4886	-1
4887	-1
4888	5901994
4889	-1
4890	-1
4891	-1
4892	5905358
4893	-1
4894	-1
4895	5908722
4896	-1
4897	-1
4898	-1
4899	5912086
4900	-1
4901	-1
4902	5915450
4903	-1
4904	-1
4905	5918814
4906	-1
4907	-1
4908	-1
4909	5922178
4910	-1
4911	-1
4912	5925542
4913	-1
4914	-1
4915	5928906
4916	-1
4917	-1
4918	-1
4919	5932270
4920	-1
4921	-1
4922	5935634
4923	-1
4924	-1
4925	5938998
4926	-1
4927	-1
4928	-1
4929	5942362
4930	-1
4931	-1
4932	5945726
4933	-1
4934	-1
4935	-1
4936	5949090
4937	-1
4938	-1
4939	5952454
4940	-1
4941	-1
4942	5955818
4943	-1
4944	-1
4945	-1
4946	5959182
4947	-1
4948	-1
4949	5962546
4950	-1
4951	-1
4952	5965910
4953	-1
4954	-1
4955	-1
4956	5969274
4957	-1
4958	-1
4959	5972638
4960	-1
4961	-1
4962	5976002
4963	-1
4964	-1
4965	-1
4966	5979366
4967	-1
4968	-1
4969	5982730
4970	-1
4971	-1
4972	-1
4973	5986094
4974	-1
4975	-1
4976	5989458
4977	-1
4978	-1
4979	5992822
4980	-1
4981	-1
4982	-1
4983	5996186
4984	-1
4985	-1
4986	5999550
4987	-1
4988	-1
4989	6002914
4990	-1
4991	-1
4992	-1
4993	6006278
4994	-1
4995	-1
4996	6009642
4997	-1
4998	-1
4999	6013006
5000	-1
5001	-1
5002	-1
5003	6016370
5004	-1
5005	-1
5006	6019734
5007	-1
5008	-1
5009	-1
5010	6023098
5011	-1
5012	-1
5013	6026462
5014	-1
5015	-1
5016	6029826
5017	-1
5018	-1
5019	-1
5020	6033190
5021	-1
5022	-1
5023	6036554
5024	-1
5025	-1
5026	6039918
5027	-1
5028	-1
5029	-1
5030	6043282
5031	-1
5032	-1
5033	6046646
5034	-1
5035	-1
5036	6050010
5037	-1
5038	-1
5039	-1
5040	6053374
5041	-1
5042	-1
5043	6056738
5044	-1
5045	-1
5046	-1
5047	6060102
5048	-1
5049	-1
5050	6063466
5051	-1
5052	-1
5053	6066830
5054	-1
5055	-1
5056	-1
5057	6070194
5058	-1
5059	-1
5060	6073558
5061	-1
5062	-1
5063	6076922
5064	-1
5065	-1
5066	-1
5067	6080286
5068	-1
5069	-1
5070	6083650
5071	-1
5072	-1
5073	6087014
5074	-1
5075	-1
5076	-1
5077	6090378
5078	-1
5079	-1
5080	6093742
5081	-1
5082	-1
5083	-1
5084	6097106
5085	-1
5086	-1
5087	6100470
5088	-1
5089	-1
5090	6103834
5091	-1
5092	-1
5093	-1
5094	6107198
5095	-1
5096	-1
5097	6110562
5098	-1
5099	-1
5100	6113926
5101	-1
5102	-1
5103	-1
5104	6117290
5105	-1
5106	-1
5107	6120654
5108	-1
5109	-1
5110	6124018
5111	-1
5112	-1
5113	-1
5114	6127382
5115	-1
5116	-1
5117	6130746
5118	-1
5119	-1
5120	-1
5121	6134110
5122	-1
5123	-1
5124	6137474
5125	-1
5126	-1
5127	6140838
5128	-1
5129	-1
5130	-1
5131	6144202
5132	-1
5133	-1
5134	6147566
5135	-1
5136	-1
5137	6150930
5138	-1
5139	-1
5140	-1
5141	6154294
5142	-1
5143	-1
5144	6157658
5145	-1
5146	-1
5147	6161022
5148	-1
5149	-1
5150	-1
5151	6164386
5152	-1
5153	-1
5154	6167750
5155	-1
5156	-1
5157	-1
5158	6171114
5159	-1
5160	-1
5161	6174478
5162	-1
5163	-1
5164	6177842
5165	-1
5166	-1
5167	-1
5168	6181206
5169	-1
5170	-1
5171	6184570
5172	-1
5173	-1
5174	6187934
5175	-1
5176	-1
5177	-1
5178	6191298
5179	-1
5180	-1
5181	6194662
5182	-1
5183	-1
5184	6198026
5185	-1
5186	-1
5187	-1
5188	6201390
5189	-1
5190	-1
5191	6204754
5192	-1
5193	-1
5194	-1
5195	6208118
5196	-1
5197	-1
5198	6211482
5199	-1
5200	-1
5201	6214846
5202	-1
5203	-1
5204	-1
5205	6218210
5206	-1
5207	-1
5208	6221574
5209	-1
5210	-1
5211	6224938
5212	-1
5213	-1
5214	-1
5215	6228302
5216	-1
5217	-1
5218	6231666
5219	-1
5220	-1
5221	6235030
5222	-1
5223	-1
5224	-1
5225	6238394
5226	-1
5227	-1
5228	6241758
5229	-1
5230	-1
5231	-1
5232	6245122
5233	-1
5234	-1
5235	6248486
5236	-1
5237	-1
5238	6251850
5239	-1
5240	-1
5241	-1
5242	6255214
5243	-1
5244	-1
5245	6258578
5246	-1
5247	-1
5248	6261942
5249	-1
5250	-1
5251	-1
5252	6265306
5253	-1
5254	-1
5255	6268670
5256	-1
5257	-1
5258	6272034
5259	-1
5260	-1
5261	-1
5262	6275398
5263	-1
5264	-1
5265	6278762
5266	-1
5267	-1
5268	-1
5269	6282126
5270	-1
5271	-1
5272	6285490
5273	-1
5274	-1
5275	6288854
5276	-1
5277	-1
5278	-1
5279	6292218
5280	-1
5281	-1
5282	6295582
5283	-1
5284	-1
5285	6298946
5286	-1
5287	-1
5288	-1
5289	6302310
5290	-1
5291	-1
5292	6305674
5293	-1
5294	-1
5295	6309038
5296	-1
5297	-1
5298	-1
5299	6312402
5300	-1
5301	-1
5302	6315766
5303	-1
5304	-1
5305	-1
5306	6319130
5307	-1
5308	-1
5309	6322494
5310	-1
5311	-1
5312	6325858
5313	-1
5314	-1
5315	-1
5316	6329222
5317	-1
5318	-1
5319	6332586
5320	-1
5321	-1
5322	6335950
5323	-1
5324	-1
5325	-1
5326	6339314
5327	-1
5328	-1
5329	6342678
5330	-1
5331	-1
5332	6346042
5333	-1
5334	-1
5335	-1
5336	6349406
5337	-1
5338	-1
5339	6352770
5340	-1
5341	-1
5342	-1
5343	6356134
5344	-1
5345	-1
5346	6359498
5347	-1
5348	-1
5349	6362862
5350	-1
5351	-1
5352	-1
5353	6366226
5354	-1
5355	-1
5356	6369590
5357	-1
5358	-1
5359	6372954
5360	-1
5361	-1
5362	-1
5363	6376318
5364	-1
5365	-1
5366	6379682
5367	-1
5368	-1
5369	6383046
5370	-1
5371	-1
5372	-1
5373	6386410
5374	-1
5375	-1
5376	6389774
5377	-1
5378	-1
5379	-1
5380	6393138
5381	-1
5382	-1
5383	6396502
5384	-1
5385	-1
5386	6399866
5387	-1
5388	-1
5389	-1
5390	6403230
5391	-1
5392	-1
5393	6406594
5394	-1
5395	-1
5396	6409958
5397	-1
5398	-1
5399	-1
5400	6413322
5401	-1
5402	-1
5403	6416686
5404	-1
5405	-1
5406	6420050
5407	-1
5408	-1
5409	-1
5410	6423414
5411	-1
5412	-1
5413	6426778
5414	-1
5415	-1
5416	-1
5417	6430142
5418	-1
5419	-1
5420	6433506
5421	-1
5422	-1
5423	6436870
5424	-1
5425	-1
5426	-1
5427	6440234
5428	-1
5429	-1
5430	6443598
5431	-1
5432	-1
5433	6446962
5434	-1
5435	-1
5436	-1
5437	6450326
5438	-1
5439	-1
5440	6453690
5441	-1
5442	-1
5443	6457054
5444	-1
5445	-1
5446	-1
5447	6460418
5448	-1
5449	-1
5450	6463782
5451	-1
5452	-1
5453	-1
5454	6467146
5455	-1
5456	-1
5457	6470510
5458	-1
5459	-1
5460	6473874
5461	-1
5462	-1
5463	-1
5464	6477238
5465	-1
5466	-1
5467	6480602
5468	-1
5469	-1
5470	6483966
5471	-1
5472	-1
5473	-1
5474	6487330
5475	-1
5476	-1
5477	6490694
5478	-1
5479	-1
5480	-1
5481	6494058
5482	-1
5483	-1
5484	6497422
5485	-1
5486	-1
5487	6500786
5488	-1
5489	-1
5490	-1
5491	6504150
5492	-1
5493	-1
5494	6507514
5495	-1
5496	-1
5497	6510878
5498	-1
5499	-1
5500	-1
5501	6514242
5502	-1
5503	-1
5504	6517606
5505	-1
5506	-1
5507	6520970
5508	-1
5509	-1
5510	-1
5511	6524334
5512	-1
5513	-1
5514	6527698
5515	-1
5516	-1
5517	-1
5518	6531062
5519	-1
5520	-1
5521	6534426
5522	-1
5523	-1
5524	6537790
5525	-1
5526	-1
5527	-1
5528	6541154
5529	-1
5530	-1
5531	6544518
5532	-1
5533	-1
5534	6547882
5535	-1
5536	-1
5537	-1
5538	6551246
5539	-1
5540	-1
5541	6554610
5542	-1
5543	-1
5544	6557974
5545	-1
5546	-1
5547	-1
5548	6561338
5549	-1
5550	-1
5551	6564702
5552	-1
5553	-1
5554	-1
5555	6568066
5556	-1
5557	-1
5558	6571430
5559	-1
5560	-1
5561	6574794
5562	-1
5563	-1
5564	-1
5565	6578158
5566	-1
5567	-1
5568	6581522
5569	-1
5570	-1
5571	6584886
5572	-1
5573	-1
5574	-1
5575	6588250
5576	-1
5577	-1
5578	6591614
5579	-1
5580	-1
5581	6594978
5582	-1
5583	-1
5584	-1
5585	6598342
5586	-1
5587	-1
5588	6601706
5589	-1
5590	-1
5591	-1
5592	6605070
5593	-1
5594	-1
5595	6608434
5596	-1
5597	-1
5598	6611798
5599	-1
5600	-1
5601	-1
5602	6615162
5603	-1
5604	-1
5605	6618526
5606	-1
5607	-1
5608	6621890
5609	-1
5610	-1
5611	-1
5612	6625254
5613	-1
5614	-1
5615	6628618
5616	-1
5617	-1
5618	6631982
5619	-1
5620	-1
5621	-1
5622	6635346
5623	-1
5624	-1
5625	6638710
5626	-1
5627	-1
5628	-1
5629	6642074
5630	-1
5631	-1
5632	6645438
5633	-1
5634	-1
5635	6648802
5636	-1
5637	-1
5638	-1
5639	6652166
5640	-1
5641	-1
5642	6655530
5643	-1
5644	-1
5645	6658894
5646	-1
5647	-1
5648	-1
5649	6662258
5650	-1
5651	-1
5652	6665622
5653	-1
5654	-1
5655	6668986
5656	-1
5657	-1
5658	-1
5659	6672350
5660	-1
5661	-1
5662	6675714
5663	-1
5664	-1
5665	-1
5666	6679078
5667	-1
5668	-1
5669	6682442
5670	-1
5671	-1
5672	6685806
5673	-1
5674	-1
5675	-1
5676	6689170
5677	-1
5678	-1
5679	6692534
5680	-1
5681	-1
5682	6695898
5683	-1
5684	-1
5685	-1
5686	6699262
5687	-1
5688	-1
5689	6702626
5690	-1
5691	-1
5692	6705990
5693	-1
5694	-1
5695	-1
5696	6709354
5697	-1
5698	-1
5699	6712718
5700	-1
5701	-1
5702	-1
5703	6716082
5704	-1
5705	-1
5706	6719446
5707	-1
5708	-1
5709	6722810
5710	-1
5711	-1
5712	-1
5713	6726174
5714	-1
5715	-1
5716	6729538
5717	-1
5718	-1
5719	6732902
5720	-1
5721	-1
5722	-1
5723	6736266
5724	-1
5725	-1
5726	6739630
5727	-1
5728	-1
5729	6742994
5730	-1
5731	-1
5732	-1
5733	6746358
5734	-1
5735	-1
5736	6749722
5737	-1
5738	-1
5739	-1
5740	6753086
5741	-1
5742	-1
5743	6756450
5744	-1
5745	-1
5746	6759814
5747	-1
5748	-1
5749	-1
5750	6763178
5751	-1
5752	-1
5753	6766542
5754	-1
5755	-1
5756	6769906
5757	-1
5758	-1
5759	-1
5760	6773270
5761	-1
5762	-1
5763	6776634
5764	-1
5765	-1
5766	6779998
5767	-1
5768	-1
5769	-1
5770	6783362
5771	-1
5772	-1
5773	6786726
5774	-1
5775	-1
5776	-1
5777	6790090
5778	-1
5779	-1
5780	6793454
5781	-1
5782	-1
5783	6796818
5784	-1
5785	-1
5786	-1
5787	6800182
5788	-1
5789	-1
5790	6803546
5791	-1
5792	-1
5793	6806910
5794	-1
5795	-1
5796	-1
5797	6810274
5798	-1
5799	-1
5800	6813638
5801	-1
5802	-1
5803	6817002
5804	-1
5805	-1
5806	-1
5807	6820366
5808	-1
5809	-1
5810	6823730
5811	-1
5812	-1
5813	-1
5814	6827094
5815	-1
5816	-1
5817	6830458
5818	-1
5819	-1
5820	6833822
5821	-1
5822	-1
5823	-1
5824	6837186
5825	-1
5826	-1
5827	6840550
5828	-1
5829	-1
5830	6843914
5831	-1
5832	-1
5833	-1
5834	6847278
5835	-1
5836	-1
5837	6850642
5838	-1
5839	-1
5840	6854006
5841	-1
5842	-1
5843	-1
5844	6857370
5845	-1
5846	-1
5847	6860734
5848	-1
5849	-1
5850	-1
5851	6864098
5852	-1
5853	-1
5854	6867462
5855	-1
5856	-1
5857	6870826
5858	-1
5859	-1
5860	-1
5861	6874190
5862	-1
5863	-1
5864	6877554
5865	-1
5866	-1
5867	6880918
5868	-1
5869	-1
5870	-1
5871	6884282
5872	-1
5873	-1
5874	6887646
5875	-1
5876	-1
5877	6891010
5878	-1
5879	-1
5880	-1
5881	6894374
5882	-1
5883	-1
5884	6897738
5885	-1
5886	-1
5887	-1
5888	6901102
5889	-1
5890	-1
5891	6904466
5892	-1
5893	-1
5894	6907830
5895	-1
5896	-1
5897	-1
5898	6911194
5899	-1
5900	-1
5901	6914558
5902	-1
5903	-1
5904	6917922
5905	-1
5906	-1
5907	-1
5908	6921286
5909	-1
5910	-1
5911	6924650
5912	-1
5913	-1
5914	6928014
5915	-1
5916	-1
5917	-1
5918	6931378
5919	-1
5920	-1
5921	6934742
5922	-1
5923	-1
5924	-1
5925	6938106
5926	-1
5927	-1
5928	6941470
5929	-1
5930	-1
5931	6944834
5932	-1
5933	-1
5934	-1
5935	6948198
5936	-1
5937	-1
5938	6951562
5939	-1
5940	-1
5941	6954926
5942	-1
5943	-1
5944	-1
5945	6958290
5946	-1
5947	-1
5948	6961654
5949	-1
5950	-1
5951	6965018
5952	-1
5953	-1
5954	-1
5955	6968382
5956	-1
5957	-1
5958	6971746
5959	-1
5960	-1
5961	-1
5962	6975110
5963	-1
5964	-1
5965	6978474
5966	-1
5967	-1
5968	6981838
5969	-1
5970	-1
5971	-1
5972	6985202
5973	-1
5974	-1
5975	6988566
5976	-1
5977	-1
5978	6991930
5979	-1
5980	-1
5981	-1
5982	6995294
5983	-1
5984	-1
5985	6998658
5986	-1
5987	-1
5988	7002022
5989	-1
5990	-1
5991	-1
5992	7005386
5993	-1
5994	-1
5995	7008750
5996	-1
5997	-1
5998	-1
5999	7012114
6000	-1
6001	-1
6002	7015478
6003	-1
6004	-1
6005	7018842
6006	-1
6007	-1
6008	-1
6009	7022206
6010	-1
6011	-1
6012	7025570
6013	-1
6014	-1
6015	7028934
6016	-1
6017	-1
6018	-1
6019	7032298
6020	-1
6021	-1
6022	7035662
6023	-1
6024	-1
6025	7039026
6026	-1
6027	-1
6028	-1
6029	7042390
6030	-1
6031	-1
6032	7045754
6033	-1
6034	-1
6035	-1
6036	7049118
6037	-1
6038	-1
6039	7052482
6040	-1
6041	-1
6042	7055846
6043	-1
6044	-1
6045	-1
6046	7059210
6047	-1
6048	-1
6049	7062574
6050	-1
6051	-1
6052	7065938
6053	-1
6054	-1
6055	-1
6056	7069302
6057	-1
6058	-1
6059	7072666
6060	-1
6061	-1
6062	7076030
6063	-1
6064	-1
6065	-1
6066	7079394
6067	-1
6068	-1
6069	7082758
6070	-1
6071	-1
6072	-1
6073	7086122
6074	-1
6075	-1
6076	7089486
6077	-1
6078	-1
6079	7092850
6080	-1
6081	-1
6082	-1
6083	7096214
6084	-1
6085	-1
6086	7099578
6087	-1
6088	-1
6089	7102942
6090	-1
6091	-1
6092	-1
6093	7106306
6094	-1
6095	-1
6096	7109670
6097	-1
6098	-1
6099	7113034
6100	-1
6101	-1
6102	-1
6103	7116398
6104	-1
6105	-1
6106	7119762
6107	-1
6108	-1
6109	-1
6110	7123126
6111	-1
6112	-1
6113	7126490
6114	-1
6115	-1
6116	7129854
6117	-1
6118	-1
6119	-1
6120	7133218
6121	-1
6122	-1
6123	7136582
6124	-1
6125	-1
6126	7139946
6127	-1
6128	-1
6129	-1
6130	7143310
6131	-1
6132	-1
6133	7146674
6134	-1
6135	-1
6136	7150038
6137	-1
6138	-1
6139	-1
6140	7153402
6141	-1
6142	-1
6143	7156766
6144	-1
6145	-1
6146	-1
6147	7160130
6148	-1
6149	-1
6150	7163494
6151	-1
6152	-1
6153	7166858
6154	-1
6155	-1
6156	-1
6157	7170222
6158	-1
6159	-1
6160	7173586
6161	-1
6162	-1
6163	7176950
6164	-1
6165	-1
6166	-1
6167	7180314
6168	-1
6169	-1
6170	7183678
6171	-1
6172	-1
6173	7187042
6174	-1
6175	-1
6176	-1
6177	7190406
6178	-1
6179	-1
6180	7193770
6181	-1
6182	-1
6183	-1
6184	7197134
6185	-1
6186	-1
6187	7200498
6188	-1
6189	-1
6190	7203862
6191	-1
6192	-1
6193	-1
6194	7207226
6195	-1
6196	-1
6197	7210590
6198	-1
6199	-1
6200	7213954
6201	-1
6202	-1
6203	-1
6204	7217318
6205	-1
6206	-1
6207	7220682
6208	-1
6209	-1
6210	7224046
6211	-1
6212	-1
6213	-1
6214	7227410
6215	-1
6216	-1
6217	7230774
6218	-1
6219	-1
6220	-1
6221	7234138
6222	-1
6223	-1
6224	7237502
6225	-1
6226	-1
6227	7240866
6228	-1
6229	-1
6230	-1
6231	7244230
6232	-1
6233	-1
6234	7247594
6235	-1
6236	-1
6237	7250958
6238	-1
6239	-1
6240	-1
6241	7254322
6242	-1
6243	-1
6244	7257686
6245	-1
6246	-1
6247	7261050
6248	-1
6249	-1
6250	-1
6251	7264414
6252	-1
6253	-1
6254	7267778
6255	-1
6256	-1
6257	-1
6258	7271142
6259	-1
6260	-1
6261	7274506
6262	-1
6263	-1
6264	7277870
6265	-1
6266	-1
6267	-1
6268	7281234
6269	-1
6270	-1
6271	7284598
6272	-1
6273	-1
6274	7287962
6275	-1
6276	-1
6277	-1
6278	7291326
6279	-1
6280	-1
6281	7294690
6282	-1
6283	-1
6284	7298054
6285	-1
6286	-1
6287	-1
6288	7301418
6289	-1
6290	-1
6291	7304782
6292	-1
6293	-1
6294	-1
6295	7308146
6296	-1
6297	-1
6298	7311510
6299	-1
6300	-1
6301	7314874
6302	-1
6303	-1
6304	-1
6305	7318238
6306	-1
6307	-1
6308	7321602
6309	-1
6310	-1
6311	7324966
6312	-1
6313	-1
6314	-1
6315	7328330
6316	-1
6317	-1
6318	7331694
6319	-1
6320	-1
6321	-1
6322	7335058
6323	-1
6324	-1
6325	7338422
6326	-1
6327	-1
6328	7341786
6329	-1
6330	-1
6331	-1
6332	7345150
6333	-1
6334	-1
6335	7348514
6336	-1
6337	-1
6338	7351878
6339	-1
6340	-1
6341	-1
6342	7355242
6343	-1
6344	-1
6345	7358606
6346	-1
6347	-1
6348	7361970
6349	-1
6350	-1
6351	-1
6352	7365334
6353	-1
6354	-1
6355	7368698
6356	-1
6357	-1
6358	-1
6359	7372062
6360	-1
6361	-1
6362	7375426
6363	-1
6364	-1
6365	7378790
6366	-1
6367	-1
6368	-1
6369	7382154
6370	-1
6371	-1
6372	7385518
6373	-1
6374	-1
6375	7388882
6376	-1
6377	-1
6378	-1
6379	7392246
6380	-1
6381	-1
6382	7395610
6383	-1
6384	-1
6385	7398974
6386	-1
6387	-1
6388	-1
6389	7402338
6390	-1
6391	-1
6392	7405702
6393	-1
6394	-1
6395	-1
6396	7409066
6397	-1
6398	-1
6399	7412430
6400	-1
6401	-1
6402	7415794
6403	-1
6404	-1
6405	-1
6406	7419158
6407	-1
6408	-1
6409	7422522
6410	-1
6411	-1
6412	7425886
6413	-1
6414	-1
6415	-1
6416	7429250
6417	-1
6418	-1
6419	7432614
6420	-1
6421	-1
6422	7435978
6423	-1
6424	-1
6425	-1
6426	7439342
6427	-1
6428	-1
6429	7442706
6430	-1
6431	-1
6432	-1
6433	7446070
6434	-1
6435	-1
6436	7449434
6437	-1
6438	-1
6439	7452798
6440	-1
6441	-1
6442	-1
6443	7456162
6444	-1
6445	-1
6446	7459526
6447	-1
6448	-1
6449	7462890
6450	-1
6451	-1
6452	-1
6453	7466254
6454	-1
6455	-1
6456	7469618
6457	-1
6458	-1
6459	7472982
6460	-1
6461	-1
6462	-1
6463	7476346
6464	-1
6465	-1
6466	7479710
6467	-1
6468	-1
6469	-1
6470	7483074
6471	-1
6472	-1
6473	7486438
6474	-1
6475	-1
6476	7489802
6477	-1
6478	-1
6479	-1
6480	7493166
6481	-1
6482	-1
6483	7496530
6484	-1
6485	-1
6486	7499894
6487	-1
6488	-1
6489	-1
6490	7503258
6491	-1
6492	-1
6493	7506622
6494	-1
6495	-1
6496	7509986
6497	-1
6498	-1
6499	-1
6500	7513350
6501	-1
6502	-1
6503	7516714
6504	-1
6505	-1
6506	-1
6507	7520078
6508	-1
6509	-1
6510	7523442
6511	-1
6512	-1
6513	7526806
6514	-1
6515	-1
6516	-1
6517	7530170
6518	-1
6519	-1
6520	7533534
6521	-1
6522	-1
6523	7536898
6524	-1
6525	-1
6526	-1
6527	7540262
6528	-1
6529	-1
6530	7543626
6531	-1
6532	-1
6533	7546990
6534	-1
6535	-1
6536	-1
6537	7550354
6538	-1
6539	-1
6540	7553718
6541	-1
6542	-1
6543	-1
6544	7557082
6545	-1
6546	-1
6547	7560446
6548	-1
6549	-1
6550	7563810
6551	-1
6552	-1
6553	-1
6554	7567174
6555	-1
6556	-1
6557	7570538
6558	-1
6559	-1
6560	7573902
6561	-1
6562	-1
6563	-1
6564	7577266
6565	-1
6566	-1
6567	7580630
6568	-1
6569	-1
6570	7583994
6571	-1
6572	-1
6573	-1
6574	7587358
6575	-1
6576	-1
6577	7590722
6578	-1
6579	-1
6580	-1
6581	7594086
6582	-1
6583	-1
6584	7597450
6585	-1
6586	-1
6587	7600814
6588	-1
6589	-1
6590	-1
6591	7604178
6592	-1
6593	-1
6594	7607542
6595	-1
6596	-1
6597	7610906
6598	-1
6599	-1
6600	-1
6601	7614270
6602	-1
6603	-1
6604	7617634
6605	-1
6606	-1
6607	7620998
6608	-1
6609	-1
6610	-1
6611	7624362
6612	-1
6613	-1
6614	7627726
6615	-1
6616	-1
6617	-1
6618	7631090
6619	-1
6620	-1
6621	7634454
6622	-1
6623	-1
6624	7637818
6625	-1
6626	-1
6627	-1
6628	7641182
6629	-1
6630	-1
6631	7644546
6632	-1
6633	-1
6634	7647910
6635	-1
6636	-1
6637	-1
6638	7651274
6639	-1
6640	-1
6641	7654638
6642	-1
6643	-1
6644	7658002
6645	-1
6646	-1
6647	-1
6648	7661366
6649	-1
6650	-1
6651	7664730
6652	-1
6653	-1
6654	-1
6655	7668094
6656	-1
6657	-1
6658	7671458
6659	-1
6660	-1
6661	7674822
6662	-1
6663	-1
6664	-1
6665	7678186
6666	-1
6667	-1
6668	7681550
6669	-1
6670	-1
6671	7684914
6672	-1
6673	-1
6674	-1
6675	7688278
6676	-1
6677	-1
6678	7691642
6679	-1
6680	-1
6681	7695006
6682	-1
6683	-1
6684	-1
6685	7698370
6686	-1
6687	-1
6688	7701734
6689	-1
6690	-1
6691	-1
6692	7705098
6693	-1
6694	-1
6695	7708462
6696	-1
6697	-1
6698	7711826
6699	-1
6700	-1
6701	-1
6702	7715190
6703	-1
6704	-1
6705	7718554
6706	-1
6707	-1
6708	7721918
6709	-1
6710	-1
6711	-1
6712	7725282
6713	-1
6714	-1
6715	7728646
6716	-1
6717	-1
6718	7732010
6719	-1
6720	-1
6721	-1
6722	7735374
6723	-1
6724	-1
6725	7738738
6726	-1
6727	-1
6728	-1
6729	7742102
6730	-1
6731	-1
6732	7745466
6733	-1
6734	-1
6735	7748830
6736	-1
6737	-1
6738	-1
6739	7752194
6740	-1
6741	-1
6742	7755558
6743	-1
6744	-1
6745	7758922
6746	-1
6747	-1
6748	-1
6749	7762286
6750	-1
6751	-1
6752	7765650
6753	-1
6754	-1
6755	7769014
6756	-1
6757	-1
6758	-1
6759	7772378
6760	-1
6761	-1
6762	7775742
6763	-1
6764	-1
6765	-1
6766	7779106
6767	-1
6768	-1
6769	7782470
6770	-1
6771	-1
6772	7785834
6773	-1
6774	-1
6775	-1
6776	7789198
6777	-1
6778	-1
6779	7792562
6780	-1
6781	-1
6782	7795926
6783	-1
6784	-1
6785	-1
6786	7799290
6787	-1
6788	-1
6789	7802654
6790	-1
6791	-1
6792	7806018
6793	-1
6794	-1
6795	-1
6796	7809382
6797	-1
6798	-1
6799	7812746
6800	-1
6801	-1
6802	-1
6803	7816110
6804	-1
6805	-1
6806	7819474
6807	-1
6808	-1
6809	7822838
6810	-1
6811	-1
6812	-1
6813	7826202
6814	-1
6815	-1
6816	7829566
6817	-1
6818	-1
6819	7832930
6820	-1
6821	-1
6822	-1
6823	7836294
6824	-1
6825	-1
6826	7839658
6827	-1
6828	-1
6829	7843022
6830	-1
6831	-1
6832	-1
6833	7846386
6834	-1
6835	-1
6836	7849750
6837	-1
6838	-1
6839	-1
6840	7853114
6841	-1
6842	-1
6843	7856478
6844	-1
6845	-1
6846	7859842
6847	-1
6848	-1
6849	-1
6850	7863206
6851	-1
6852	-1
6853	7866570
6854	-1
6855	-1
6856	7869934
6857	-1
6858	-1
6859	-1
6860	7873298
6861	-1
6862	-1
6863	7876662
6864	-1
6865	-1
6866	7880026
6867	-1
6868	-1
6869	-1
6870	7883390
6871	-1
6872	-1
6873	7886754
6874	-1
6875	-1
6876	-1
6877	7890118
6878	-1
6879	-1
6880	7893482
6881	-1
6882	-1
6883	7896846
6884	-1
6885	-1
6886	-1
6887	7900210
6888	-1
6889	-1
6890	7903574
6891	-1
6892	-1
6893	7906938
6894	-1
6895	-1
6896	-1
6897	7910302
6898	-1
6899	-1
6900	7913666
6901	-1
6902	-1
6903	7917030
6904	-1
6905	-1
6906	-1
6907	7920394
6908	-1
6909	-1
6910	7923758
6911	-1
6912	-1
6913	-1
6914	7927122
6915	-1
6916	-1
6917	7930486
6918	-1
6919	-1
6920	7933850
6921	-1
6922	-1
6923	-1
6924	7937214
6925	-1
6926	-1
6927	7940578
6928	-1
6929	-1
6930	7943942
6931	-1
6932	-1
6933	-1
6934	7947306
6935	-1
6936	-1
6937	7950670
6938	-1
6939	-1
6940	7954034
6941	-1
6942	-1
6943	-1
6944	7957398
6945	-1
6946	-1
6947	7960762
6948	-1
6949	-1
6950	-1
6951	7964126
6952	-1
6953	-1
6954	7967490
6955	-1
6956	-1
6957	7970854
6958	-1
6959	-1
6960	-1
6961	7974218
6962	-1
6963	-1
6964	7977582
6965	-1
6966	-1
6967	7980946
6968	-1
6969	-1
6970	-1
6971	7984310
6972	-1
6973	-1
6974	7987674
6975	-1
6976	-1
6977	7991038
6978	-1
6979	-1
6980	-1
6981	7994402
6982	-1
6983	-1
6984	7997766
6985	-1
6986	-1
6987	-1
6988	8001130
6989	-1
6990	-1
6991	8004494
6992	-1
6993	-1
6994	8007858
6995	-1
6996	-1
6997	-1
6998	8011222
6999	-1
7000	-1
7001	8014586
7002	-1
7003	-1
7004	8017950
7005	-1
7006	-1
7007	-1
7008	8021314
7009	-1
7010	-1
7011	8024678
7012	-1
7013	-1
7014	8028042
7015	-1
7016	-1
7017	-1
7018	8031406
7019	-1
7020	-1
7021	8034770
7022	-1
7023	-1
7024	-1
7025	8038134
7026	-1
7027	-1
7028	8041498
7029	-1
7030	-1
7031	8044862
7032	-1
7033	-1
7034	-1
7035	8048226
7036	-1
7037	-1
7038	8051590
7039	-1
7040	-1
7041	8054954
7042	-1
7043	-1
7044	-1
7045	8058318
7046	-1
7047	-1
7048	8061682
7049	-1
7050	-1
7051	8065046
7052	-1
7053	-1
7054	-1
7055	8068410
7056	-1
7057	-1
7058	8071774
7059	-1
7060	-1
7061	-1
7062	8075138
7063	-1
7064	-1
7065	8078502
7066	-1
7067	-1
7068	8081866
7069	-1
7070	-1
7071	-1
7072	8085230
7073	-1
7074	-1
7075	8088594
7076	-1
7077	-1
7078	8091958
7079	-1
7080	-1
7081	-1
7082	8095322
7083	-1
7084	-1
7085	8098686
7086	-1
7087	-1
7088	8102050
7089	-1
7090	-1
7091	-1
7092	8105414
7093	-1
7094	-1
7095	8108778
7096	-1
7097	-1
7098	-1
7099	8112142
7100	-1
7101	-1
7102	8115506
7103	-1
7104	-1
7105	8118870
7106	-1
7107	-1
7108	-1
7109	8122234
7110	-1
7111	-1
7112	8125598
7113	-1
7114	-1
7115	8128962
7116	-1
7117	-1
7118	-1
7119	8132326
7120	-1
7121	-1
7122	8135690
7123	-1
7124	-1
7125	8139054
7126	-1
7127	-1
7128	-1
7129	8142418
7130	-1
7131	-1
7132	8145782
7133	-1
7134	-1
7135	-1
7136	8149146
7137	-1
7138	-1
7139	8152510
7140	-1
7141	-1
7142	8155874
7143	-1
7144	-1
7145	-1
7146	8159238
7147	-1
7148	-1
7149	8162602
7150	-1
7151	-1
7152	8165966
7153	-1
7154	-1
7155	-1
7156	8169330
7157	-1
7158	-1
7159	8172694
7160	-1
7161	-1
7162	-1
7163	8176058
7164	-1
7165	-1
7166	8179422
7167	-1
7168	-1
7169	8182786
7170	-1
7171	-1
7172	-1
7173	8186150
7174	-1
7175	-1
7176	8189514
7177	-1
7178	-1
7179	8192878
7180	-1
7181	-1
7182	-1
7183	8196242
7184	-1
7185	-1
7186	8199606
7187	-1
7188	-1
7189	8202970
7190	-1
7191	-1
7192	-1
7193	8206334
7194	-1
7195	-1
7196	8209698
7197	-1
7198	-1
7199	-1
7200	8213062
7201	-1
7202	-1
7203	8216426
7204	-1
7205	-1
7206	8219790
7207	-1
7208	-1
7209	-1
7210	8223154
7211	-1
7212	-1
7213	8226518
7214	-1
7215	-1
7216	8229882
7217	-1
7218	-1
7219	-1
7220	8233246
7221	-1
7222	-1
7223	8236610
7224	-1
7225	-1
7226	8239974
7227	-1
7228	-1
7229	-1
7230	8243338
7231	-1
7232	-1
7233	8246702
7234	-1
7235	-1
7236	-1
7237	8250066
7238	-1
7239	-1
7240	8253430
7241	-1
7242	-1
7243	8256794
7244	-1
7245	-1
7246	-1
7247	8260158
7248	-1
7249	-1
7250	8263522
7251	-1
7252	-1
7253	8266886
7254	-1
7255	-1
7256	-1
7257	8270250
7258	-1
7259	-1
7260	8273614
7261	-1
7262	-1
7263	8276978
7264	-1
7265	-1
7266	-1
7267	8280342
7268	-1
7269	-1
7270	8283706
7271	-1
7272	-1
7273	-1
7274	8287070
7275	-1
7276	-1
7277	8290434
7278	-1
7279	-1
7280	8293798
7281	-1
7282	-1
7283	-1
7284	8297162
7285	-1
7286	-1
7287	8300526
7288	-1
7289	-1
7290	8303890
7291	-1
7292	-1
7293	-1
7294	8307254
7295	-1
7296	-1
7297	8310618
7298	-1
7299	-1
7300	8313982
7301	-1
7302	-1
7303	-1
7304	8317346
7305	-1
7306	-1
7307	8320710
7308	-1
7309	-1
7310	-1
7311	8324074
7312	-1
7313	-1
7314	8327438
7315	-1
7316	-1
7317	8330802
7318	-1
7319	-1
7320	-1
7321	8334166
7322	-1
7323	-1
7324	8337530
7325	-1
7326	-1
7327	8340894
7328	-1
7329	-1
7330	-1
7331	8344258
7332	-1
7333	-1
7334	8347622
7335	-1
7336	-1
7337	8350986
7338	-1
7339	-1
7340	-1
7341	8354350
7342	-1
7343	-1
7344	8357714
7345	-1
7346	-1
7347	-1
7348	8361078
7349	-1
7350	-1
7351	8364442
7352	-1
7353	-1
7354	8367806
7355	-1
7356	-1
7357	-1
7358	8371170
7359	-1
7360	-1
7361	8374534
7362	-1
7363	-1
7364	8377898
7365	-1
7366	-1
7367	-1
7368	8381262
7369	-1
7370	-1
7371	8384626
7372	-1
7373	-1
7374	8387990
7375	-1
7376	-1
7377	-1
7378	8391354
7379	-1
7380	-1
7381	8394718
7382	-1
7383	-1
7384	-1
7385	8398082
7386	-1
7387	-1
7388	8401446
7389	-1
7390	-1
7391	8404810
7392	-1
7393	-1
7394	-1
7395	8408174
7396	-1
7397	-1
7398	8411538
7399	-1
7400	-1
7401	8414902
7402	-1
7403	-1
7404	-1
7405	8418266
7406	-1
7407	-1
7408	8421630
7409	-1
7410	-1
7411	8424994
7412	-1
7413	-1
7414	-1
7415	8428358
7416	-1
7417	-1
7418	8431722
7419	-1
7420	-1
7421	-1
7422	8435086
7423	-1
7424	-1
7425	8438450
7426	-1
7427	-1
7428	8441814
7429	-1
7430	-1
7431	-1
7432	8445178
7433	-1
7434	-1
7435	8448542
7436	-1
7437	-1
7438	8451906
7439	-1
7440	-1
7441	-1
7442	8455270
7443	-1
7444	-1
7445	8458634
7446	-1
7447	-1
7448	8461998
7449	-1
7450	-1
7451	-1
7452	8465362
7453	-1
7454	-1
7455	8468726
7456	-1
7457	-1
7458	-1
7459	8472090
7460	-1
7461	-1
7462	8475454
7463	-1
7464	-1
7465	8478818
7466	-1
7467	-1
7468	-1
7469	8482182
7470	-1
7471	-1
7472	8485546
7473	-1
7474	-1
7475	8488910
7476	-1
7477	-1
7478	-1
7479	8492274
7480	-1
7481	-1
7482	8495638
7483	-1
7484	-1
7485	8499002
7486	-1
7487	-1
7488	-1
7489	8502366
7490	-1
7491	-1
7492	8505730
7493	-1
7494	-1
7495	-1
7496	8509094
7497	-1
7498	-1
7499	8512458
7500	-1
7501	-1
7502	8515822
7503	-1
7504	-1
7505	-1
7506	8519186
7507	-1
7508	-1
7509	8522550
7510	-1
7511	-1
7512	8525914
7513	-1
7514	-1
7515	-1
7516	8529278
7517	-1
7518	-1
7519	8532642
7520	-1
7521	-1
7522	8536006
7523	-1
7524	-1
7525	-1
7526	8539370
7527	-1
7528	-1
7529	8542734
7530	-1
7531	-1
7532	-1
7533	8546098
7534	-1
7535	-1
7536	8549462
7537	-1
7538	-1
7539	8552826
7540	-1
7541	-1
7542	-1
7543	8556190
7544	-1
7545	-1
7546	8559554
7547	-1
7548	-1
7549	8562918
7550	-1
7551	-1
7552	-1
7553	8566282
7554	-1
7555	-1
7556	8569646
7557	-1
7558	-1
7559	8573010
7560	-1
7561	-1
7562	-1
7563	8576374
7564	-1
7565	-1
7566	8579738
7567	-1
7568	-1
7569	-1
7570	8583102
7571	-1
7572	-1
7573	8586466
7574	-1
7575	-1
7576	8589830
7577	-1
7578	-1
7579	-1
7580	8593194
7581	-1
7582	-1
7583	8596558
7584	-1
7585	-1
7586	8599922
7587	-1
7588	-1
7589	-1
7590	8603286
7591	-1
7592	-1
7593	8606650
7594	-1
7595	-1
7596	8610014
7597	-1
7598	-1
7599	-1
7600	8613378
7601	-1
7602	-1
7603	8616742
7604	-1
7605	-1
7606	-1
7607	8620106
7608	-1
7609	-1
7610	8623470
7611	-1
7612	-1
7613	8626834
7614	-1
7615	-1
7616	-1
7617	8630198
7618	-1
7619	-1
7620	8633562
7621	-1
7622	-1
7623	8636926
7624	-1
7625	-1
7626	-1
7627	8640290
7628	-1
7629	-1
7630	8643654
7631	-1
7632	-1
7633	8647018
7634	-1
7635	-1
7636	-1
7637	8650382
7638	-1
7639	-1
7640	8653746
7641	-1
7642	-1
7643	-1
7644	8657110
7645	-1
7646	-1
7647	8660474
7648	-1
7649	-1
7650	8663838
7651	-1
7652	-1
7653	-1
7654	8667202
7655	-1
7656	-1
7657	8670566
7658	-1
7659	-1
7660	8673930
7661	-1
7662	-1
7663	-1
7664	8677294
7665	-1
7666	-1
7667	8680658
7668	-1
7669	-1
7670	8684022
7671	-1
7672	-1
7673	-1
7674	8687386
7675	-1
7676	-1
7677	8690750
7678	-1
7679	-1
7680	-1
7681	8694114
7682	-1
7683	-1
7684	8697478
7685	-1
7686	-1
7687	8700842
7688	-1
7689	-1
7690	-1
7691	8704206
7692	-1
7693	-1
7694	8707570
7695	-1
7696	-1
7697	8710934
7698	-1
7699	-1
7700	-1
7701	8714298
7702	-1
7703	-1
7704	8717662
7705	-1
7706	-1
7707	8721026
7708	-1
7709	-1
7710	-1
7711	8724390
7712	-1
7713	-1
7714	8727754
7715	-1
7716	-1
7717	-1
7718	8731118
7719	-1
7720	-1
7721	8734482
7722	-1
7723	-1
7724	8737846
7725	-1
7726	-1
7727	-1
7728	8741210
7729	-1
7730	-1
7731	8744574
7732	-1
7733	-1
7734	8747938
7735	-1
7736	-1
7737	-1
7738	8751302
7739	-1
7740	-1
7741	8754666
7742	-1
7743	-1
7744	8758030
7745	-1
7746	-1
7747	-1
7748	8761394
7749	-1
7750	-1
7751	8764758
7752	-1
7753	-1
7754	-1
7755	8768122
7756	-1
7757	-1
7758	8771486
7759	-1
7760	-1
7761	8774850
7762	-1
7763	-1
7764	-1
7765	8778214
7766	-1
7767	-1
7768	8781578
7769	-1
7770	-1
7771	8784942
7772	-1
7773	-1
7774	-1
7775	8788306
7776	-1
7777	-1
7778	8791670
7779	-1
7780	-1
7781	8795034
7782	-1
7783	-1
7784	-1
7785	8798398
7786	-1
7787	-1
7788	8801762
7789	-1
7790	-1
7791	-1
7792	8805126
7793	-1
7794	-1
7795	8808490
7796	-1
7797	-1
7798	8811854
7799	-1
7800	-1
7801	-1
7802	8815218
7803	-1
7804	-1
7805	8818582
7806	-1
7807	-1
7808	8821946
7809	-1
7810	-1
7811	-1
7812	8825310
7813	-1
7814	-1
7815	8828674
7816	-1
7817	-1
7818	8832038
7819	-1
7820	-1
7821	-1
7822	8835402
7823	-1
7824	-1
7825	8838766
7826	-1
7827	-1
7828	-1
7829	8842130
7830	-1
7831	-1
7832	8845494
7833	-1
7834	-1
7835	8848858
7836	-1
7837	-1
7838	-1
7839	8852222
7840	-1
7841	-1
7842	8855586
7843	-1
7844	-1
7845	8858950
7846	-1
7847	-1
7848	-1
7849	8862314
7850	-1
7851	-1
7852	8865678
7853	-1
7854	-1
7855	8869042
7856	-1
7857	-1
7858	-1
7859	8872406
7860	-1
7861	-1
7862	8875770
7863	-1
7864	-1
7865	-1
7866	8879134
7867	-1
7868	-1
7869	8882498
7870	-1
7871	-1
7872	8885862
7873	-1
7874	-1
7875	-1
7876	8889226
7877	-1
7878	-1
7879	8892590
7880	-1
7881	-1
7882	8895954
7883	-1
7884	-1
7885	-1
7886	8899318
7887	-1
7888	-1
7889	8902682
7890	-1
7891	-1
7892	8906046
7893	-1
7894	-1
7895	-1
7896	8909410
7897	-1
7898	-1
7899	8912774
7900	-1
7901	-1
7902	-1
7903	8916138
7904	-1
7905	-1
7906	8919502
7907	-1
7908	-1
7909	8922866
7910	-1
7911	-1
7912	-1
7913	8926230
7914	-1
7915	-1
7916	8929594
7917	-1
7918	-1
7919	8932958
7920	-1
7921	-1
7922	-1
7923	8936322
7924	-1
7925	-1
7926	8939686
7927	-1
7928	-1
7929	8943050
7930	-1
7931	-1
7932	-1
7933	8946414
7934	-1
7935	-1
7936	8949778
7937	-1
7938	-1
7939	-1
7940	8953142
7941	-1
7942	-1
7943	8956506
7944	-1
7945	-1
7946	8959870
7947	-1
7948	-1
7949	-1
7950	8963234
7951	-1
7952	-1
7953	8966598
7954	-1
7955	-1
7956	8969962
7957	-1
7958	-1
7959	-1
7960	8973326
7961	-1
7962	-1
7963	8976690
7964	-1
7965	-1
7966	8980054
7967	-1
7968	-1
7969	-1
7970	8983418
7971	-1
7972	-1
7973	8986782
7974	-1
7975	-1
7976	-1
7977	8990146
7978	-1
7979	-1
7980	8993510
7981	-1
7982	-1
7983	8996874
7984	-1
7985	-1
7986	-1
7987	9000238
7988	-1
7989	-1
7990	9003602
7991	-1
7992	-1
7993	9006966
7994	-1
7995	-1
7996	-1
7997	9010330
7998	-1
7999	-1
8000	9013694
8001	-1
8002	-1
8003	-1
8004	9017058
8005	-1
8006	-1
8007	9020422
8008	-1
8009	-1
8010	9023786
8011	-1
8012	-1
8013	-1
8014	9027150
8015	-1
8016	-1
8017	9030514
8018	-1
8019	-1
8020	9033878
8021	-1
8022	-1
8023	-1
8024	9037242
8025	-1
8026	-1
8027	9040606
8028	-1
8029	-1
8030	9043970
8031	-1
8032	-1
8033	-1
8034	9047334
8035	-1
8036	-1
8037	9050698
8038	-1
8039	-1
8040	-1
8041	9054062
8042	-1
8043	-1
8044	9057426
8045	-1
8046	-1
8047	9060790
8048	-1
8049	-1
8050	-1
8051	9064154
8052	-1
8053	-1
8054	9067518
8055	-1
8056	-1
8057	9070882
8058	-1
8059	-1
8060	-1
8061	9074246
8062	-1
8063	-1
8064	9077610
8065	-1
8066	-1
8067	9080974
8068	-1
8069	-1
8070	-1
8071	9084338
8072	-1
8073	-1
8074	9087702
8075	-1
8076	-1
8077	-1
8078	9091066
8079	-1
8080	-1
8081	9094430
8082	-1
8083	-1
8084	9097794
8085	-1
8086	-1
8087	-1
8088	9101158
8089	-1
8090	-1
8091	9104522
8092	-1
8093	-1
8094	9107886
8095	-1
8096	-1
8097	-1
8098	9111250
8099	-1
8100	-1
8101	9114614
8102	-1
8103	-1
8104	9117978
8105	-1
8106	-1
8107	-1
8108	9121342
8109	-1
8110	-1
8111	9124706
8112	-1
8113	-1
8114	-1
8115	9128070
8116	-1
8117	-1
8118	9131434
8119	-1
8120	-1
8121	9134798
8122	-1
8123	-1
8124	-1
8125	9138162
8126	-1
8127	-1
8128	9141526
8129	-1
8130	-1
8131	9144890
8132	-1
8133	-1
8134	-1
8135	9148254
8136	-1
8137	-1
8138	9151618
8139	-1
8140	-1
8141	9154982
8142	-1
8143	-1
8144	-1
8145	9158346
8146	-1
8147	-1
8148	9161710
8149	-1
8150	-1
8151	-1
8152	9165074
8153	-1
8154	-1
8155	9168438
8156	-1
8157	-1
8158	9171802
8159	-1
8160	-1
8161	-1
8162	9175166
8163	-1
8164	-1
8165	9178530
8166	-1
8167	-1
8168	9181894
8169	-1
8170	-1
8171	-1
8172	9185258
8173	-1
8174	-1
8175	9188622
8176	-1
8177	-1
8178	9191986
8179	-1
8180	-1
8181	-1
8182	9195350
8183	-1
8184	-1
8185	9198714
8186	-1
8187	-1
8188	-1
8189	9202078
8190	-1
8191	-1
8192	9205442
8193	-1
8194	-1
8195	9208806
8196	-1
8197	-1
8198	-1
8199	9212170
8200	-1
8201	-1
8202	9215534
8203	-1
8204	-1
8205	9218898
8206	-1
8207	-1
8208	-1
8209	9222262
8210	-1
8211	-1
8212	9225626
8213	-1
8214	-1
8215	9228990
8216	-1
8217	-1
8218	-1
8219	9232354
8220	-1
8221	-1
8222	9235718
8223	-1
8224	-1
8225	-1
8226	9239082
8227	-1
8228	-1
8229	9242446
8230	-1
8231	-1
8232	9245810
8233	-1
8234	-1
8235	-1
8236	9249174
8237	-1
8238	-1
8239	9252538
8240	-1
8241	-1
8242	9255902
8243	-1
8244	-1
8245	-1
8246	9259266
8247	-1
8248	-1
8249	9262630
8250	-1
8251	-1
8252	9265994
8253	-1
8254	-1
8255	-1
8256	9269358
8257	-1
8258	-1
8259	9272722
8260	-1
8261	-1
8262	-1
8263	9276086
8264	-1
8265	-1
8266	9279450
8267	-1
8268	-1
8269	9282814
8270	-1
8271	-1
8272	-1
8273	9286178
8274	-1
8275	-1
8276	9289542
8277	-1
8278	-1
8279	9292906
8280	-1
8281	-1
8282	-1
8283	9296270
8284	-1
8285	-1
8286	9299634
8287	-1
8288	-1
8289	9302998
8290	-1
8291	-1
8292	-1
8293	9306362
8294	-1
8295	-1
8296	9309726
8297	-1
8298	-1
8299	-1
8300	9313090
8301	-1
8302	-1
8303	9316454
8304	-1
8305	-1
8306	9319818
8307	-1
8308	-1
8309	-1
8310	9323182
8311	-1
8312	-1
8313	9326546
8314	-1
8315	-1
8316	9329910
8317	-1
8318	-1
8319	-1
8320	9333274
8321	-1
8322	-1
8323	9336638
8324	-1
8325	-1
8326	9340002
8327	-1
8328	-1
8329	-1
8330	9343366
8331	-1
8332	-1
8333	9346730
8334	-1
8335	-1
8336	-1
8337	9350094
8338	-1
8339	-1
8340	9353458
8341	-1
8342	-1
8343	9356822
8344	-1
8345	-1
8346	-1
8347	9360186
8348	-1
8349	-1
8350	9363550
8351	-1
8352	-1
8353	9366914
8354	-1
8355	-1
8356	-1
8357	9370278
8358	-1
8359	-1
8360	9373642
8361	-1
8362	-1
8363	9377006
8364	-1
8365	-1
8366	-1
8367	9380370
8368	-1
8369	-1
8370	9383734
8371	-1
8372	-1
8373	-1
8374	9387098
8375	-1
8376	-1
8377	9390462
8378	-1
8379	-1
8380	9393826
8381	-1
8382	-1
8383	-1
8384	9397190
8385	-1
8386	-1
8387	9400554
8388	-1
8389	-1
8390	9403918
8391	-1
8392	-1
8393	-1
8394	9407282
8395	-1
8396	-1
8397	9410646
8398	-1
8399	-1
8400	9414010
8401	-1
8402	-1
8403	-1
8404	9417374
8405	-1
8406	-1
8407	9420738
8408	-1
8409	-1
8410	-1
8411	9424102
8412	-1
8413	-1
8414	9427466
8415	-1
8416	-1
8417	9430830
8418	-1
8419	-1
8420	-1
8421	9434194
8422	-1
8423	-1
8424	9437558
8425	-1
8426	-1
8427	9440922
8428	-1
8429	-1
8430	-1
8431	9444286
8432	-1
8433	-1
8434	9447650
8435	-1
8436	-1
8437	9451014
8438	-1
8439	-1
8440	-1
8441	9454378
8442	-1
8443	-1
8444	9457742
8445	-1
8446	-1
8447	-1
8448	9461106
8449	-1
8450	-1
8451	9464470
8452	-1
8453	-1
8454	9467834
8455	-1
8456	-1
8457	-1
8458	9471198
8459	-1
8460	-1
8461	9474562
8462	-1
8463	-1
8464	9477926
8465	-1
8466	-1
8467	-1
8468	9481290
8469	-1
8470	-1
8471	9484654
8472	-1
8473	-1
8474	9488018
8475	-1
8476	-1
8477	-1
8478	9491382
8479	-1
8480	-1
8481	9494746
8482	-1
8483	-1
8484	-1
8485	9498110
8486	-1
8487	-1
8488	9501474
8489	-1
8490	-1
8491	9504838
8492	-1
8493	-1
8494	-1
8495	9508202
8496	-1
8497	-1
8498	9511566
8499	-1
8500	-1
8501	9514930
8502	-1
8503	-1
8504	-1
8505	9518294
8506	-1
8507	-1
8508	9521658
8509	-1
8510	-1
8511	9525022
8512	-1
8513	-1
8514	-1
8515	9528386
8516	-1
8517	-1
8518	9531750
8519	-1
8520	-1
8521	-1
8522	9535114
8523	-1
8524	-1
8525	9538478
8526	-1
8527	-1
8528	9541842
8529	-1
8530	-1
8531	-1
8532	9545206
8533	-1
8534	-1
8535	9548570
8536	-1
8537	-1
8538	9551934
8539	-1
8540	-1
8541	-1
8542	9555298
8543	-1
8544	-1
8545	9558662
8546	-1
8547	-1
8548	9562026
8549	-1
8550	-1
8551	-1
8552	9565390
8553	-1
8554	-1
8555	9568754
8556	-1
8557	-1
8558	-1
8559	9572118
8560	-1
8561	-1
8562	9575482
8563	-1
8564	-1
8565	9578846
8566	-1
8567	-1
8568	-1
8569	9582210
8570	-1
8571	-1
8572	9585574
8573	-1
8574	-1
8575	9588938
8576	-1
8577	-1
8578	-1
8579	9592302
8580	-1
8581	-1
8582	9595666
8583	-1
8584	-1
8585	9599030
8586	-1
8587	-1
8588	-1
8589	9602394
8590	-1
8591	-1
8592	9605758
8593	-1
8594	-1
8595	-1
8596	9609122
8597	-1
8598	-1
8599	9612486
8600	-1
8601	-1
8602	9615850
8603	-1
8604	-1
8605	-1
8606	9619214
8607	-1
8608	-1
8609	9622578
8610	-1
8611	-1
8612	9625942
8613	-1
8614	-1
8615	-1
8616	9629306
8617	-1
8618	-1
8619	9632670
8620	-1
8621	-1
8622	9636034
8623	-1
8624	-1
8625	-1
8626	9639398
8627	-1
8628	-1
8629	9642762
8630	-1
8631	-1
8632	-1
8633	9646126
8634	-1
8635	-1
8636	9649490
8637	-1
8638	-1
8639	9652854
8640	-1
8641	-1
8642	-1
8643	9656218
8644	-1
8645	-1
8646	9659582
8647	-1
8648	-1
8649	9662946
8650	-1
8651	-1
8652	-1
8653	9666310
8654	-1
8655	-1
8656	9669674
8657	-1
8658	-1
8659	9673038
8660	-1
8661	-1
8662	-1
8663	9676402
8664	-1
8665	-1
8666	9679766
8667	-1
8668	-1
8669	-1
8670	9683130
8671	-1
8672	-1
8673	9686494
8674	-1
8675	-1
8676	9689858
8677	-1
8678	-1
8679	-1
8680	9693222
8681	-1
8682	-1
8683	9696586
8684	-1
8685	-1
8686	9699950
8687	-1
8688	-1
8689	-1
8690	9703314
8691	-1
8692	-1
8693	9706678
8694	-1
8695	-1
8696	9710042
8697	-1
8698	-1
8699	-1
8700	9713406
8701	-1
8702	-1
8703	9716770
8704	-1
8705	-1
8706	-1
8707	9720134
8708	-1
8709	-1
8710	9723498
8711	-1
8712	-1
8713	9726862
8714	-1
8715	-1
8716	-1
8717	9730226
8718	-1
8719	-1
8720	9733590
8721	-1
8722	-1
8723	9736954
8724	-1
8725	-1
8726	-1
8727	9740318
8728	-1
8729	-1
8730	9743682
8731	-1
8732	-1
8733	9747046
8734	-1
8735	-1
8736	-1
8737	9750410
8738	-1
8739	-1
8740	9753774
8741	-1
8742	-1
8743	-1
8744	9757138
8745	-1
8746	-1
8747	9760502
8748	-1
8749	-1
8750	9763866
8751	-1
8752	-1
8753	-1
8754	9767230
8755	-1
8756	-1
8757	9770594
8758	-1
8759	-1
8760	9773958
8761	-1
8762	-1
8763	-1
8764	9777322
8765	-1
8766	-1
8767	9780686
8768	-1
8769	-1
8770	9784050
8771	-1
8772	-1
8773	-1
8774	9787414
8775	-1
8776	-1
8777	9790778
8778	-1
8779	-1
8780	-1
8781	9794142
8782	-1
8783	-1
8784	9797506
8785	-1
8786	-1
8787	9800870
8788	-1
8789	-1
8790	-1
8791	9804234
8792	-1
8793	-1
8794	9807598
8795	-1
8796	-1
8797	9810962
8798	-1
8799	-1
8800	-1
8801	9814326
8802	-1
8803	-1
8804	9817690
8805	-1
8806	-1
8807	9821054
8808	-1
8809	-1
8810	-1
8811	9824418
8812	-1
8813	-1
8814	9827782
8815	-1
8816	-1
8817	-1
8818	9831146
8819	-1
8820	-1
8821	9834510
8822	-1
8823	-1
8824	9837874
8825	-1
8826	-1
8827	-1
8828	9841238
8829	-1
8830	-1
8831	9844602
8832	-1
8833	-1
8834	9847966
8835	-1
8836	-1
8837	-1
8838	9851330
8839	-1
8840	-1
8841	9854694
8842	-1
8843	-1
8844	-1
8845	9858058
8846	-1
8847	-1
8848	9861422
8849	-1
8850	-1
8851	9864786
8852	-1
8853	-1
8854	-1
8855	9868150
8856	-1
8857	-1
8858	9871514
8859	-1
8860	-1
8861	9874878
8862	-1
8863	-1
8864	-1
8865	9878242
8866	-1
8867	-1
8868	9881606
8869	-1
8870	-1
8871	9884970
8872	-1
8873	-1
8874	-1
8875	9888334
8876	-1
8877	-1
8878	9891698
8879	-1
8880	-1
8881	-1
8882	9895062
8883	-1
8884	-1
8885	9898426
8886	-1
8887	-1
8888	9901790
8889	-1
8890	-1
8891	-1
8892	9905154
8893	-1
8894	-1
8895	9908518
8896	-1
8897	-1
8898	9911882
8899	-1
8900	-1
8901	-1
8902	9915246
8903	-1
8904	-1
8905	9918610
8906	-1
8907	-1
8908	9921974
8909	-1
8910	-1
8911	-1
8912	9925338
8913	-1
8914	-1
8915	9928702
8916	-1
8917	-1
8918	-1
8919	9932066
8920	-1
8921	-1
8922	9935430
8923	-1
8924	-1
8925	9938794
8926	-1
8927	-1
8928	-1
8929	9942158
8930	-1
8931	-1
8932	9945522
8933	-1
8934	-1
8935	9948886
8936	-1
8937	-1
8938	-1
8939	9952250
8940	-1
8941	-1
8942	9955614
8943	-1
8944	-1
8945	9958978
8946	-1
8947	-1
8948	-1
8949	9962342
8950	-1
8951	-1
8952	9965706
8953	-1
8954	-1
8955	-1
8956	9969070
8957	-1
8958	-1
8959	9972434
8960	-1
8961	-1
8962	9975798
8963	-1
8964	-1
8965	-1
8966	9979162
8967	-1
8968	-1
8969	9982526
8970	-1
8971	-1
8972	9985890
8973	-1
8974	-1
8975	-1
8976	9989254
8977	-1
8978	-1
8979	9992618
8980	-1
8981	-1
8982	9995982
8983	-1
8984	-1
8985	-1
8986	9999346
8987	-1
8988	-1
8989	-1
8990	-1
8991	-1
8992	-1
8993	-1
8994	-1
8995	-1
8996	-1
8997	-1
8998	-1
8999	-1
9000	-1
9001	-1
9002	-1
9003	-1
9004	-1
9005	-1
9006	-1
9007	-1
9008	-1
9009	-1
9010	-1
9011	-1
9012	-1
9013	-1
9014	-1
9015	-1
9016	-1
9017	-1
9018	-1
9019	-1
9020	-1
9021	-1
9022	-1
9023	-1
9024	-1
9025	-1
9026	-1
9027	-1
9028	-1
9029	-1
9030	-1
9031	-1
9032	-1
9033	-1
9034	-1
9035	-1
9036	-1
9037	-1
9038	-1
9039	-1
9040	-1
9041	-1
9042	-1
9043	-1
9044	-1
9045	-1
9046	-1
9047	-1
9048	-1
9049	-1
9050	-1
9051	-1
9052	-1
9053	-1
9054	-1
9055	-1
9056	-1
9057	-1
9058	-1
9059	-1
9060	-1
9061	-1
9062	-1
9063	-1
9064	-1
9065	-1
9066	-1
9067	-1
9068	-1
9069	-1
9070	-1
9071	-1
9072	-1
9073	-1
9074	-1
9075	-1
9076	-1
9077	-1
9078	-1
9079	-1
9080	-1
9081	-1
9082	-1
9083	-1
9084	-1
9085	-1
9086	-1
9087	-1
9088	-1
9089	-1
9090	-1
9091	-1
9092	-1
9093	-1
9094	-1
9095	-1
9096	-1
9097	-1
9098	-1
9099	-1
9100	-1
9101	-1
9102	-1
9103	-1
9104	-1
9105	-1
9106	-1
9107	-1
9108	-1
9109	-1
9110	-1
9111	-1
9112	-1
9113	-1
9114	-1
9115	-1
9116	-1
9117	-1
9118	-1
9119	-1
9120	-1
9121	-1
9122	-1
9123	-1
9124	-1
9125	-1
9126	-1
9127	-1
9128	-1
9129	-1
9130	-1
9131	-1
9132	-1
9133	-1
9134	-1
9135	-1
9136	-1
9137	-1
9138	-1
9139	-1
9140	-1
9141	-1
9142	-1
9143	-1
9144	-1
9145	-1
9146	-1
9147	-1
9148	-1
9149	-1
9150	-1
9151	-1
9152	-1
9153	-1
9154	-1
9155	-1
9156	-1
9157	-1
9158	-1
9159	-1
9160	-1
9161	-1
9162	-1
9163	-1
9164	-1
9165	-1
9166	-1
9167	-1
9168	-1
9169	-1
9170	-1
9171	-1
9172	-1
9173	-1
9174	-1
9175	-1
9176	-1
9177	-1
9178	-1
9179	-1
9180	-1
9181	-1
9182	-1
9183	-1
9184	-1
9185	-1
9186	-1
9187	-1
9188	-1
9189	-1
9190	-1
9191	-1
9192	-1
9193	-1
9194	-1
9195	-1
9196	-1
9197	-1
9198	-1
9199	-1
9200	-1
9201	-1
9202	-1
9203	-1
9204	-1
9205	-1
9206	-1
9207	-1
9208	-1
9209	-1
9210	-1
9211	-1
9212	-1
9213	-1
9214	-1
9215	-1
9216	-1
9217	-1
9218	-1
9219	-1
9220	-1
9221	-1
9222	-1
9223	-1
9224	-1
9225	-1
9226	-1
9227	-1
9228	-1
9229	-1
9230	-1
9231	-1
9232	-1
9233	-1
9234	-1
9235	-1
9236	-1
9237	-1
9238	-1
9239	-1
9240	-1
9241	-1
9242	-1
9243	-1
9244	-1
9245	-1
9246	-1
9247	-1
9248	-1
9249	-1
9250	-1
9251	-1
9252	-1
9253	-1
9254	-1
9255	-1
9256	-1
9257	-1
9258	-1
9259	-1
9260	-1
9261	-1
9262	-1
9263	-1
9264	-1
9265	-1
9266	-1
9267	-1
9268	-1
9269	-1
9270	-1
9271	-1
9272	-1
9273	-1
9274	-1
9275	-1
9276	-1
9277	-1
9278	-1
9279	-1
9280	-1
9281	-1
9282	-1
9283	-1
9284	-1
9285	-1
9286	-1
9287	-1
9288	-1
9289	-1
9290	-1
9291	-1
9292	-1
9293	-1
9294	-1
9295	-1
9296	-1
9297	-1
9298	-1
9299	-1
9300	-1
9301	-1
9302	-1
9303	-1
9304	-1
9305	-1
9306	-1
9307	-1
9308	-1
9309	-1
9310	-1
9311	-1
9312	-1
9313	-1
9314	-1
9315	-1
9316	-1
9317	-1
9318	-1
9319	-1
9320	-1
9321	-1
9322	-1
9323	-1
9324	-1
9325	-1
9326	-1
9327	-1
9328	-1
9329	-1
9330	-1
9331	-1
9332	-1
9333	-1
9334	-1
9335	-1
9336	-1
9337	-1
9338	-1
9339	-1
9340	-1
9341	-1
9342	-1
9343	-1
9344	-1
9345	-1
9346	-1
9347	-1
9348	-1
9349	-1
9350	-1
9351	-1
9352	-1
9353	-1
9354	-1
9355	-1
9356	-1
9357	-1
9358	-1
9359	-1
9360	-1
9361	-1
9362	-1
9363	-1
9364	-1
9365	-1
9366	-1
9367	-1
9368	-1
9369	-1
9370	-1
9371	-1
9372	-1
9373	-1
9374	-1
9375	-1
9376	-1
9377	-1
9378	-1
9379	-1
9380	-1
9381	-1
9382	-1
9383	-1
9384	-1
9385	-1
9386	-1
9387	-1
9388	-1
9389	-1
9390	-1
9391	-1
9392	-1
9393	-1
9394	-1
9395	-1
9396	-1
9397	-1
9398	-1
9399	-1
9400	-1
9401	-1
9402	-1
9403	-1
9404	-1
9405	-1
9406	-1
9407	-1
9408	-1
9409	-1
9410	-1
9411	-1
9412	-1
9413	-1
9414	-1
9415	-1
9416	-1
9417	-1
9418	-1
9419	-1
9420	-1
9421	-1
9422	-1
9423	-1
9424	-1
9425	-1
9426	-1
9427	-1
9428	-1
9429	-1
9430	-1
9431	-1
9432	-1
9433	-1
9434	-1
9435	-1
9436	-1
9437	-1
9438	-1
9439	-1
9440	-1
9441	-1
9442	-1
9443	-1
9444	-1
9445	-1
9446	-1
9447	-1
9448	-1
9449	-1
9450	-1
9451	-1
9452	-1
9453	-1
9454	-1
9455	-1
9456	-1
9457	-1
9458	-1
9459	-1
9460	-1
9461	-1
9462	-1
9463	-1
9464	-1
9465	-1
9466	-1
9467	-1
9468	-1
9469	-1
9470	-1
9471	-1
9472	-1
9473	-1
9474	-1
9475	-1
9476	-1
9477	-1
9478	-1
9479	-1
9480	-1
9481	-1
9482	-1
9483	-1
9484	-1
9485	-1
9486	-1
9487	-1
9488	-1
9489	-1
9490	-1
9491	-1
9492	-1
9493	-1
9494	-1
9495	-1
9496	-1
9497	-1
9498	-1
9499	-1
9500	-1
9501	-1
9502	-1
9503	-1
9504	-1
9505	-1
9506	-1
9507	-1
9508	-1
9509	-1
9510	-1
9511	-1
9512	-1
9513	-1
9514	-1
9515	-1
9516	-1
9517	-1
9518	-1
9519	-1
9520	-1
9521	-1
9522	-1
9523	-1
9524	-1
9525	-1
9526	-1
9527	-1
9528	-1
9529	-1
9530	-1
9531	-1
9532	-1
9533	-1
9534	-1
9535	-1
9536	-1
9537	-1
9538	-1
9539	-1
9540	-1
9541	-1
9542	-1
9543	-1
9544	-1
9545	-1
9546	-1
9547	-1
9548	-1
9549	-1
9550	-1
9551	-1
9552	-1
9553	-1
9554	-1
9555	-1
9556	-1
9557	-1
9558	-1
9559	-1
9560	-1
9561	-1
9562	-1
9563	-1
9564	-1
9565	-1
9566	-1
9567	-1
9568	-1
9569	-1
9570	-1
9571	-1
9572	-1
9573	-1
9574	-1
9575	-1
9576	-1
9577	-1
9578	-1
9579	-1
9580	-1
9581	-1
9582	-1
9583	-1
9584	-1
9585	-1
9586	-1
9587	-1
9588	-1
9589	-1
9590	-1
9591	-1
9592	-1
9593	-1
9594	-1
9595	-1
9596	-1
9597	-1
9598	-1
9599	-1
9600	-1
9601	-1
9602	-1
9603	-1
9604	-1
9605	-1
9606	-1
9607	-1
9608	-1
9609	-1
9610	-1
9611	-1
9612	-1
9613	-1
9614	-1
9615	-1
9616	-1
9617	-1
9618	-1
9619	-1
9620	-1
9621	-1
9622	-1
9623	-1
9624	-1
9625	-1
9626	-1
9627	-1
9628	-1
9629	-1
9630	-1
9631	-1
9632	-1
9633	-1
9634	-1
9635	-1
9636	-1
9637	-1
9638	-1
9639	-1
9640	-1
9641	-1
9642	-1
9643	-1
9644	-1
9645	-1
9646	-1
9647	-1
9648	-1
9649	-1
9650	-1
9651	-1
9652	-1
9653	-1
9654	-1
9655	-1
9656	-1
9657	-1
9658	-1
9659	-1
9660	-1
9661	-1
9662	-1
9663	-1
9664	-1
9665	-1
9666	-1
9667	-1
9668	-1
9669	-1
9670	-1
9671	-1
9672	-1
9673	-1
9674	-1
9675	-1
9676	-1
9677	-1
9678	-1
9679	-1
9680	-1
9681	-1
9682	-1
9683	-1
9684	-1
9685	-1
9686	-1
9687	-1
9688	-1
9689	-1
9690	-1
9691	-1
9692	-1
9693	-1
9694	-1
9695	-1
9696	-1
9697	-1
9698	-1
9699	-1
9700	-1
9701	-1
9702	-1
9703	-1
9704	-1
9705	-1
9706	-1
9707	-1
9708	-1
9709	-1
9710	-1
9711	-1
9712	-1
9713	-1
9714	-1
9715	-1
9716	-1
9717	-1
9718	-1
9719	-1
9720	-1
9721	-1
9722	-1
9723	-1
9724	-1
9725	-1
9726	-1
9727	-1
9728	-1
9729	-1
9730	-1
9731	-1
9732	-1
9733	-1
9734	-1
9735	-1
9736	-1
9737	-1
9738	-1
9739	-1
9740	-1
9741	-1
9742	-1
9743	-1
9744	-1
9745	-1
9746	-1
9747	-1
9748	-1
9749	-1
9750	-1
9751	-1
9752	-1
9753	-1
9754	-1
9755	-1
9756	-1
9757	-1
9758	-1
9759	-1
9760	-1
9761	-1
9762	-1
9763	-1
9764	-1
9765	-1
9766	-1
9767	-1
9768	-1
9769	-1
9770	-1
9771	-1
9772	-1
9773	-1
9774	-1
9775	-1
9776	-1
9777	-1
9778	-1
9779	-1
9780	-1
9781	-1
9782	-1
9783	-1
9784	-1
9785	-1
9786	-1
9787	-1
9788	-1
9789	-1
9790	-1
9791	-1
9792	-1
9793	-1
9794	-1
9795	-1
9796	-1
9797	-1
9798	-1
9799	-1
9800	-1
9801	-1
9802	-1
9803	-1
9804	-1
9805	-1
9806	-1
9807	-1
9808	-1
9809	-1
9810	-1
9811	-1
9812	-1
9813	-1
9814	-1
9815	-1
9816	-1
9817	-1
9818	-1
9819	-1
9820	-1
9821	-1
9822	-1
9823	-1
9824	-1
9825	-1
9826	-1
9827	-1
9828	-1
9829	-1
9830	-1
9831	-1
9832	-1
9833	-1
9834	-1
9835	-1
9836	-1
9837	-1
9838	-1
9839	-1
9840	-1
9841	-1
9842	-1
9843	-1
9844	-1
9845	-1
9846	-1
9847	-1
9848	-1
9849	-1
9850	-1
9851	-1
9852	-1
9853	-1
9854	-1
9855	-1
9856	-1
9857	-1
9858	-1
9859	-1
9860	-1
9861	-1
9862	-1
9863	-1
9864	-1
9865	-1
9866	-1
9867	-1
9868	-1
9869	-1
9870	-1
9871	-1
9872	-1
9873	-1
9874	-1
9875	-1
9876	-1
9877	-1
9878	-1
9879	-1
9880	-1
9881	-1
9882	-1
9883	-1
9884	-1
9885	-1
9886	-1
9887	-1
9888	-1
9889	-1
9890	-1
9891	-1
9892	-1
9893	-1
9894	-1
9895	-1
9896	-1
9897	-1
9898	-1
9899	-1
9900	-1
9901	-1
9902	-1
9903	-1
9904	-1
9905	-1
9906	-1
9907	-1
9908	-1
9909	-1
9910	-1
9911	-1
9912	-1
9913	-1
9914	-1
9915	-1
9916	-1
9917	-1
9918	-1
9919	-1
9920	-1
9921	-1
9922	-1
9923	-1
9924	-1
9925	-1
9926	-1
9927	-1
9928	-1
9929	-1
9930	-1
9931	-1
9932	-1
9933	-1
9934	-1
9935	-1
9936	-1
9937	-1
9938	-1
9939	-1
9940	-1
9941	-1
9942	-1
9943	-1
9944	-1
9945	-1
9946	-1
9947	-1
9948	-1
9949	-1
9950	-1
9951	-1
9952	-1
9953	-1
9954	-1
9955	-1
9956	-1
9957	-1
9958	-1
9959	-1
9960	-1
9961	-1
9962	-1
9963	-1
9964	-1
9965	-1
9966	-1
9967	-1
9968	-1
9969	-1
9970	-1
9971	-1
9972	-1
9973	-1
9974	-1
9975	-1
9976	-1
9977	-1
9978	-1
9979	-1
9980	-1
9981	-1
9982	-1
9983	-1
9984	-1
9985	-1
9986	-1
9987	-1
9988	-1
9989	-1
9990	-1
9991	-1
9992	-1
9993	-1
9994	-1
9995	-1
9996	-1
9997	-1
9998	-1
9999	-1
