0	1011298
1	1015062
2	1018826
3	1022590
4	1026354
5	1030118
6	1033882
7	1037646
8	1041410
9	1045174
10	1048938
11	1052702
12	1056466
13	1060230
14	1063994
15	1067758
16	1071522
17	1075286
18	1079050
19	1082814
20	1086578
21	1090342
22	1094106
23	1097870
24	1101634
25	1105398
26	1109162
27	1112926
28	1116690
29	1120454
30	1124218
31	1127982
32	1131746
33	1135510
34	1139274
35	1143038
36	1146802
37	1150566
38	1154330
39	1158094
40	1161858
41	1165622
42	1169386
43	1173150
44	1176914
45	1180678
46	1184442
47	1188206
48	1191970
49	1195734
50	1199498
51	1203262
52	1207026
53	1210790
54	1214554
55	1218318
56	1222082
57	1225846
58	1229610
59	1233374
60	1237138
61	1240902
62	1244666
63	1248430
64	1252194
65	1255958
66	1259722
67	1263486
68	1267250
69	1271014
70	1274778
71	1278542
72	1282306
73	1286070
74	1289834
75	1293598
76	1297362
77	1301126
78	1304890
79	1308654
80	1312418
81	1316182
82	-1
83	1319946
84	-1
85	-1
86	-1
87	1323710
88	-1
89	-1
90	-1
91	1327474
92	-1
93	-1
94	-1
95	1331238
96	-1
97	-1
98	1335002
99	-1
100	-1
101	-1
102	1338766
103	-1
104	-1
105	-1
106	1342530
107	-1
108	-1
109	-1
110	1346294
111	-1
112	-1
113	1350058
114	-1
115	-1
116	-1
117	1353822
118	-1
119	-1
120	-1
121	1357586
122	-1
123	-1
124	-1
125	1361350
126	-1
127	-1
128	-1
129	1365114
130	-1
131	-1
132	1368878
133	-1
134	-1
135	-1
136	1372642
137	-1
138	-1
139	-1
140	1376406
141	-1
142	-1
143	-1
144	1380170
145	-1
146	-1
147	1383934
148	-1
149	-1
150	-1
151	1387698
152	-1
153	-1
154	-1
155	1391462
156	-1
157	-1
158	-1
159	1395226
160	-1
161	-1
162	1398990
163	-1
164	-1
165	-1
166	1402754
167	-1
168	-1
169	-1
170	1406518
171	-1
172	-1
173	-1
174	1410282
175	-1
176	-1
177	1414046
178	-1
179	-1
180	-1
181	1417810
182	-1
183	-1
184	-1
185	1421574
186	-1
187	-1
188	-1
189	1425338
190	-1
191	-1
192	-1
193	1429102
194	-1
195	-1
196	1432866
197	-1
198	-1
199	-1
200	1436630
201	-1
202	-1
203	-1
204	1440394
205	-1
206	-1
207	-1
208	1444158
209	-1
210	-1
211	1447922
212	-1
213	-1
214	-1
215	1451686
216	-1
217	-1
218	-1
219	1455450
220	-1
221	-1
222	-1
223	1459214
224	-1
225	-1
226	1462978
227	-1
228	-1
229	-1
230	1466742
231	-1
232	-1
233	-1
234	1470506
235	-1
236	-1
237	-1
238	1474270
239	-1
240	-1
241	1478034
242	-1
243	-1
244	-1
245	1481798
246	-1
247	-1
248	-1
249	1485562
250	-1
251	-1
252	-1
253	1489326
254	-1
255	-1
256	1493090
257	-1
258	-1
259	-1
260	1496854
261	-1
262	-1
263	-1
264	1500618
265	-1
266	-1
267	-1
268	1504382
269	-1
270	-1
271	-1
272	1508146
273	-1
274	-1
275	1511910
276	-1
277	-1
278	-1
279	1515674
280	-1
281	-1
282	-1
283	1519438
284	-1
285	-1
286	-1
287	1523202
288	-1
289	-1
290	1526966
291	-1
292	-1
293	-1
294	1530730
295	-1
296	-1
297	-1
298	1534494
299	-1
300	-1
301	-1
302	1538258
303	-1
304	-1
305	1542022
306	-1
307	-1
308	-1
309	1545786
310	-1
311	-1
312	-1
313	1549550
314	-1
315	-1
316	-1
317	1553314
318	-1
319	-1
320	1557078
321	-1
322	-1
323	-1
324	1560842
325	-1
326	-1
327	-1
328	1564606
329	-1
330	-1
331	-1
332	1568370
333	-1
334	-1
335	-1
336	1572134
337	-1
338	-1
339	1575898
340	-1
341	-1
342	-1
343	1579662
344	-1
345	-1
346	-1
347	1583426
348	-1
349	-1
350	-1
351	1587190
352	-1
353	-1
354	1590954
355	-1
356	-1
357	-1
358	1594718
359	-1
360	-1
361	-1
362	1598482
363	-1
364	-1
365	-1
366	1602246
367	-1
368	-1
369	1606010
370	-1
371	-1
372	-1
373	1609774
374	-1
375	-1
376	-1
377	1613538
378	-1
379	-1
380	-1
381	1617302
382	-1
383	-1
384	1621066
385	-1
386	-1
387	-1
388	1624830
389	-1
390	-1
391	-1
392	1628594
393	-1
394	-1
395	-1
396	1632358
397	-1
398	-1
399	-1
400	1636122
401	-1
402	-1
403	1639886
404	-1
405	-1
406	-1
407	1643650
408	-1
409	-1
410	-1
411	1647414
412	-1
413	-1
414	-1
415	1651178
416	-1
417	-1
418	1654942
419	-1
420	-1
421	-1
422	1658706
423	-1
424	-1
425	-1
426	1662470
427	-1
428	-1
429	-1
430	1666234
431	-1
432	-1
433	1669998
434	-1
435	-1
436	-1
437	1673762
438	-1
439	-1
440	-1
441	1677526
442	-1
443	-1
444	-1
445	1681290
446	-1
447	-1
448	1685054
449	-1
450	-1
451	-1
452	1688818
453	-1
454	-1
455	-1
456	1692582
457	-1
458	-1
459	-1
460	1696346
461	-1
462	-1
463	-1
464	1700110
465	-1
466	-1
467	1703874
468	-1
469	-1
470	-1
471	1707638
472	-1
473	-1
474	-1
475	1711402
476	-1
477	-1
478	-1
479	1715166
480	-1
481	-1
482	1718930
483	-1
484	-1
485	-1
486	1722694
487	-1
488	-1
489	-1
490	1726458
491	-1
492	-1
493	-1
494	1730222
495	-1
496	-1
497	1733986
498	-1
499	-1
500	-1
501	1737750
502	-1
503	-1
504	-1
505	1741514
506	-1
507	-1
508	-1
509	1745278
510	-1
511	-1
512	1749042
513	-1
514	-1
515	-1
516	1752806
517	-1
518	-1
519	-1
520	1756570
521	-1
522	-1
523	-1
524	1760334
525	-1
526	-1
527	-1
528	1764098
529	-1
530	-1
531	1767862
532	-1
533	-1
534	-1
535	1771626
536	-1
537	-1
538	-1
539	1775390
540	-1
541	-1
542	-1
543	1779154
544	-1
545	-1
546	1782918
547	-1
548	-1
549	-1
550	1786682
551	-1
552	-1
553	-1
554	1790446
555	-1
556	-1
557	-1
558	1794210
559	-1
560	-1
561	1797974
562	-1
563	-1
564	-1
565	1801738
566	-1
567	-1
568	-1
569	1805502
570	-1
571	-1
572	-1
573	1809266
574	-1
575	-1
576	1813030
577	-1
578	-1
579	-1
580	1816794
581	-1
582	-1
583	-1
584	1820558
585	-1
586	-1
587	-1
588	1824322
589	-1
590	-1
591	1828086
592	-1
593	-1
594	-1
595	1831850
596	-1
597	-1
598	-1
599	1835614
600	-1
601	-1
602	-1
603	1839378
604	-1
605	-1
606	-1
607	1843142
608	-1
609	-1
610	1846906
611	-1
612	-1
613	-1
614	1850670
615	-1
616	-1
617	-1
618	1854434
619	-1
620	-1
621	-1
622	1858198
623	-1
624	-1
625	1861962
626	-1
627	-1
628	-1
629	1865726
630	-1
631	-1
632	-1
633	1869490
634	-1
635	-1
636	-1
637	1873254
638	-1
639	-1
640	1877018
641	-1
642	-1
643	-1
644	1880782
645	-1
646	-1
647	-1
648	1884546
649	-1
650	-1
651	-1
652	1888310
653	-1
654	-1
655	1892074
656	-1
657	-1
658	-1
659	1895838
660	-1
661	-1
662	-1
663	1899602
664	-1
665	-1
666	-1
667	1903366
668	-1
669	-1
670	-1
671	1907130
672	-1
673	-1
674	1910894
675	-1
676	-1
677	-1
678	1914658
679	-1
680	-1
681	-1
682	1918422
683	-1
684	-1
685	-1
686	1922186
687	-1
688	-1
689	1925950
690	-1
691	-1
692	-1
693	1929714
694	-1
695	-1
696	-1
697	1933478
698	-1
699	-1
700	-1
701	1937242
702	-1
703	-1
704	1941006
705	-1
706	-1
707	-1
708	1944770
709	-1
710	-1
711	-1
712	1948534
713	-1
714	-1
715	-1
716	1952298
717	-1
718	-1
719	1956062
720	-1
721	-1
722	-1
723	1959826
724	-1
725	-1
726	-1
727	1963590
728	-1
729	-1
730	-1
731	1967354
732	-1
733	-1
734	-1
735	1971118
736	-1
737	-1
738	1974882
739	-1
740	-1
741	-1
742	1978646
743	-1
744	-1
745	-1
746	1982410
747	-1
748	-1
749	-1
750	1986174
751	-1
752	-1
753	1989938
754	-1
755	-1
756	-1
757	1993702
758	-1
759	-1
760	-1
761	1997466
762	-1
763	-1
764	-1
765	2001230
766	-1
767	-1
768	2004994
769	-1
770	-1
771	-1
772	2008758
773	-1
774	-1
775	-1
776	2012522
777	-1
778	-1
779	-1
780	2016286
781	-1
782	-1
783	2020050
784	-1
785	-1
786	-1
787	2023814
788	-1
789	-1
790	-1
791	2027578
792	-1
793	-1
794	-1
795	2031342
796	-1
797	-1
798	-1
799	2035106
800	-1
801	-1
802	2038870
803	-1
804	-1
805	-1
806	2042634
807	-1
808	-1
809	-1
810	2046398
811	-1
812	-1
813	-1
814	2050162
815	-1
816	-1
817	2053926
818	-1
819	-1
820	-1
821	2057690
822	-1
823	-1
824	-1
825	2061454
826	-1
827	-1
828	-1
829	2065218
830	-1
831	-1
832	2068982
833	-1
834	-1
835	-1
836	2072746
837	-1
838	-1
839	-1
840	2076510
841	-1
842	-1
843	-1
844	2080274
845	-1
846	-1
847	2084038
848	-1
849	-1
850	-1
851	2087802
852	-1
853	-1
854	-1
855	2091566
856	-1
857	-1
858	-1
859	2095330
860	-1
861	-1
862	-1
863	2099094
864	-1
865	-1
866	2102858
867	-1
868	-1
869	-1
870	2106622
871	-1
872	-1
873	-1
874	2110386
875	-1
876	-1
877	-1
878	2114150
879	-1
880	-1
881	2117914
882	-1
883	-1
884	-1
885	2121678
886	-1
887	-1
888	-1
889	2125442
890	-1
891	-1
892	-1
893	2129206
894	-1
895	-1
896	2132970
897	-1
898	-1
899	-1
900	2136734
901	-1
902	-1
903	-1
904	2140498
905	-1
906	-1
907	-1
908	2144262
909	-1
910	-1
911	2148026
912	-1
913	-1
914	-1
915	2151790
916	-1
917	-1
918	-1
919	2155554
920	-1
921	-1
922	-1
923	2159318
924	-1
925	-1
926	2163082
927	-1
928	-1
929	-1
930	2166846
931	-1
932	-1
933	-1
934	2170610
935	-1
936	-1
937	-1
938	2174374
939	-1
940	-1
941	-1
942	2178138
943	-1
944	-1
945	2181902
946	-1
947	-1
948	-1
949	2185666
950	-1
951	-1
952	-1
953	2189430
954	-1
955	-1
956	-1
957	2193194
958	-1
959	-1
960	2196958
961	-1
962	-1
963	-1
964	2200722
965	-1
966	-1
967	-1
968	2204486
969	-1
970	-1
971	-1
972	2208250
973	-1
974	-1
975	2212014
976	-1
977	-1
978	-1
979	2215778
980	-1
981	-1
982	-1
983	2219542
984	-1
985	-1
986	-1
987	2223306
988	-1
989	-1
990	2227070
991	-1
992	-1
993	-1
994	2230834
995	-1
996	-1
997	-1
998	2234598
999	-1
1000	-1
1001	-1
1002	2238362
1003	-1
1004	-1
1005	-1
1006	2242126
1007	-1
1008	-1
1009	2245890
1010	-1
1011	-1
1012	-1
1013	2249654
1014	-1
1015	-1
1016	-1
1017	2253418
1018	-1
1019	-1
1020	-1
1021	2257182
1022	-1
1023	-1
1024	2260946
1025	-1
1026	-1
1027	-1
1028	2264710
1029	-1
1030	-1
1031	-1
1032	2268474
1033	-1
1034	-1
1035	-1
1036	2272238
1037	-1
1038	-1
1039	2276002
1040	-1
1041	-1
1042	-1
1043	2279766
1044	-1
1045	-1
1046	-1
1047	2283530
1048	-1
1049	-1
1050	-1
1051	2287294
1052	-1
1053	-1
1054	2291058
1055	-1
1056	-1
1057	-1
1058	2294822
1059	-1
1060	-1
1061	-1
1062	2298586
1063	-1
1064	-1
1065	-1
1066	2302350
1067	-1
1068	-1
1069	-1
1070	2306114
1071	-1
1072	-1
1073	2309878
1074	-1
1075	-1
1076	-1
1077	2313642
1078	-1
1079	-1
1080	-1
1081	2317406
1082	-1
1083	-1
1084	-1
1085	2321170
1086	-1
1087	-1
1088	2324934
1089	-1
1090	-1
1091	-1
1092	2328698
1093	-1
1094	-1
1095	-1
1096	2332462
1097	-1
1098	-1
1099	-1
1100	2336226
1101	-1
1102	-1
1103	2339990
1104	-1
1105	-1
1106	-1
1107	2343754
1108	-1
1109	-1
1110	-1
1111	2347518
1112	-1
1113	-1
1114	-1
1115	2351282
1116	-1
1117	-1
1118	2355046
1119	-1
1120	-1
1121	-1
1122	2358810
1123	-1
1124	-1
1125	-1
1126	2362574
1127	-1
1128	-1
1129	-1
1130	2366338
1131	-1
1132	-1
1133	-1
1134	2370102
1135	-1
1136	-1
1137	2373866
1138	-1
1139	-1
1140	-1
1141	2377630
1142	-1
1143	-1
1144	-1
1145	2381394
1146	-1
1147	-1
1148	-1
1149	2385158
1150	-1
1151	-1
1152	2388922
1153	-1
1154	-1
1155	-1
1156	2392686
1157	-1
1158	-1
1159	-1
1160	2396450
1161	-1
1162	-1
1163	-1
1164	2400214
1165	-1
1166	-1
1167	2403978
1168	-1
1169	-1
1170	-1
1171	2407742
1172	-1
1173	-1
1174	-1
1175	2411506
1176	-1
1177	-1
1178	-1
1179	2415270
1180	-1
1181	-1
1182	2419034
1183	-1
1184	-1
1185	-1
1186	2422798
1187	-1
1188	-1
1189	-1
1190	2426562
1191	-1
1192	-1
1193	-1
1194	2430326
1195	-1
1196	-1
1197	2434090
1198	-1
1199	-1
1200	-1
1201	2437854
1202	-1
1203	-1
1204	-1
1205	2441618
1206	-1
1207	-1
1208	-1
1209	2445382
1210	-1
1211	-1
1212	-1
1213	2449146
1214	-1
1215	-1
1216	2452910
1217	-1
1218	-1
1219	-1
1220	2456674
1221	-1
1222	-1
1223	-1
1224	2460438
1225	-1
1226	-1
1227	-1
1228	2464202
1229	-1
1230	-1
1231	2467966
1232	-1
1233	-1
1234	-1
1235	2471730
1236	-1
1237	-1
1238	-1
1239	2475494
1240	-1
1241	-1
1242	-1
1243	2479258
1244	-1
1245	-1
1246	2483022
1247	-1
1248	-1
1249	-1
1250	2486786
1251	-1
1252	-1
1253	-1
1254	2490550
1255	-1
1256	-1
1257	-1
1258	2494314
1259	-1
1260	-1
1261	2498078
1262	-1
1263	-1
1264	-1
1265	2501842
1266	-1
1267	-1
1268	-1
1269	2505606
1270	-1
1271	-1
1272	-1
1273	2509370
1274	-1
1275	-1
1276	-1
1277	2513134
1278	-1
1279	-1
1280	2516898
1281	-1
1282	-1
1283	-1
1284	2520662
1285	-1
1286	-1
1287	-1
1288	2524426
1289	-1
1290	-1
1291	-1
1292	2528190
1293	-1
1294	-1
1295	2531954
1296	-1
1297	-1
1298	-1
1299	2535718
1300	-1
1301	-1
1302	-1
1303	2539482
1304	-1
1305	-1
1306	-1
1307	2543246
1308	-1
1309	-1
1310	2547010
1311	-1
1312	-1
1313	-1
1314	2550774
1315	-1
1316	-1
1317	-1
1318	2554538
1319	-1
1320	-1
1321	-1
1322	2558302
1323	-1
1324	-1
1325	2562066
1326	-1
1327	-1
1328	-1
1329	2565830
1330	-1
1331	-1
1332	-1
1333	2569594
1334	-1
1335	-1
1336	-1
1337	2573358
1338	-1
1339	-1
1340	-1
1341	2577122
1342	-1
1343	-1
1344	2580886
1345	-1
1346	-1
1347	-1
1348	2584650
1349	-1
1350	-1
1351	-1
1352	2588414
1353	-1
1354	-1
1355	-1
1356	2592178
1357	-1
1358	-1
1359	2595942
1360	-1
1361	-1
1362	-1
1363	2599706
1364	-1
1365	-1
1366	-1
1367	2603470
1368	-1
1369	-1
1370	-1
1371	2607234
1372	-1
1373	-1
1374	2610998
1375	-1
1376	-1
1377	-1
1378	2614762
1379	-1
1380	-1
1381	-1
1382	2618526
1383	-1
1384	-1
1385	-1
1386	2622290
1387	-1
1388	-1
1389	2626054
1390	-1
1391	-1
1392	-1
1393	2629818
1394	-1
1395	-1
1396	-1
1397	2633582
1398	-1
1399	-1
1400	-1
1401	2637346
1402	-1
1403	-1
1404	-1
1405	2641110
1406	-1
1407	-1
1408	2644874
1409	-1
1410	-1
1411	-1
1412	2648638
1413	-1
1414	-1
1415	-1
1416	2652402
1417	-1
1418	-1
1419	-1
1420	2656166
1421	-1
1422	-1
1423	2659930
1424	-1
1425	-1
1426	-1
1427	2663694
1428	-1
1429	-1
1430	-1
1431	2667458
1432	-1
1433	-1
1434	-1
1435	2671222
1436	-1
1437	-1
1438	2674986
1439	-1
1440	-1
1441	-1
1442	2678750
1443	-1
1444	-1
1445	-1
1446	2682514
1447	-1
1448	-1
1449	-1
1450	2686278
1451	-1
1452	-1
1453	2690042
1454	-1
1455	-1
1456	-1
1457	2693806
1458	-1
1459	-1
1460	-1
1461	2697570
1462	-1
1463	-1
1464	-1
1465	2701334
1466	-1
1467	-1
1468	-1
1469	2705098
1470	-1
1471	-1
1472	2708862
1473	-1
1474	-1
1475	-1
1476	2712626
1477	-1
1478	-1
1479	-1
1480	2716390
1481	-1
1482	-1
1483	-1
1484	2720154
1485	-1
1486	-1
1487	2723918
1488	-1
1489	-1
1490	-1
1491	2727682
1492	-1
1493	-1
1494	-1
1495	2731446
1496	-1
1497	-1
1498	-1
1499	2735210
1500	-1
1501	-1
1502	2738974
1503	-1
1504	-1
1505	-1
1506	2742738
1507	-1
1508	-1
1509	-1
1510	2746502
1511	-1
1512	-1
1513	-1
1514	2750266
1515	-1
1516	-1
1517	2754030
1518	-1
1519	-1
1520	-1
1521	2757794
1522	-1
1523	-1
1524	-1
1525	2761558
1526	-1
1527	-1
1528	-1
1529	2765322
1530	-1
1531	-1
1532	2769086
1533	-1
1534	-1
1535	-1
1536	2772850
1537	-1
1538	-1
1539	-1
1540	2776614
1541	-1
1542	-1
1543	-1
1544	2780378
1545	-1
1546	-1
1547	-1
1548	2784142
1549	-1
1550	-1
1551	2787906
1552	-1
1553	-1
1554	-1
1555	2791670
1556	-1
1557	-1
1558	-1
1559	2795434
1560	-1
1561	-1
1562	-1
1563	2799198
1564	-1
1565	-1
1566	2802962
1567	-1
1568	-1
1569	-1
1570	2806726
1571	-1
1572	-1
1573	-1
1574	2810490
1575	-1
1576	-1
1577	-1
1578	2814254
1579	-1
1580	-1
1581	2818018
1582	-1
1583	-1
1584	-1
1585	2821782
1586	-1
1587	-1
1588	-1
1589	2825546
1590	-1
1591	-1
1592	-1
1593	2829310
1594	-1
1595	-1
1596	2833074
1597	-1
1598	-1
1599	-1
1600	2836838
1601	-1
1602	-1
1603	-1
1604	2840602
1605	-1
1606	-1
1607	-1
1608	2844366
1609	-1
1610	-1
1611	-1
1612	2848130
1613	-1
1614	-1
1615	2851894
1616	-1
1617	-1
1618	-1
1619	2855658
1620	-1
1621	-1
1622	-1
1623	2859422
1624	-1
1625	-1
1626	-1
1627	2863186
1628	-1
1629	-1
1630	2866950
1631	-1
1632	-1
1633	-1
1634	2870714
1635	-1
1636	-1
1637	-1
1638	2874478
1639	-1
1640	-1
1641	-1
1642	2878242
1643	-1
1644	-1
1645	2882006
1646	-1
1647	-1
1648	-1
1649	2885770
1650	-1
1651	-1
1652	-1
1653	2889534
1654	-1
1655	-1
1656	-1
1657	2893298
1658	-1
1659	-1
1660	2897062
1661	-1
1662	-1
1663	-1
1664	2900826
1665	-1
1666	-1
1667	-1
1668	2904590
1669	-1
1670	-1
1671	-1
1672	2908354
1673	-1
1674	-1
1675	-1
1676	2912118
1677	-1
1678	-1
1679	2915882
1680	-1
1681	-1
1682	-1
1683	2919646
1684	-1
1685	-1
1686	-1
1687	2923410
1688	-1
1689	-1
1690	-1
1691	2927174
1692	-1
1693	-1
1694	2930938
1695	-1
1696	-1
1697	-1
1698	2934702
1699	-1
1700	-1
1701	-1
1702	2938466
1703	-1
1704	-1
1705	-1
1706	2942230
1707	-1
1708	-1
1709	2945994
1710	-1
1711	-1
1712	-1
1713	2949758
1714	-1
1715	-1
1716	-1
1717	2953522
1718	-1
1719	-1
1720	-1
1721	2957286
1722	-1
1723	-1
1724	2961050
1725	-1
1726	-1
1727	-1
1728	2964814
1729	-1
1730	-1
1731	-1
1732	2968578
1733	-1
1734	-1
1735	-1
1736	2972342
1737	-1
1738	-1
1739	-1
1740	2976106
1741	-1
1742	-1
1743	2979870
1744	-1
1745	-1
1746	-1
1747	2983634
1748	-1
1749	-1
1750	-1
1751	2987398
1752	-1
1753	-1
1754	-1
1755	2991162
1756	-1
1757	-1
1758	2994926
1759	-1
1760	-1
1761	-1
1762	2998690
1763	-1
1764	-1
1765	-1
1766	3002454
1767	-1
1768	-1
1769	-1
1770	3006218
1771	-1
1772	-1
1773	3009982
1774	-1
1775	-1
1776	-1
1777	3013746
1778	-1
1779	-1
1780	-1
1781	3017510
1782	-1
1783	-1
1784	-1
1785	3021274
1786	-1
1787	-1
1788	3025038
1789	-1
1790	-1
1791	-1
1792	3028802
1793	-1
1794	-1
1795	-1
1796	3032566
1797	-1
1798	-1
1799	-1
1800	3036330
1801	-1
1802	-1
1803	-1
1804	3040094
1805	-1
1806	-1
1807	3043858
1808	-1
1809	-1
1810	-1
1811	3047622
1812	-1
1813	-1
1814	-1
1815	3051386
1816	-1
1817	-1
1818	-1
1819	3055150
1820	-1
1821	-1
1822	3058914
1823	-1
1824	-1
1825	-1
1826	3062678
1827	-1
1828	-1
1829	-1
1830	3066442
1831	-1
1832	-1
1833	-1
1834	3070206
1835	-1
1836	-1
1837	3073970
1838	-1
1839	-1
1840	-1
1841	3077734
1842	-1
1843	-1
1844	-1
1845	3081498
1846	-1
1847	-1
1848	-1
1849	3085262
1850	-1
1851	-1
1852	3089026
1853	-1
1854	-1
1855	-1
1856	3092790
1857	-1
1858	-1
1859	-1
1860	3096554
1861	-1
1862	-1
1863	-1
1864	3100318
1865	-1
1866	-1
1867	3104082
1868	-1
1869	-1
1870	-1
1871	3107846
1872	-1
1873	-1
1874	-1
1875	3111610
1876	-1
1877	-1
1878	-1
1879	3115374
1880	-1
1881	-1
1882	-1
1883	3119138
1884	-1
1885	-1
1886	3122902
1887	-1
1888	-1
1889	-1
1890	3126666
1891	-1
1892	-1
1893	-1
1894	3130430
1895	-1
1896	-1
1897	-1
1898	3134194
1899	-1
1900	-1
1901	3137958
1902	-1
1903	-1
1904	-1
1905	3141722
1906	-1
1907	-1
1908	-1
1909	3145486
1910	-1
1911	-1
1912	-1
1913	3149250
1914	-1
1915	-1
1916	3153014
1917	-1
1918	-1
1919	-1
1920	3156778
1921	-1
1922	-1
1923	-1
1924	3160542
1925	-1
1926	-1
1927	-1
1928	3164306
1929	-1
1930	-1
1931	3168070
1932	-1
1933	-1
1934	-1
1935	3171834
1936	-1
1937	-1
1938	-1
1939	3175598
1940	-1
1941	-1
1942	-1
1943	3179362
1944	-1
1945	-1
1946	-1
1947	3183126
1948	-1
1949	-1
1950	3186890
1951	-1
1952	-1
1953	-1
1954	3190654
1955	-1
1956	-1
1957	-1
1958	3194418
1959	-1
1960	-1
1961	-1
1962	3198182
1963	-1
1964	-1
1965	3201946
1966	-1
1967	-1
1968	-1
1969	3205710
1970	-1
1971	-1
1972	-1
1973	3209474
1974	-1
1975	-1
1976	-1
1977	3213238
1978	-1
1979	-1
1980	3217002
1981	-1
1982	-1
1983	-1
1984	3220766
1985	-1
1986	-1
1987	-1
1988	3224530
1989	-1
1990	-1
1991	-1
1992	3228294
1993	-1
1994	-1
1995	3232058
1996	-1
1997	-1
1998	-1
1999	3235822
2000	-1
2001	-1
2002	-1
2003	3239586
2004	-1
2005	-1
2006	-1
2007	3243350
2008	-1
2009	-1
2010	-1
2011	3247114
2012	-1
2013	-1
2014	3250878
2015	-1
2016	-1
2017	-1
2018	3254642
2019	-1
2020	-1
2021	-1
2022	3258406
2023	-1
2024	-1
2025	-1
2026	3262170
2027	-1
2028	-1
2029	3265934
2030	-1
2031	-1
2032	-1
2033	3269698
2034	-1
2035	-1
2036	-1
2037	3273462
2038	-1
2039	-1
2040	-1
2041	3277226
2042	-1
2043	-1
2044	3280990
2045	-1
2046	-1
2047	-1
2048	3284754
2049	-1
2050	-1
2051	-1
2052	3288518
2053	-1
2054	-1
2055	-1
2056	3292282
2057	-1
2058	-1
2059	3296046
2060	-1
2061	-1
2062	-1
2063	3299810
2064	-1
2065	-1
2066	-1
2067	3303574
2068	-1
2069	-1
2070	-1
2071	3307338
2072	-1
2073	-1
2074	-1
2075	3311102
2076	-1
2077	-1
2078	3314866
2079	-1
2080	-1
2081	-1
2082	3318630
2083	-1
2084	-1
2085	-1
2086	3322394
2087	-1
2088	-1
2089	-1
2090	3326158
2091	-1
2092	-1
2093	3329922
2094	-1
2095	-1
2096	-1
2097	3333686
2098	-1
2099	-1
2100	-1
2101	3337450
2102	-1
2103	-1
2104	-1
2105	3341214
2106	-1
2107	-1
2108	3344978
2109	-1
2110	-1
2111	-1
2112	3348742
2113	-1
2114	-1
2115	-1
2116	3352506
2117	-1
2118	-1
2119	-1
2120	3356270
2121	-1
2122	-1
2123	3360034
2124	-1
2125	-1
2126	-1
2127	3363798
2128	-1
2129	-1
2130	-1
2131	3367562
2132	-1
2133	-1
2134	-1
2135	3371326
2136	-1
2137	-1
2138	3375090
2139	-1
2140	-1
2141	-1
2142	3378854
2143	-1
2144	-1
2145	-1
2146	3382618
2147	-1
2148	-1
2149	-1
2150	3386382
2151	-1
2152	-1
2153	-1
2154	3390146
2155	-1
2156	-1
2157	3393910
2158	-1
2159	-1
2160	-1
2161	3397674
2162	-1
2163	-1
2164	-1
2165	3401438
2166	-1
2167	-1
2168	-1
2169	3405202
2170	-1
2171	-1
2172	3408966
2173	-1
2174	-1
2175	-1
2176	3412730
2177	-1
2178	-1
2179	-1
2180	3416494
2181	-1
2182	-1
2183	-1
2184	3420258
2185	-1
2186	-1
2187	3424022
2188	-1
2189	-1
2190	-1
2191	3427786
2192	-1
2193	-1
2194	-1
2195	3431550
2196	-1
2197	-1
2198	-1
2199	3435314
2200	-1
2201	-1
2202	3439078
2203	-1
2204	-1
2205	-1
2206	3442842
2207	-1
2208	-1
2209	-1
2210	3446606
2211	-1
2212	-1
2213	-1
2214	3450370
2215	-1
2216	-1
2217	-1
2218	3454134
2219	-1
2220	-1
2221	3457898
2222	-1
2223	-1
2224	-1
2225	3461662
2226	-1
2227	-1
2228	-1
2229	3465426
2230	-1
2231	-1
2232	-1
2233	3469190
2234	-1
2235	-1
2236	3472954
2237	-1
2238	-1
2239	-1
2240	3476718
2241	-1
2242	-1
2243	-1
2244	3480482
2245	-1
2246	-1
2247	-1
2248	3484246
2249	-1
2250	-1
2251	3488010
2252	-1
2253	-1
2254	-1
2255	3491774
2256	-1
2257	-1
2258	-1
2259	3495538
2260	-1
2261	-1
2262	-1
2263	3499302
2264	-1
2265	-1
2266	3503066
2267	-1
2268	-1
2269	-1
2270	3506830
2271	-1
2272	-1
2273	-1
2274	3510594
2275	-1
2276	-1
2277	-1
2278	3514358
2279	-1
2280	-1
2281	-1
2282	3518122
2283	-1
2284	-1
2285	3521886
2286	-1
2287	-1
2288	-1
2289	3525650
2290	-1
2291	-1
2292	-1
2293	3529414
2294	-1
2295	-1
2296	-1
2297	3533178
2298	-1
2299	-1
2300	3536942
2301	-1
2302	-1
2303	-1
2304	3540706
2305	-1
2306	-1
2307	-1
2308	3544470
2309	-1
2310	-1
2311	-1
2312	3548234
2313	-1
2314	-1
2315	3551998
2316	-1
2317	-1
2318	-1
2319	3555762
2320	-1
2321	-1
2322	-1
2323	3559526
2324	-1
2325	-1
2326	-1
2327	3563290
2328	-1
2329	-1
2330	3567054
2331	-1
2332	-1
2333	-1
2334	3570818
2335	-1
2336	-1
2337	-1
2338	3574582
2339	-1
2340	-1
2341	-1
2342	3578346
2343	-1
2344	-1
2345	-1
2346	3582110
2347	-1
2348	-1
2349	3585874
2350	-1
2351	-1
2352	-1
2353	3589638
2354	-1
2355	-1
2356	-1
2357	3593402
2358	-1
2359	-1
2360	-1
2361	3597166
2362	-1
2363	-1
2364	3600930
2365	-1
2366	-1
2367	-1
2368	3604694
2369	-1
2370	-1
2371	-1
2372	3608458
2373	-1
2374	-1
2375	-1
2376	3612222
2377	-1
2378	-1
2379	3615986
2380	-1
2381	-1
2382	-1
2383	3619750
2384	-1
2385	-1
2386	-1
2387	3623514
2388	-1
2389	-1
2390	-1
2391	3627278
2392	-1
2393	-1
2394	3631042
2395	-1
2396	-1
2397	-1
2398	3634806
2399	-1
2400	-1
2401	-1
2402	3638570
2403	-1
2404	-1
2405	-1
2406	3642334
2407	-1
2408	-1
2409	-1
2410	3646098
2411	-1
2412	-1
2413	3649862
2414	-1
2415	-1
2416	-1
2417	3653626
2418	-1
2419	-1
2420	-1
2421	3657390
2422	-1
2423	-1
2424	-1
2425	3661154
2426	-1
2427	-1
2428	3664918
2429	-1
2430	-1
2431	-1
2432	3668682
2433	-1
2434	-1
2435	-1
2436	3672446
2437	-1
2438	-1
2439	-1
2440	3676210
2441	-1
2442	-1
2443	3679974
2444	-1
2445	-1
2446	-1
2447	3683738
2448	-1
2449	-1
2450	-1
2451	3687502
2452	-1
2453	-1
2454	-1
2455	3691266
2456	-1
2457	-1
2458	3695030
2459	-1
2460	-1
2461	-1
2462	3698794
2463	-1
2464	-1
2465	-1
2466	3702558
2467	-1
2468	-1
2469	-1
2470	3706322
2471	-1
2472	-1
2473	3710086
2474	-1
2475	-1
2476	-1
2477	3713850
2478	-1
2479	-1
2480	-1
2481	3717614
2482	-1
2483	-1
2484	-1
2485	3721378
2486	-1
2487	-1
2488	-1
2489	3725142
2490	-1
2491	-1
2492	3728906
2493	-1
2494	-1
2495	-1
2496	3732670
2497	-1
2498	-1
2499	-1
2500	3736434
2501	-1
2502	-1
2503	-1
2504	3740198
2505	-1
2506	-1
2507	3743962
2508	-1
2509	-1
2510	-1
2511	3747726
2512	-1
2513	-1
2514	-1
2515	3751490
2516	-1
2517	-1
2518	-1
2519	3755254
2520	-1
2521	-1
2522	3759018
2523	-1
2524	-1
2525	-1
2526	3762782
2527	-1
2528	-1
2529	-1
2530	3766546
2531	-1
2532	-1
2533	-1
2534	3770310
2535	-1
2536	-1
2537	3774074
2538	-1
2539	-1
2540	-1
2541	3777838
2542	-1
2543	-1
2544	-1
2545	3781602
2546	-1
2547	-1
2548	-1
2549	3785366
2550	-1
2551	-1
2552	-1
2553	3789130
2554	-1
2555	-1
2556	3792894
2557	-1
2558	-1
2559	-1
2560	3796658
2561	-1
2562	-1
2563	-1
2564	3800422
2565	-1
2566	-1
2567	-1
2568	3804186
2569	-1
2570	-1
2571	3807950
2572	-1
2573	-1
2574	-1
2575	3811714
2576	-1
2577	-1
2578	-1
2579	3815478
2580	-1
2581	-1
2582	-1
2583	3819242
2584	-1
2585	-1
2586	3823006
2587	-1
2588	-1
2589	-1
2590	3826770
2591	-1
2592	-1
2593	-1
2594	3830534
2595	-1
2596	-1
2597	-1
2598	3834298
2599	-1
2600	-1
2601	3838062
2602	-1
2603	-1
2604	-1
2605	3841826
2606	-1
2607	-1
2608	-1
2609	3845590
2610	-1
2611	-1
2612	-1
2613	3849354
2614	-1
2615	-1
2616	-1
2617	3853118
2618	-1
2619	-1
2620	3856882
2621	-1
2622	-1
2623	-1
2624	3860646
2625	-1
2626	-1
2627	-1
2628	3864410
2629	-1
2630	-1
2631	-1
2632	3868174
2633	-1
2634	-1
2635	3871938
2636	-1
2637	-1
2638	-1
2639	3875702
2640	-1
2641	-1
2642	-1
2643	3879466
2644	-1
2645	-1
2646	-1
2647	3883230
2648	-1
2649	-1
2650	3886994
2651	-1
2652	-1
2653	-1
2654	3890758
2655	-1
2656	-1
2657	-1
2658	3894522
2659	-1
2660	-1
2661	-1
2662	3898286
2663	-1
2664	-1
2665	3902050
2666	-1
2667	-1
2668	-1
2669	3905814
2670	-1
2671	-1
2672	-1
2673	3909578
2674	-1
2675	-1
2676	-1
2677	3913342
2678	-1
2679	-1
2680	-1
2681	3917106
2682	-1
2683	-1
2684	3920870
2685	-1
2686	-1
2687	-1
2688	3924634
2689	-1
2690	-1
2691	-1
2692	3928398
2693	-1
2694	-1
2695	-1
2696	3932162
2697	-1
2698	-1
2699	3935926
2700	-1
2701	-1
2702	-1
2703	3939690
2704	-1
2705	-1
2706	-1
2707	3943454
2708	-1
2709	-1
2710	-1
2711	3947218
2712	-1
2713	-1
2714	3950982
2715	-1
2716	-1
2717	-1
2718	3954746
2719	-1
2720	-1
2721	-1
2722	3958510
2723	-1
2724	-1
2725	-1
2726	3962274
2727	-1
2728	-1
2729	3966038
2730	-1
2731	-1
2732	-1
2733	3969802
2734	-1
2735	-1
2736	-1
2737	3973566
2738	-1
2739	-1
2740	-1
2741	3977330
2742	-1
2743	-1
2744	-1
2745	3981094
2746	-1
2747	-1
2748	3984858
2749	-1
2750	-1
2751	-1
2752	3988622
2753	-1
2754	-1
2755	-1
2756	3992386
2757	-1
2758	-1
2759	-1
2760	3996150
2761	-1
2762	-1
2763	3999914
2764	-1
2765	-1
2766	-1
2767	4003678
2768	-1
2769	-1
2770	-1
2771	4007442
2772	-1
2773	-1
2774	-1
2775	4011206
2776	-1
2777	-1
2778	4014970
2779	-1
2780	-1
2781	-1
2782	4018734
2783	-1
2784	-1
2785	-1
2786	4022498
2787	-1
2788	-1
2789	-1
2790	4026262
2791	-1
2792	-1
2793	4030026
2794	-1
2795	-1
2796	-1
2797	4033790
2798	-1
2799	-1
2800	-1
2801	4037554
2802	-1
2803	-1
2804	-1
2805	4041318
2806	-1
2807	-1
2808	4045082
2809	-1
2810	-1
2811	-1
2812	4048846
2813	-1
2814	-1
2815	-1
2816	4052610
2817	-1
2818	-1
2819	-1
2820	4056374
2821	-1
2822	-1
2823	-1
2824	4060138
2825	-1
2826	-1
2827	4063902
2828	-1
2829	-1
2830	-1
2831	4067666
2832	-1
2833	-1
2834	-1
2835	4071430
2836	-1
2837	-1
2838	-1
2839	4075194
2840	-1
2841	-1
2842	4078958
2843	-1
2844	-1
2845	-1
2846	4082722
2847	-1
2848	-1
2849	-1
2850	4086486
2851	-1
2852	-1
2853	-1
2854	4090250
2855	-1
2856	-1
2857	4094014
2858	-1
2859	-1
2860	-1
2861	4097778
2862	-1
2863	-1
2864	-1
2865	4101542
2866	-1
2867	-1
2868	-1
2869	4105306
2870	-1
2871	-1
2872	4109070
2873	-1
2874	-1
2875	-1
2876	4112834
2877	-1
2878	-1
2879	-1
2880	4116598
2881	-1
2882	-1
2883	-1
2884	4120362
2885	-1
2886	-1
2887	-1
2888	4124126
2889	-1
2890	-1
2891	4127890
2892	-1
2893	-1
2894	-1
2895	4131654
2896	-1
2897	-1
2898	-1
2899	4135418
2900	-1
2901	-1
2902	-1
2903	4139182
2904	-1
2905	-1
2906	4142946
2907	-1
2908	-1
2909	-1
2910	4146710
2911	-1
2912	-1
2913	-1
2914	4150474
2915	-1
2916	-1
2917	-1
2918	4154238
2919	-1
2920	-1
2921	4158002
2922	-1
2923	-1
2924	-1
2925	4161766
2926	-1
2927	-1
2928	-1
2929	4165530
2930	-1
2931	-1
2932	-1
2933	4169294
2934	-1
2935	-1
2936	4173058
2937	-1
2938	-1
2939	-1
2940	4176822
2941	-1
2942	-1
2943	-1
2944	4180586
2945	-1
2946	-1
2947	-1
2948	4184350
2949	-1
2950	-1
2951	-1
2952	4188114
2953	-1
2954	-1
2955	4191878
2956	-1
2957	-1
2958	-1
2959	4195642
2960	-1
2961	-1
2962	-1
2963	4199406
2964	-1
2965	-1
2966	-1
2967	4203170
2968	-1
2969	-1
2970	4206934
2971	-1
2972	-1
2973	-1
2974	4210698
2975	-1
2976	-1
2977	-1
2978	4214462
2979	-1
2980	-1
2981	-1
2982	4218226
2983	-1
2984	-1
2985	4221990
2986	-1
2987	-1
2988	-1
2989	4225754
2990	-1
2991	-1
2992	-1
2993	4229518
2994	-1
2995	-1
2996	-1
2997	4233282
2998	-1
2999	-1
3000	4237046
3001	-1
3002	-1
3003	-1
3004	4240810
3005	-1
3006	-1
3007	-1
3008	4244574
3009	-1
3010	-1
3011	-1
3012	4248338
3013	-1
3014	-1
3015	-1
3016	4252102
3017	-1
3018	-1
3019	4255866
3020	-1
3021	-1
3022	-1
3023	4259630
3024	-1
3025	-1
3026	-1
3027	4263394
3028	-1
3029	-1
3030	-1
3031	4267158
3032	-1
3033	-1
3034	4270922
3035	-1
3036	-1
3037	-1
3038	4274686
3039	-1
3040	-1
3041	-1
3042	4278450
3043	-1
3044	-1
3045	-1
3046	4282214
3047	-1
3048	-1
3049	4285978
3050	-1
3051	-1
3052	-1
3053	4289742
3054	-1
3055	-1
3056	-1
3057	4293506
3058	-1
3059	-1
3060	-1
3061	4297270
3062	-1
3063	-1
3064	4301034
3065	-1
3066	-1
3067	-1
3068	4304798
3069	-1
3070	-1
3071	-1
3072	4308562
3073	-1
3074	-1
3075	-1
3076	4312326
3077	-1
3078	-1
3079	4316090
3080	-1
3081	-1
3082	-1
3083	4319854
3084	-1
3085	-1
3086	-1
3087	4323618
3088	-1
3089	-1
3090	-1
3091	4327382
3092	-1
3093	-1
3094	-1
3095	4331146
3096	-1
3097	-1
3098	4334910
3099	-1
3100	-1
3101	-1
3102	4338674
3103	-1
3104	-1
3105	-1
3106	4342438
3107	-1
3108	-1
3109	-1
3110	4346202
3111	-1
3112	-1
3113	4349966
3114	-1
3115	-1
3116	-1
3117	4353730
3118	-1
3119	-1
3120	-1
3121	4357494
3122	-1
3123	-1
3124	-1
3125	4361258
3126	-1
3127	-1
3128	4365022
3129	-1
3130	-1
3131	-1
3132	4368786
3133	-1
3134	-1
3135	-1
3136	4372550
3137	-1
3138	-1
3139	-1
3140	4376314
3141	-1
3142	-1
3143	4380078
3144	-1
3145	-1
3146	-1
3147	4383842
3148	-1
3149	-1
3150	-1
3151	4387606
3152	-1
3153	-1
3154	-1
3155	4391370
3156	-1
3157	-1
3158	-1
3159	4395134
3160	-1
3161	-1
3162	4398898
3163	-1
3164	-1
3165	-1
3166	4402662
3167	-1
3168	-1
3169	-1
3170	4406426
3171	-1
3172	-1
3173	-1
3174	4410190
3175	-1
3176	-1
3177	4413954
3178	-1
3179	-1
3180	-1
3181	4417718
3182	-1
3183	-1
3184	-1
3185	4421482
3186	-1
3187	-1
3188	-1
3189	4425246
3190	-1
3191	-1
3192	4429010
3193	-1
3194	-1
3195	-1
3196	4432774
3197	-1
3198	-1
3199	-1
3200	4436538
3201	-1
3202	-1
3203	-1
3204	4440302
3205	-1
3206	-1
3207	4444066
3208	-1
3209	-1
3210	-1
3211	4447830
3212	-1
3213	-1
3214	-1
3215	4451594
3216	-1
3217	-1
3218	-1
3219	4455358
3220	-1
3221	-1
3222	-1
3223	4459122
3224	-1
3225	-1
3226	4462886
3227	-1
3228	-1
3229	-1
3230	4466650
3231	-1
3232	-1
3233	-1
3234	4470414
3235	-1
3236	-1
3237	-1
3238	4474178
3239	-1
3240	-1
3241	4477942
3242	-1
3243	-1
3244	-1
3245	4481706
3246	-1
3247	-1
3248	-1
3249	4485470
3250	-1
3251	-1
3252	-1
3253	4489234
3254	-1
3255	-1
3256	4492998
3257	-1
3258	-1
3259	-1
3260	4496762
3261	-1
3262	-1
3263	-1
3264	4500526
3265	-1
3266	-1
3267	-1
3268	4504290
3269	-1
3270	-1
3271	4508054
3272	-1
3273	-1
3274	-1
3275	4511818
3276	-1
3277	-1
3278	-1
3279	4515582
3280	-1
3281	-1
3282	-1
3283	4519346
3284	-1
3285	-1
3286	-1
3287	4523110
3288	-1
3289	-1
3290	4526874
3291	-1
3292	-1
3293	-1
3294	4530638
3295	-1
3296	-1
3297	-1
3298	4534402
3299	-1
3300	-1
3301	-1
3302	4538166
3303	-1
3304	-1
3305	4541930
3306	-1
3307	-1
3308	-1
3309	4545694
3310	-1
3311	-1
3312	-1
3313	4549458
3314	-1
3315	-1
3316	-1
3317	4553222
3318	-1
3319	-1
3320	4556986
3321	-1
3322	-1
3323	-1
3324	4560750
3325	-1
3326	-1
3327	-1
3328	4564514
3329	-1
3330	-1
3331	-1
3332	4568278
3333	-1
3334	-1
3335	4572042
3336	-1
3337	-1
3338	-1
3339	4575806
3340	-1
3341	-1
3342	-1
3343	4579570
3344	-1
3345	-1
3346	-1
3347	4583334
3348	-1
3349	-1
3350	-1
3351	4587098
3352	-1
3353	-1
3354	4590862
3355	-1
3356	-1
3357	-1
3358	4594626
3359	-1
3360	-1
3361	-1
3362	4598390
3363	-1
3364	-1
3365	-1
3366	4602154
3367	-1
3368	-1
3369	4605918
3370	-1
3371	-1
3372	-1
3373	4609682
3374	-1
3375	-1
3376	-1
3377	4613446
3378	-1
3379	-1
3380	-1
3381	4617210
3382	-1
3383	-1
3384	4620974
3385	-1
3386	-1
3387	-1
3388	4624738
3389	-1
3390	-1
3391	-1
3392	4628502
3393	-1
3394	-1
3395	-1
3396	4632266
3397	-1
3398	-1
3399	4636030
3400	-1
3401	-1
3402	-1
3403	4639794
3404	-1
3405	-1
3406	-1
3407	4643558
3408	-1
3409	-1
3410	-1
3411	4647322
3412	-1
3413	-1
3414	4651086
3415	-1
3416	-1
3417	-1
3418	4654850
3419	-1
3420	-1
3421	-1
3422	4658614
3423	-1
3424	-1
3425	-1
3426	4662378
3427	-1
3428	-1
3429	-1
3430	4666142
3431	-1
3432	-1
3433	4669906
3434	-1
3435	-1
3436	-1
3437	4673670
3438	-1
3439	-1
3440	-1
3441	4677434
3442	-1
3443	-1
3444	-1
3445	4681198
3446	-1
3447	-1
3448	4684962
3449	-1
3450	-1
3451	-1
3452	4688726
3453	-1
3454	-1
3455	-1
3456	4692490
3457	-1
3458	-1
3459	-1
3460	4696254
3461	-1
3462	-1
3463	4700018
3464	-1
3465	-1
3466	-1
3467	4703782
3468	-1
3469	-1
3470	-1
3471	4707546
3472	-1
3473	-1
3474	-1
3475	4711310
3476	-1
3477	-1
3478	4715074
3479	-1
3480	-1
3481	-1
3482	4718838
3483	-1
3484	-1
3485	-1
3486	4722602
3487	-1
3488	-1
3489	-1
3490	4726366
3491	-1
3492	-1
3493	-1
3494	4730130
3495	-1
3496	-1
3497	4733894
3498	-1
3499	-1
3500	-1
3501	4737658
3502	-1
3503	-1
3504	-1
3505	4741422
3506	-1
3507	-1
3508	-1
3509	4745186
3510	-1
3511	-1
3512	4748950
3513	-1
3514	-1
3515	-1
3516	4752714
3517	-1
3518	-1
3519	-1
3520	4756478
3521	-1
3522	-1
3523	-1
3524	4760242
3525	-1
3526	-1
3527	4764006
3528	-1
3529	-1
3530	-1
3531	4767770
3532	-1
3533	-1
3534	-1
3535	4771534
3536	-1
3537	-1
3538	-1
3539	4775298
3540	-1
3541	-1
3542	4779062
3543	-1
3544	-1
3545	-1
3546	4782826
3547	-1
3548	-1
3549	-1
3550	4786590
3551	-1
3552	-1
3553	-1
3554	4790354
3555	-1
3556	-1
3557	-1
3558	4794118
3559	-1
3560	-1
3561	4797882
3562	-1
3563	-1
3564	-1
3565	4801646
3566	-1
3567	-1
3568	-1
3569	4805410
3570	-1
3571	-1
3572	-1
3573	4809174
3574	-1
3575	-1
3576	4812938
3577	-1
3578	-1
3579	-1
3580	4816702
3581	-1
3582	-1
3583	-1
3584	4820466
3585	-1
3586	-1
3587	-1
3588	4824230
3589	-1
3590	-1
3591	4827994
3592	-1
3593	-1
3594	-1
3595	4831758
3596	-1
3597	-1
3598	-1
3599	4835522
3600	-1
3601	-1
3602	-1
3603	4839286
3604	-1
3605	-1
3606	4843050
3607	-1
3608	-1
3609	-1
3610	4846814
3611	-1
3612	-1
3613	-1
3614	4850578
3615	-1
3616	-1
3617	-1
3618	4854342
3619	-1
3620	-1
3621	-1
3622	4858106
3623	-1
3624	-1
3625	4861870
3626	-1
3627	-1
3628	-1
3629	4865634
3630	-1
3631	-1
3632	-1
3633	4869398
3634	-1
3635	-1
3636	-1
3637	4873162
3638	-1
3639	-1
3640	4876926
3641	-1
3642	-1
3643	-1
3644	4880690
3645	-1
3646	-1
3647	-1
3648	4884454
3649	-1
3650	-1
3651	-1
3652	4888218
3653	-1
3654	-1
3655	4891982
3656	-1
3657	-1
3658	-1
3659	4895746
3660	-1
3661	-1
3662	-1
3663	4899510
3664	-1
3665	-1
3666	-1
3667	4903274
3668	-1
3669	-1
3670	4907038
3671	-1
3672	-1
3673	-1
3674	4910802
3675	-1
3676	-1
3677	-1
3678	4914566
3679	-1
3680	-1
3681	-1
3682	4918330
3683	-1
3684	-1
3685	-1
3686	4922094
3687	-1
3688	-1
3689	4925858
3690	-1
3691	-1
3692	-1
3693	4929622
3694	-1
3695	-1
3696	-1
3697	4933386
3698	-1
3699	-1
3700	-1
3701	4937150
3702	-1
3703	-1
3704	4940914
3705	-1
3706	-1
3707	-1
3708	4944678
3709	-1
3710	-1
3711	-1
3712	4948442
3713	-1
3714	-1
3715	-1
3716	4952206
3717	-1
3718	-1
3719	4955970
3720	-1
3721	-1
3722	-1
3723	4959734
3724	-1
3725	-1
3726	-1
3727	4963498
3728	-1
3729	-1
3730	-1
3731	4967262
3732	-1
3733	-1
3734	4971026
3735	-1
3736	-1
3737	-1
3738	4974790
3739	-1
3740	-1
3741	-1
3742	4978554
3743	-1
3744	-1
3745	-1
3746	4982318
3747	-1
3748	-1
3749	4986082
3750	-1
3751	-1
3752	-1
3753	4989846
3754	-1
3755	-1
3756	-1
3757	4993610
3758	-1
3759	-1
3760	-1
3761	4997374
3762	-1
3763	-1
3764	-1
3765	5001138
3766	-1
3767	-1
3768	5004902
3769	-1
3770	-1
3771	-1
3772	5008666
3773	-1
3774	-1
3775	-1
3776	5012430
3777	-1
3778	-1
3779	-1
3780	5016194
3781	-1
3782	-1
3783	5019958
3784	-1
3785	-1
3786	-1
3787	5023722
3788	-1
3789	-1
3790	-1
3791	5027486
3792	-1
3793	-1
3794	-1
3795	5031250
3796	-1
3797	-1
3798	5035014
3799	-1
3800	-1
3801	-1
3802	5038778
3803	-1
3804	-1
3805	-1
3806	5042542
3807	-1
3808	-1
3809	-1
3810	5046306
3811	-1
3812	-1
3813	5050070
3814	-1
3815	-1
3816	-1
3817	5053834
3818	-1
3819	-1
3820	-1
3821	5057598
3822	-1
3823	-1
3824	-1
3825	5061362
3826	-1
3827	-1
3828	-1
3829	5065126
3830	-1
3831	-1
3832	5068890
3833	-1
3834	-1
3835	-1
3836	5072654
3837	-1
3838	-1
3839	-1
3840	5076418
3841	-1
3842	-1
3843	-1
3844	5080182
3845	-1
3846	-1
3847	5083946
3848	-1
3849	-1
3850	-1
3851	5087710
3852	-1
3853	-1
3854	-1
3855	5091474
3856	-1
3857	-1
3858	-1
3859	5095238
3860	-1
3861	-1
3862	5099002
3863	-1
3864	-1
3865	-1
3866	5102766
3867	-1
3868	-1
3869	-1
3870	5106530
3871	-1
3872	-1
3873	-1
3874	5110294
3875	-1
3876	-1
3877	5114058
3878	-1
3879	-1
3880	-1
3881	5117822
3882	-1
3883	-1
3884	-1
3885	5121586
3886	-1
3887	-1
3888	-1
3889	5125350
3890	-1
3891	-1
3892	-1
3893	5129114
3894	-1
3895	-1
3896	5132878
3897	-1
3898	-1
3899	-1
3900	5136642
3901	-1
3902	-1
3903	-1
3904	5140406
3905	-1
3906	-1
3907	-1
3908	5144170
3909	-1
3910	-1
3911	5147934
3912	-1
3913	-1
3914	-1
3915	5151698
3916	-1
3917	-1
3918	-1
3919	5155462
3920	-1
3921	-1
3922	-1
3923	5159226
3924	-1
3925	-1
3926	5162990
3927	-1
3928	-1
3929	-1
3930	5166754
3931	-1
3932	-1
3933	-1
3934	5170518
3935	-1
3936	-1
3937	-1
3938	5174282
3939	-1
3940	-1
3941	5178046
3942	-1
3943	-1
3944	-1
3945	5181810
3946	-1
3947	-1
3948	-1
3949	5185574
3950	-1
3951	-1
3952	-1
3953	5189338
3954	-1
3955	-1
3956	-1
3957	5193102
3958	-1
3959	-1
3960	5196866
3961	-1
3962	-1
3963	-1
3964	5200630
3965	-1
3966	-1
3967	-1
3968	5204394
3969	-1
3970	-1
3971	-1
3972	5208158
3973	-1
3974	-1
3975	5211922
3976	-1
3977	-1
3978	-1
3979	5215686
3980	-1
3981	-1
3982	-1
3983	5219450
3984	-1
3985	-1
3986	-1
3987	5223214
3988	-1
3989	-1
3990	5226978
3991	-1
3992	-1
3993	-1
3994	5230742
3995	-1
3996	-1
3997	-1
3998	5234506
3999	-1
4000	-1
4001	-1
4002	5238270
4003	-1
4004	-1
4005	5242034
4006	-1
4007	-1
4008	-1
4009	5245798
4010	-1
4011	-1
4012	-1
4013	5249562
4014	-1
4015	-1
4016	-1
4017	5253326
4018	-1
4019	-1
4020	5257090
4021	-1
4022	-1
4023	-1
4024	5260854
4025	-1
4026	-1
4027	-1
4028	5264618
4029	-1
4030	-1
4031	-1
4032	5268382
4033	-1
4034	-1
4035	-1
4036	5272146
4037	-1
4038	-1
4039	5275910
4040	-1
4041	-1
4042	-1
4043	5279674
4044	-1
4045	-1
4046	-1
4047	5283438
4048	-1
4049	-1
4050	-1
4051	5287202
4052	-1
4053	-1
4054	5290966
4055	-1
4056	-1
4057	-1
4058	5294730
4059	-1
4060	-1
4061	-1
4062	5298494
4063	-1
4064	-1
4065	-1
4066	5302258
4067	-1
4068	-1
4069	5306022
4070	-1
4071	-1
4072	-1
4073	5309786
4074	-1
4075	-1
4076	-1
4077	5313550
4078	-1
4079	-1
4080	-1
4081	5317314
4082	-1
4083	-1
4084	5321078
4085	-1
4086	-1
4087	-1
4088	5324842
4089	-1
4090	-1
4091	-1
4092	5328606
4093	-1
4094	-1
4095	-1
4096	5332370
4097	-1
4098	-1
4099	-1
4100	5336134
4101	-1
4102	-1
4103	5339898
4104	-1
4105	-1
4106	-1
4107	5343662
4108	-1
4109	-1
4110	-1
4111	5347426
4112	-1
4113	-1
4114	-1
4115	5351190
4116	-1
4117	-1
4118	5354954
4119	-1
4120	-1
4121	-1
4122	5358718
4123	-1
4124	-1
4125	-1
4126	5362482
4127	-1
4128	-1
4129	-1
4130	5366246
4131	-1
4132	-1
4133	5370010
4134	-1
4135	-1
4136	-1
4137	5373774
4138	-1
4139	-1
4140	-1
4141	5377538
4142	-1
4143	-1
4144	-1
4145	5381302
4146	-1
4147	-1
4148	5385066
4149	-1
4150	-1
4151	-1
4152	5388830
4153	-1
4154	-1
4155	-1
4156	5392594
4157	-1
4158	-1
4159	-1
4160	5396358
4161	-1
4162	-1
4163	-1
4164	5400122
4165	-1
4166	-1
4167	5403886
4168	-1
4169	-1
4170	-1
4171	5407650
4172	-1
4173	-1
4174	-1
4175	5411414
4176	-1
4177	-1
4178	-1
4179	5415178
4180	-1
4181	-1
4182	5418942
4183	-1
4184	-1
4185	-1
4186	5422706
4187	-1
4188	-1
4189	-1
4190	5426470
4191	-1
4192	-1
4193	-1
4194	5430234
4195	-1
4196	-1
4197	5433998
4198	-1
4199	-1
4200	-1
4201	5437762
4202	-1
4203	-1
4204	-1
4205	5441526
4206	-1
4207	-1
4208	-1
4209	5445290
4210	-1
4211	-1
4212	5449054
4213	-1
4214	-1
4215	-1
4216	5452818
4217	-1
4218	-1
4219	-1
4220	5456582
4221	-1
4222	-1
4223	-1
4224	5460346
4225	-1
4226	-1
4227	-1
4228	5464110
4229	-1
4230	-1
4231	5467874
4232	-1
4233	-1
4234	-1
4235	5471638
4236	-1
4237	-1
4238	-1
4239	5475402
4240	-1
4241	-1
4242	-1
4243	5479166
4244	-1
4245	-1
4246	5482930
4247	-1
4248	-1
4249	-1
4250	5486694
4251	-1
4252	-1
4253	-1
4254	5490458
4255	-1
4256	-1
4257	-1
4258	5494222
4259	-1
4260	-1
4261	5497986
4262	-1
4263	-1
4264	-1
4265	5501750
4266	-1
4267	-1
4268	-1
4269	5505514
4270	-1
4271	-1
4272	-1
4273	5509278
4274	-1
4275	-1
4276	5513042
4277	-1
4278	-1
4279	-1
4280	5516806
4281	-1
4282	-1
4283	-1
4284	5520570
4285	-1
4286	-1
4287	-1
4288	5524334
4289	-1
4290	-1
4291	-1
4292	5528098
4293	-1
4294	-1
4295	5531862
4296	-1
4297	-1
4298	-1
4299	5535626
4300	-1
4301	-1
4302	-1
4303	5539390
4304	-1
4305	-1
4306	-1
4307	5543154
4308	-1
4309	-1
4310	5546918
4311	-1
4312	-1
4313	-1
4314	5550682
4315	-1
4316	-1
4317	-1
4318	5554446
4319	-1
4320	-1
4321	-1
4322	5558210
4323	-1
4324	-1
4325	5561974
4326	-1
4327	-1
4328	-1
4329	5565738
4330	-1
4331	-1
4332	-1
4333	5569502
4334	-1
4335	-1
4336	-1
4337	5573266
4338	-1
4339	-1
4340	5577030
4341	-1
4342	-1
4343	-1
4344	5580794
4345	-1
4346	-1
4347	-1
4348	5584558
4349	-1
4350	-1
4351	-1
4352	5588322
4353	-1
4354	-1
4355	5592086
4356	-1
4357	-1
4358	-1
4359	5595850
4360	-1
4361	-1
4362	-1
4363	5599614
4364	-1
4365	-1
4366	-1
4367	5603378
4368	-1
4369	-1
4370	-1
4371	5607142
4372	-1
4373	-1
4374	5610906
4375	-1
4376	-1
4377	-1
4378	5614670
4379	-1
4380	-1
4381	-1
4382	5618434
4383	-1
4384	-1
4385	-1
4386	5622198
4387	-1
4388	-1
4389	5625962
4390	-1
4391	-1
4392	-1
4393	5629726
4394	-1
4395	-1
4396	-1
4397	5633490
4398	-1
4399	-1
4400	-1
4401	5637254
4402	-1
4403	-1
4404	5641018
4405	-1
4406	-1
4407	-1
4408	5644782
4409	-1
4410	-1
4411	-1
4412	5648546
4413	-1
4414	-1
4415	-1
4416	5652310
4417	-1
4418	-1
4419	5656074
4420	-1
4421	-1
4422	-1
4423	5659838
4424	-1
4425	-1
4426	-1
4427	5663602
4428	-1
4429	-1
4430	-1
4431	5667366
4432	-1
4433	-1
4434	-1
4435	5671130
4436	-1
4437	-1
4438	5674894
4439	-1
4440	-1
4441	-1
4442	5678658
4443	-1
4444	-1
4445	-1
4446	5682422
4447	-1
4448	-1
4449	-1
4450	5686186
4451	-1
4452	-1
4453	5689950
4454	-1
4455	-1
4456	-1
4457	5693714
4458	-1
4459	-1
4460	-1
4461	5697478
4462	-1
4463	-1
4464	-1
4465	5701242
4466	-1
4467	-1
4468	5705006
4469	-1
4470	-1
4471	-1
4472	5708770
4473	-1
4474	-1
4475	-1
4476	5712534
4477	-1
4478	-1
4479	-1
4480	5716298
4481	-1
4482	-1
4483	5720062
4484	-1
4485	-1
4486	-1
4487	5723826
4488	-1
4489	-1
4490	-1
4491	5727590
4492	-1
4493	-1
4494	-1
4495	5731354
4496	-1
4497	-1
4498	-1
4499	5735118
4500	-1
4501	-1
4502	5738882
4503	-1
4504	-1
4505	-1
4506	5742646
4507	-1
4508	-1
4509	-1
4510	5746410
4511	-1
4512	-1
4513	-1
4514	5750174
4515	-1
4516	-1
4517	5753938
4518	-1
4519	-1
4520	-1
4521	5757702
4522	-1
4523	-1
4524	-1
4525	5761466
4526	-1
4527	-1
4528	-1
4529	5765230
4530	-1
4531	-1
4532	5768994
4533	-1
4534	-1
4535	-1
4536	5772758
4537	-1
4538	-1
4539	-1
4540	5776522
4541	-1
4542	-1
4543	-1
4544	5780286
4545	-1
4546	-1
4547	5784050
4548	-1
4549	-1
4550	-1
4551	5787814
4552	-1
4553	-1
4554	-1
4555	5791578
4556	-1
4557	-1
4558	-1
4559	5795342
4560	-1
4561	-1
4562	-1
4563	5799106
4564	-1
4565	-1
4566	5802870
4567	-1
4568	-1
4569	-1
4570	5806634
4571	-1
4572	-1
4573	-1
4574	5810398
4575	-1
4576	-1
4577	-1
4578	5814162
4579	-1
4580	-1
4581	5817926
4582	-1
4583	-1
4584	-1
4585	5821690
4586	-1
4587	-1
4588	-1
4589	5825454
4590	-1
4591	-1
4592	-1
4593	5829218
4594	-1
4595	-1
4596	5832982
4597	-1
4598	-1
4599	-1
4600	5836746
4601	-1
4602	-1
4603	-1
4604	5840510
4605	-1
4606	-1
4607	-1
4608	5844274
4609	-1
4610	-1
4611	5848038
4612	-1
4613	-1
4614	-1
4615	5851802
4616	-1
4617	-1
4618	-1
4619	5855566
4620	-1
4621	-1
4622	-1
4623	5859330
4624	-1
4625	-1
4626	-1
4627	5863094
4628	-1
4629	-1
4630	5866858
4631	-1
4632	-1
4633	-1
4634	5870622
4635	-1
4636	-1
4637	-1
4638	5874386
4639	-1
4640	-1
4641	-1
4642	5878150
4643	-1
4644	-1
4645	5881914
4646	-1
4647	-1
4648	-1
4649	5885678
4650	-1
4651	-1
4652	-1
4653	5889442
4654	-1
4655	-1
4656	-1
4657	5893206
4658	-1
4659	-1
4660	5896970
4661	-1
4662	-1
4663	-1
4664	5900734
4665	-1
4666	-1
4667	-1
4668	5904498
4669	-1
4670	-1
4671	-1
4672	5908262
4673	-1
4674	-1
4675	5912026
4676	-1
4677	-1
4678	-1
4679	5915790
4680	-1
4681	-1
4682	-1
4683	5919554
4684	-1
4685	-1
4686	-1
4687	5923318
4688	-1
4689	-1
4690	5927082
4691	-1
4692	-1
4693	-1
4694	5930846
4695	-1
4696	-1
4697	-1
4698	5934610
4699	-1
4700	-1
4701	-1
4702	5938374
4703	-1
4704	-1
4705	-1
4706	5942138
4707	-1
4708	-1
4709	5945902
4710	-1
4711	-1
4712	-1
4713	5949666
4714	-1
4715	-1
4716	-1
4717	5953430
4718	-1
4719	-1
4720	-1
4721	5957194
4722	-1
4723	-1
4724	5960958
4725	-1
4726	-1
4727	-1
4728	5964722
4729	-1
4730	-1
4731	-1
4732	5968486
4733	-1
4734	-1
4735	-1
4736	5972250
4737	-1
4738	-1
4739	5976014
4740	-1
4741	-1
4742	-1
4743	5979778
4744	-1
4745	-1
4746	-1
4747	5983542
4748	-1
4749	-1
4750	-1
4751	5987306
4752	-1
4753	-1
4754	5991070
4755	-1
4756	-1
4757	-1
4758	5994834
4759	-1
4760	-1
4761	-1
4762	5998598
4763	-1
4764	-1
4765	-1
4766	6002362
4767	-1
4768	-1
4769	-1
4770	6006126
4771	-1
4772	-1
4773	6009890
4774	-1
4775	-1
4776	-1
4777	6013654
4778	-1
4779	-1
4780	-1
4781	6017418
4782	-1
4783	-1
4784	-1
4785	6021182
4786	-1
4787	-1
4788	6024946
4789	-1
4790	-1
4791	-1
4792	6028710
4793	-1
4794	-1
4795	-1
4796	6032474
4797	-1
4798	-1
4799	-1
4800	6036238
4801	-1
4802	-1
4803	6040002
4804	-1
4805	-1
4806	-1
4807	6043766
4808	-1
4809	-1
4810	-1
4811	6047530
4812	-1
4813	-1
4814	-1
4815	6051294
4816	-1
4817	-1
4818	6055058
4819	-1
4820	-1
4821	-1
4822	6058822
4823	-1
4824	-1
4825	-1
4826	6062586
4827	-1
4828	-1
4829	-1
4830	6066350
4831	-1
4832	-1
4833	-1
4834	6070114
4835	-1
4836	-1
4837	6073878
4838	-1
4839	-1
4840	-1
4841	6077642
4842	-1
4843	-1
4844	-1
4845	6081406
4846	-1
4847	-1
4848	-1
4849	6085170
4850	-1
4851	-1
4852	6088934
4853	-1
4854	-1
4855	-1
4856	6092698
4857	-1
4858	-1
4859	-1
4860	6096462
4861	-1
4862	-1
4863	-1
4864	6100226
4865	-1
4866	-1
4867	6103990
4868	-1
4869	-1
4870	-1
4871	6107754
4872	-1
4873	-1
4874	-1
4875	6111518
4876	-1
4877	-1
4878	-1
4879	6115282
4880	-1
4881	-1
4882	6119046
4883	-1
4884	-1
4885	-1
4886	6122810
4887	-1
4888	-1
4889	-1
4890	6126574
4891	-1
4892	-1
4893	-1
4894	6130338
4895	-1
4896	-1
4897	-1
4898	6134102
4899	-1
4900	-1
4901	6137866
4902	-1
4903	-1
4904	-1
4905	6141630
4906	-1
4907	-1
4908	-1
4909	6145394
4910	-1
4911	-1
4912	-1
4913	6149158
4914	-1
4915	-1
4916	6152922
4917	-1
4918	-1
4919	-1
4920	6156686
4921	-1
4922	-1
4923	-1
4924	6160450
4925	-1
4926	-1
4927	-1
4928	6164214
4929	-1
4930	-1
4931	6167978
4932	-1
4933	-1
4934	-1
4935	6171742
4936	-1
4937	-1
4938	-1
4939	6175506
4940	-1
4941	-1
4942	-1
4943	6179270
4944	-1
4945	-1
4946	6183034
4947	-1
4948	-1
4949	-1
4950	6186798
4951	-1
4952	-1
4953	-1
4954	6190562
4955	-1
4956	-1
4957	-1
4958	6194326
4959	-1
4960	-1
4961	6198090
4962	-1
4963	-1
4964	-1
4965	6201854
4966	-1
4967	-1
4968	-1
4969	6205618
4970	-1
4971	-1
4972	-1
4973	6209382
4974	-1
4975	-1
4976	-1
4977	6213146
4978	-1
4979	-1
4980	6216910
4981	-1
4982	-1
4983	-1
4984	6220674
4985	-1
4986	-1
4987	-1
4988	6224438
4989	-1
4990	-1
4991	-1
4992	6228202
4993	-1
4994	-1
4995	6231966
4996	-1
4997	-1
4998	-1
4999	6235730
5000	-1
5001	-1
5002	-1
5003	6239494
5004	-1
5005	-1
5006	-1
5007	6243258
5008	-1
5009	-1
5010	6247022
5011	-1
5012	-1
5013	-1
5014	6250786
5015	-1
5016	-1
5017	-1
5018	6254550
5019	-1
5020	-1
5021	-1
5022	6258314
5023	-1
5024	-1
5025	6262078
5026	-1
5027	-1
5028	-1
5029	6265842
5030	-1
5031	-1
5032	-1
5033	6269606
5034	-1
5035	-1
5036	-1
5037	6273370
5038	-1
5039	-1
5040	-1
5041	6277134
5042	-1
5043	-1
5044	6280898
5045	-1
5046	-1
5047	-1
5048	6284662
5049	-1
5050	-1
5051	-1
5052	6288426
5053	-1
5054	-1
5055	-1
5056	6292190
5057	-1
5058	-1
5059	6295954
5060	-1
5061	-1
5062	-1
5063	6299718
5064	-1
5065	-1
5066	-1
5067	6303482
5068	-1
5069	-1
5070	-1
5071	6307246
5072	-1
5073	-1
5074	6311010
5075	-1
5076	-1
5077	-1
5078	6314774
5079	-1
5080	-1
5081	-1
5082	6318538
5083	-1
5084	-1
5085	-1
5086	6322302
5087	-1
5088	-1
5089	6326066
5090	-1
5091	-1
5092	-1
5093	6329830
5094	-1
5095	-1
5096	-1
5097	6333594
5098	-1
5099	-1
5100	-1
5101	6337358
5102	-1
5103	-1
5104	-1
5105	6341122
5106	-1
5107	-1
5108	6344886
5109	-1
5110	-1
5111	-1
5112	6348650
5113	-1
5114	-1
5115	-1
5116	6352414
5117	-1
5118	-1
5119	-1
5120	6356178
5121	-1
5122	-1
5123	6359942
5124	-1
5125	-1
5126	-1
5127	6363706
5128	-1
5129	-1
5130	-1
5131	6367470
5132	-1
5133	-1
5134	-1
5135	6371234
5136	-1
5137	-1
5138	6374998
5139	-1
5140	-1
5141	-1
5142	6378762
5143	-1
5144	-1
5145	-1
5146	6382526
5147	-1
5148	-1
5149	-1
5150	6386290
5151	-1
5152	-1
5153	6390054
5154	-1
5155	-1
5156	-1
5157	6393818
5158	-1
5159	-1
5160	-1
5161	6397582
5162	-1
5163	-1
5164	-1
5165	6401346
5166	-1
5167	-1
5168	-1
5169	6405110
5170	-1
5171	-1
5172	6408874
5173	-1
5174	-1
5175	-1
5176	6412638
5177	-1
5178	-1
5179	-1
5180	6416402
5181	-1
5182	-1
5183	-1
5184	6420166
5185	-1
5186	-1
5187	6423930
5188	-1
5189	-1
5190	-1
5191	6427694
5192	-1
5193	-1
5194	-1
5195	6431458
5196	-1
5197	-1
5198	-1
5199	6435222
5200	-1
5201	-1
5202	6438986
5203	-1
5204	-1
5205	-1
5206	6442750
5207	-1
5208	-1
5209	-1
5210	6446514
5211	-1
5212	-1
5213	-1
5214	6450278
5215	-1
5216	-1
5217	6454042
5218	-1
5219	-1
5220	-1
5221	6457806
5222	-1
5223	-1
5224	-1
5225	6461570
5226	-1
5227	-1
5228	-1
5229	6465334
5230	-1
5231	-1
5232	-1
5233	6469098
5234	-1
5235	-1
5236	6472862
5237	-1
5238	-1
5239	-1
5240	6476626
5241	-1
5242	-1
5243	-1
5244	6480390
5245	-1
5246	-1
5247	-1
5248	6484154
5249	-1
5250	-1
5251	6487918
5252	-1
5253	-1
5254	-1
5255	6491682
5256	-1
5257	-1
5258	-1
5259	6495446
5260	-1
5261	-1
5262	-1
5263	6499210
5264	-1
5265	-1
5266	6502974
5267	-1
5268	-1
5269	-1
5270	6506738
5271	-1
5272	-1
5273	-1
5274	6510502
5275	-1
5276	-1
5277	-1
5278	6514266
5279	-1
5280	-1
5281	6518030
5282	-1
5283	-1
5284	-1
5285	6521794
5286	-1
5287	-1
5288	-1
5289	6525558
5290	-1
5291	-1
5292	-1
5293	6529322
5294	-1
5295	-1
5296	6533086
5297	-1
5298	-1
5299	-1
5300	6536850
5301	-1
5302	-1
5303	-1
5304	6540614
5305	-1
5306	-1
5307	-1
5308	6544378
5309	-1
5310	-1
5311	-1
5312	6548142
5313	-1
5314	-1
5315	6551906
5316	-1
5317	-1
5318	-1
5319	6555670
5320	-1
5321	-1
5322	-1
5323	6559434
5324	-1
5325	-1
5326	-1
5327	6563198
5328	-1
5329	-1
5330	6566962
5331	-1
5332	-1
5333	-1
5334	6570726
5335	-1
5336	-1
5337	-1
5338	6574490
5339	-1
5340	-1
5341	-1
5342	6578254
5343	-1
5344	-1
5345	6582018
5346	-1
5347	-1
5348	-1
5349	6585782
5350	-1
5351	-1
5352	-1
5353	6589546
5354	-1
5355	-1
5356	-1
5357	6593310
5358	-1
5359	-1
5360	6597074
5361	-1
5362	-1
5363	-1
5364	6600838
5365	-1
5366	-1
5367	-1
5368	6604602
5369	-1
5370	-1
5371	-1
5372	6608366
5373	-1
5374	-1
5375	-1
5376	6612130
5377	-1
5378	-1
5379	6615894
5380	-1
5381	-1
5382	-1
5383	6619658
5384	-1
5385	-1
5386	-1
5387	6623422
5388	-1
5389	-1
5390	-1
5391	6627186
5392	-1
5393	-1
5394	6630950
5395	-1
5396	-1
5397	-1
5398	6634714
5399	-1
5400	-1
5401	-1
5402	6638478
5403	-1
5404	-1
5405	-1
5406	6642242
5407	-1
5408	-1
5409	6646006
5410	-1
5411	-1
5412	-1
5413	6649770
5414	-1
5415	-1
5416	-1
5417	6653534
5418	-1
5419	-1
5420	-1
5421	6657298
5422	-1
5423	-1
5424	6661062
5425	-1
5426	-1
5427	-1
5428	6664826
5429	-1
5430	-1
5431	-1
5432	6668590
5433	-1
5434	-1
5435	-1
5436	6672354
5437	-1
5438	-1
5439	-1
5440	6676118
5441	-1
5442	-1
5443	6679882
5444	-1
5445	-1
5446	-1
5447	6683646
5448	-1
5449	-1
5450	-1
5451	6687410
5452	-1
5453	-1
5454	-1
5455	6691174
5456	-1
5457	-1
5458	6694938
5459	-1
5460	-1
5461	-1
5462	6698702
5463	-1
5464	-1
5465	-1
5466	6702466
5467	-1
5468	-1
5469	-1
5470	6706230
5471	-1
5472	-1
5473	6709994
5474	-1
5475	-1
5476	-1
5477	6713758
5478	-1
5479	-1
5480	-1
5481	6717522
5482	-1
5483	-1
5484	-1
5485	6721286
5486	-1
5487	-1
5488	6725050
5489	-1
5490	-1
5491	-1
5492	6728814
5493	-1
5494	-1
5495	-1
5496	6732578
5497	-1
5498	-1
5499	-1
5500	6736342
5501	-1
5502	-1
5503	-1
5504	6740106
5505	-1
5506	-1
5507	6743870
5508	-1
5509	-1
5510	-1
5511	6747634
5512	-1
5513	-1
5514	-1
5515	6751398
5516	-1
5517	-1
5518	-1
5519	6755162
5520	-1
5521	-1
5522	6758926
5523	-1
5524	-1
5525	-1
5526	6762690
5527	-1
5528	-1
5529	-1
5530	6766454
5531	-1
5532	-1
5533	-1
5534	6770218
5535	-1
5536	-1
5537	6773982
5538	-1
5539	-1
5540	-1
5541	6777746
5542	-1
5543	-1
5544	-1
5545	6781510
5546	-1
5547	-1
5548	-1
5549	6785274
5550	-1
5551	-1
5552	6789038
5553	-1
5554	-1
5555	-1
5556	6792802
5557	-1
5558	-1
5559	-1
5560	6796566
5561	-1
5562	-1
5563	-1
5564	6800330
5565	-1
5566	-1
5567	-1
5568	6804094
5569	-1
5570	-1
5571	6807858
5572	-1
5573	-1
5574	-1
5575	6811622
5576	-1
5577	-1
5578	-1
5579	6815386
5580	-1
5581	-1
5582	-1
5583	6819150
5584	-1
5585	-1
5586	6822914
5587	-1
5588	-1
5589	-1
5590	6826678
5591	-1
5592	-1
5593	-1
5594	6830442
5595	-1
5596	-1
5597	-1
5598	6834206
5599	-1
5600	-1
5601	6837970
5602	-1
5603	-1
5604	-1
5605	6841734
5606	-1
5607	-1
5608	-1
5609	6845498
5610	-1
5611	-1
5612	-1
5613	6849262
5614	-1
5615	-1
5616	6853026
5617	-1
5618	-1
5619	-1
5620	6856790
5621	-1
5622	-1
5623	-1
5624	6860554
5625	-1
5626	-1
5627	-1
5628	6864318
5629	-1
5630	-1
5631	6868082
5632	-1
5633	-1
5634	-1
5635	6871846
5636	-1
5637	-1
5638	-1
5639	6875610
5640	-1
5641	-1
5642	-1
5643	6879374
5644	-1
5645	-1
5646	-1
5647	6883138
5648	-1
5649	-1
5650	6886902
5651	-1
5652	-1
5653	-1
5654	6890666
5655	-1
5656	-1
5657	-1
5658	6894430
5659	-1
5660	-1
5661	-1
5662	6898194
5663	-1
5664	-1
5665	6901958
5666	-1
5667	-1
5668	-1
5669	6905722
5670	-1
5671	-1
5672	-1
5673	6909486
5674	-1
5675	-1
5676	-1
5677	6913250
5678	-1
5679	-1
5680	6917014
5681	-1
5682	-1
5683	-1
5684	6920778
5685	-1
5686	-1
5687	-1
5688	6924542
5689	-1
5690	-1
5691	-1
5692	6928306
5693	-1
5694	-1
5695	6932070
5696	-1
5697	-1
5698	-1
5699	6935834
5700	-1
5701	-1
5702	-1
5703	6939598
5704	-1
5705	-1
5706	-1
5707	6943362
5708	-1
5709	-1
5710	-1
5711	6947126
5712	-1
5713	-1
5714	6950890
5715	-1
5716	-1
5717	-1
5718	6954654
5719	-1
5720	-1
5721	-1
5722	6958418
5723	-1
5724	-1
5725	-1
5726	6962182
5727	-1
5728	-1
5729	6965946
5730	-1
5731	-1
5732	-1
5733	6969710
5734	-1
5735	-1
5736	-1
5737	6973474
5738	-1
5739	-1
5740	-1
5741	6977238
5742	-1
5743	-1
5744	6981002
5745	-1
5746	-1
5747	-1
5748	6984766
5749	-1
5750	-1
5751	-1
5752	6988530
5753	-1
5754	-1
5755	-1
5756	6992294
5757	-1
5758	-1
5759	6996058
5760	-1
5761	-1
5762	-1
5763	6999822
5764	-1
5765	-1
5766	-1
5767	7003586
5768	-1
5769	-1
5770	-1
5771	7007350
5772	-1
5773	-1
5774	-1
5775	7011114
5776	-1
5777	-1
5778	7014878
5779	-1
5780	-1
5781	-1
5782	7018642
5783	-1
5784	-1
5785	-1
5786	7022406
5787	-1
5788	-1
5789	-1
5790	7026170
5791	-1
5792	-1
5793	7029934
5794	-1
5795	-1
5796	-1
5797	7033698
5798	-1
5799	-1
5800	-1
5801	7037462
5802	-1
5803	-1
5804	-1
5805	7041226
5806	-1
5807	-1
5808	7044990
5809	-1
5810	-1
5811	-1
5812	7048754
5813	-1
5814	-1
5815	-1
5816	7052518
5817	-1
5818	-1
5819	-1
5820	7056282
5821	-1
5822	-1
5823	7060046
5824	-1
5825	-1
5826	-1
5827	7063810
5828	-1
5829	-1
5830	-1
5831	7067574
5832	-1
5833	-1
5834	-1
5835	7071338
5836	-1
5837	-1
5838	-1
5839	7075102
5840	-1
5841	-1
5842	7078866
5843	-1
5844	-1
5845	-1
5846	7082630
5847	-1
5848	-1
5849	-1
5850	7086394
5851	-1
5852	-1
5853	-1
5854	7090158
5855	-1
5856	-1
5857	7093922
5858	-1
5859	-1
5860	-1
5861	7097686
5862	-1
5863	-1
5864	-1
5865	7101450
5866	-1
5867	-1
5868	-1
5869	7105214
5870	-1
5871	-1
5872	7108978
5873	-1
5874	-1
5875	-1
5876	7112742
5877	-1
5878	-1
5879	-1
5880	7116506
5881	-1
5882	-1
5883	-1
5884	7120270
5885	-1
5886	-1
5887	7124034
5888	-1
5889	-1
5890	-1
5891	7127798
5892	-1
5893	-1
5894	-1
5895	7131562
5896	-1
5897	-1
5898	-1
5899	7135326
5900	-1
5901	-1
5902	7139090
5903	-1
5904	-1
5905	-1
5906	7142854
5907	-1
5908	-1
5909	-1
5910	7146618
5911	-1
5912	-1
5913	-1
5914	7150382
5915	-1
5916	-1
5917	-1
5918	7154146
5919	-1
5920	-1
5921	7157910
5922	-1
5923	-1
5924	-1
5925	7161674
5926	-1
5927	-1
5928	-1
5929	7165438
5930	-1
5931	-1
5932	-1
5933	7169202
5934	-1
5935	-1
5936	7172966
5937	-1
5938	-1
5939	-1
5940	7176730
5941	-1
5942	-1
5943	-1
5944	7180494
5945	-1
5946	-1
5947	-1
5948	7184258
5949	-1
5950	-1
5951	7188022
5952	-1
5953	-1
5954	-1
5955	7191786
5956	-1
5957	-1
5958	-1
5959	7195550
5960	-1
5961	-1
5962	-1
5963	7199314
5964	-1
5965	-1
5966	7203078
5967	-1
5968	-1
5969	-1
5970	7206842
5971	-1
5972	-1
5973	-1
5974	7210606
5975	-1
5976	-1
5977	-1
5978	7214370
5979	-1
5980	-1
5981	-1
5982	7218134
5983	-1
5984	-1
5985	7221898
5986	-1
5987	-1
5988	-1
5989	7225662
5990	-1
5991	-1
5992	-1
5993	7229426
5994	-1
5995	-1
5996	-1
5997	7233190
5998	-1
5999	-1
6000	7236954
6001	-1
6002	-1
6003	-1
6004	7240718
6005	-1
6006	-1
6007	-1
6008	7244482
6009	-1
6010	-1
6011	-1
6012	7248246
6013	-1
6014	-1
6015	7252010
6016	-1
6017	-1
6018	-1
6019	7255774
6020	-1
6021	-1
6022	-1
6023	7259538
6024	-1
6025	-1
6026	-1
6027	7263302
6028	-1
6029	-1
6030	7267066
6031	-1
6032	-1
6033	-1
6034	7270830
6035	-1
6036	-1
6037	-1
6038	7274594
6039	-1
6040	-1
6041	-1
6042	7278358
6043	-1
6044	-1
6045	-1
6046	7282122
6047	-1
6048	-1
6049	7285886
6050	-1
6051	-1
6052	-1
6053	7289650
6054	-1
6055	-1
6056	-1
6057	7293414
6058	-1
6059	-1
6060	-1
6061	7297178
6062	-1
6063	-1
6064	7300942
6065	-1
6066	-1
6067	-1
6068	7304706
6069	-1
6070	-1
6071	-1
6072	7308470
6073	-1
6074	-1
6075	-1
6076	7312234
6077	-1
6078	-1
6079	7315998
6080	-1
6081	-1
6082	-1
6083	7319762
6084	-1
6085	-1
6086	-1
6087	7323526
6088	-1
6089	-1
6090	-1
6091	7327290
6092	-1
6093	-1
6094	7331054
6095	-1
6096	-1
6097	-1
6098	7334818
6099	-1
6100	-1
6101	-1
6102	7338582
6103	-1
6104	-1
6105	-1
6106	7342346
6107	-1
6108	-1
6109	-1
6110	7346110
6111	-1
6112	-1
6113	7349874
6114	-1
6115	-1
6116	-1
6117	7353638
6118	-1
6119	-1
6120	-1
6121	7357402
6122	-1
6123	-1
6124	-1
6125	7361166
6126	-1
6127	-1
6128	7364930
6129	-1
6130	-1
6131	-1
6132	7368694
6133	-1
6134	-1
6135	-1
6136	7372458
6137	-1
6138	-1
6139	-1
6140	7376222
6141	-1
6142	-1
6143	7379986
6144	-1
6145	-1
6146	-1
6147	7383750
6148	-1
6149	-1
6150	-1
6151	7387514
6152	-1
6153	-1
6154	-1
6155	7391278
6156	-1
6157	-1
6158	7395042
6159	-1
6160	-1
6161	-1
6162	7398806
6163	-1
6164	-1
6165	-1
6166	7402570
6167	-1
6168	-1
6169	-1
6170	7406334
6171	-1
6172	-1
6173	-1
6174	7410098
6175	-1
6176	-1
6177	7413862
6178	-1
6179	-1
6180	-1
6181	7417626
6182	-1
6183	-1
6184	-1
6185	7421390
6186	-1
6187	-1
6188	-1
6189	7425154
6190	-1
6191	-1
6192	7428918
6193	-1
6194	-1
6195	-1
6196	7432682
6197	-1
6198	-1
6199	-1
6200	7436446
6201	-1
6202	-1
6203	-1
6204	7440210
6205	-1
6206	-1
6207	7443974
6208	-1
6209	-1
6210	-1
6211	7447738
6212	-1
6213	-1
6214	-1
6215	7451502
6216	-1
6217	-1
6218	-1
6219	7455266
6220	-1
6221	-1
6222	7459030
6223	-1
6224	-1
6225	-1
6226	7462794
6227	-1
6228	-1
6229	-1
6230	7466558
6231	-1
6232	-1
6233	-1
6234	7470322
6235	-1
6236	-1
6237	7474086
6238	-1
6239	-1
6240	-1
6241	7477850
6242	-1
6243	-1
6244	-1
6245	7481614
6246	-1
6247	-1
6248	-1
6249	7485378
6250	-1
6251	-1
6252	-1
6253	7489142
6254	-1
6255	-1
6256	7492906
6257	-1
6258	-1
6259	-1
6260	7496670
6261	-1
6262	-1
6263	-1
6264	7500434
6265	-1
6266	-1
6267	-1
6268	7504198
6269	-1
6270	-1
6271	7507962
6272	-1
6273	-1
6274	-1
6275	7511726
6276	-1
6277	-1
6278	-1
6279	7515490
6280	-1
6281	-1
6282	-1
6283	7519254
6284	-1
6285	-1
6286	7523018
6287	-1
6288	-1
6289	-1
6290	7526782
6291	-1
6292	-1
6293	-1
6294	7530546
6295	-1
6296	-1
6297	-1
6298	7534310
6299	-1
6300	-1
6301	7538074
6302	-1
6303	-1
6304	-1
6305	7541838
6306	-1
6307	-1
6308	-1
6309	7545602
6310	-1
6311	-1
6312	-1
6313	7549366
6314	-1
6315	-1
6316	-1
6317	7553130
6318	-1
6319	-1
6320	7556894
6321	-1
6322	-1
6323	-1
6324	7560658
6325	-1
6326	-1
6327	-1
6328	7564422
6329	-1
6330	-1
6331	-1
6332	7568186
6333	-1
6334	-1
6335	7571950
6336	-1
6337	-1
6338	-1
6339	7575714
6340	-1
6341	-1
6342	-1
6343	7579478
6344	-1
6345	-1
6346	-1
6347	7583242
6348	-1
6349	-1
6350	7587006
6351	-1
6352	-1
6353	-1
6354	7590770
6355	-1
6356	-1
6357	-1
6358	7594534
6359	-1
6360	-1
6361	-1
6362	7598298
6363	-1
6364	-1
6365	7602062
6366	-1
6367	-1
6368	-1
6369	7605826
6370	-1
6371	-1
6372	-1
6373	7609590
6374	-1
6375	-1
6376	-1
6377	7613354
6378	-1
6379	-1
6380	-1
6381	7617118
6382	-1
6383	-1
6384	7620882
6385	-1
6386	-1
6387	-1
6388	7624646
6389	-1
6390	-1
6391	-1
6392	7628410
6393	-1
6394	-1
6395	-1
6396	7632174
6397	-1
6398	-1
6399	7635938
6400	-1
6401	-1
6402	-1
6403	7639702
6404	-1
6405	-1
6406	-1
6407	7643466
6408	-1
6409	-1
6410	-1
6411	7647230
6412	-1
6413	-1
6414	7650994
6415	-1
6416	-1
6417	-1
6418	7654758
6419	-1
6420	-1
6421	-1
6422	7658522
6423	-1
6424	-1
6425	-1
6426	7662286
6427	-1
6428	-1
6429	7666050
6430	-1
6431	-1
6432	-1
6433	7669814
6434	-1
6435	-1
6436	-1
6437	7673578
6438	-1
6439	-1
6440	-1
6441	7677342
6442	-1
6443	-1
6444	-1
6445	7681106
6446	-1
6447	-1
6448	7684870
6449	-1
6450	-1
6451	-1
6452	7688634
6453	-1
6454	-1
6455	-1
6456	7692398
6457	-1
6458	-1
6459	-1
6460	7696162
6461	-1
6462	-1
6463	7699926
6464	-1
6465	-1
6466	-1
6467	7703690
6468	-1
6469	-1
6470	-1
6471	7707454
6472	-1
6473	-1
6474	-1
6475	7711218
6476	-1
6477	-1
6478	7714982
6479	-1
6480	-1
6481	-1
6482	7718746
6483	-1
6484	-1
6485	-1
6486	7722510
6487	-1
6488	-1
6489	-1
6490	7726274
6491	-1
6492	-1
6493	7730038
6494	-1
6495	-1
6496	-1
6497	7733802
6498	-1
6499	-1
6500	-1
6501	7737566
6502	-1
6503	-1
6504	-1
6505	7741330
6506	-1
6507	-1
6508	-1
6509	7745094
6510	-1
6511	-1
6512	7748858
6513	-1
6514	-1
6515	-1
6516	7752622
6517	-1
6518	-1
6519	-1
6520	7756386
6521	-1
6522	-1
6523	-1
6524	7760150
6525	-1
6526	-1
6527	7763914
6528	-1
6529	-1
6530	-1
6531	7767678
6532	-1
6533	-1
6534	-1
6535	7771442
6536	-1
6537	-1
6538	-1
6539	7775206
6540	-1
6541	-1
6542	7778970
6543	-1
6544	-1
6545	-1
6546	7782734
6547	-1
6548	-1
6549	-1
6550	7786498
6551	-1
6552	-1
6553	-1
6554	7790262
6555	-1
6556	-1
6557	7794026
6558	-1
6559	-1
6560	-1
6561	7797790
6562	-1
6563	-1
6564	-1
6565	7801554
6566	-1
6567	-1
6568	-1
6569	7805318
6570	-1
6571	-1
6572	7809082
6573	-1
6574	-1
6575	-1
6576	7812846
6577	-1
6578	-1
6579	-1
6580	7816610
6581	-1
6582	-1
6583	-1
6584	7820374
6585	-1
6586	-1
6587	-1
6588	7824138
6589	-1
6590	-1
6591	7827902
6592	-1
6593	-1
6594	-1
6595	7831666
6596	-1
6597	-1
6598	-1
6599	7835430
6600	-1
6601	-1
6602	-1
6603	7839194
6604	-1
6605	-1
6606	7842958
6607	-1
6608	-1
6609	-1
6610	7846722
6611	-1
6612	-1
6613	-1
6614	7850486
6615	-1
6616	-1
6617	-1
6618	7854250
6619	-1
6620	-1
6621	7858014
6622	-1
6623	-1
6624	-1
6625	7861778
6626	-1
6627	-1
6628	-1
6629	7865542
6630	-1
6631	-1
6632	-1
6633	7869306
6634	-1
6635	-1
6636	7873070
6637	-1
6638	-1
6639	-1
6640	7876834
6641	-1
6642	-1
6643	-1
6644	7880598
6645	-1
6646	-1
6647	-1
6648	7884362
6649	-1
6650	-1
6651	-1
6652	7888126
6653	-1
6654	-1
6655	7891890
6656	-1
6657	-1
6658	-1
6659	7895654
6660	-1
6661	-1
6662	-1
6663	7899418
6664	-1
6665	-1
6666	-1
6667	7903182
6668	-1
6669	-1
6670	7906946
6671	-1
6672	-1
6673	-1
6674	7910710
6675	-1
6676	-1
6677	-1
6678	7914474
6679	-1
6680	-1
6681	-1
6682	7918238
6683	-1
6684	-1
6685	7922002
6686	-1
6687	-1
6688	-1
6689	7925766
6690	-1
6691	-1
6692	-1
6693	7929530
6694	-1
6695	-1
6696	-1
6697	7933294
6698	-1
6699	-1
6700	7937058
6701	-1
6702	-1
6703	-1
6704	7940822
6705	-1
6706	-1
6707	-1
6708	7944586
6709	-1
6710	-1
6711	-1
6712	7948350
6713	-1
6714	-1
6715	-1
6716	7952114
6717	-1
6718	-1
6719	7955878
6720	-1
6721	-1
6722	-1
6723	7959642
6724	-1
6725	-1
6726	-1
6727	7963406
6728	-1
6729	-1
6730	-1
6731	7967170
6732	-1
6733	-1
6734	7970934
6735	-1
6736	-1
6737	-1
6738	7974698
6739	-1
6740	-1
6741	-1
6742	7978462
6743	-1
6744	-1
6745	-1
6746	7982226
6747	-1
6748	-1
6749	7985990
6750	-1
6751	-1
6752	-1
6753	7989754
6754	-1
6755	-1
6756	-1
6757	7993518
6758	-1
6759	-1
6760	-1
6761	7997282
6762	-1
6763	-1
6764	8001046
6765	-1
6766	-1
6767	-1
6768	8004810
6769	-1
6770	-1
6771	-1
6772	8008574
6773	-1
6774	-1
6775	-1
6776	8012338
6777	-1
6778	-1
6779	-1
6780	8016102
6781	-1
6782	-1
6783	8019866
6784	-1
6785	-1
6786	-1
6787	8023630
6788	-1
6789	-1
6790	-1
6791	8027394
6792	-1
6793	-1
6794	-1
6795	8031158
6796	-1
6797	-1
6798	8034922
6799	-1
6800	-1
6801	-1
6802	8038686
6803	-1
6804	-1
6805	-1
6806	8042450
6807	-1
6808	-1
6809	-1
6810	8046214
6811	-1
6812	-1
6813	8049978
6814	-1
6815	-1
6816	-1
6817	8053742
6818	-1
6819	-1
6820	-1
6821	8057506
6822	-1
6823	-1
6824	-1
6825	8061270
6826	-1
6827	-1
6828	8065034
6829	-1
6830	-1
6831	-1
6832	8068798
6833	-1
6834	-1
6835	-1
6836	8072562
6837	-1
6838	-1
6839	-1
6840	8076326
6841	-1
6842	-1
6843	8080090
6844	-1
6845	-1
6846	-1
6847	8083854
6848	-1
6849	-1
6850	-1
6851	8087618
6852	-1
6853	-1
6854	-1
6855	8091382
6856	-1
6857	-1
6858	-1
6859	8095146
6860	-1
6861	-1
6862	8098910
6863	-1
6864	-1
6865	-1
6866	8102674
6867	-1
6868	-1
6869	-1
6870	8106438
6871	-1
6872	-1
6873	-1
6874	8110202
6875	-1
6876	-1
6877	8113966
6878	-1
6879	-1
6880	-1
6881	8117730
6882	-1
6883	-1
6884	-1
6885	8121494
6886	-1
6887	-1
6888	-1
6889	8125258
6890	-1
6891	-1
6892	8129022
6893	-1
6894	-1
6895	-1
6896	8132786
6897	-1
6898	-1
6899	-1
6900	8136550
6901	-1
6902	-1
6903	-1
6904	8140314
6905	-1
6906	-1
6907	8144078
6908	-1
6909	-1
6910	-1
6911	8147842
6912	-1
6913	-1
6914	-1
6915	8151606
6916	-1
6917	-1
6918	-1
6919	8155370
6920	-1
6921	-1
6922	-1
6923	8159134
6924	-1
6925	-1
6926	8162898
6927	-1
6928	-1
6929	-1
6930	8166662
6931	-1
6932	-1
6933	-1
6934	8170426
6935	-1
6936	-1
6937	-1
6938	8174190
6939	-1
6940	-1
6941	8177954
6942	-1
6943	-1
6944	-1
6945	8181718
6946	-1
6947	-1
6948	-1
6949	8185482
6950	-1
6951	-1
6952	-1
6953	8189246
6954	-1
6955	-1
6956	8193010
6957	-1
6958	-1
6959	-1
6960	8196774
6961	-1
6962	-1
6963	-1
6964	8200538
6965	-1
6966	-1
6967	-1
6968	8204302
6969	-1
6970	-1
6971	8208066
6972	-1
6973	-1
6974	-1
6975	8211830
6976	-1
6977	-1
6978	-1
6979	8215594
6980	-1
6981	-1
6982	-1
6983	8219358
6984	-1
6985	-1
6986	-1
6987	8223122
6988	-1
6989	-1
6990	8226886
6991	-1
6992	-1
6993	-1
6994	8230650
6995	-1
6996	-1
6997	-1
6998	8234414
6999	-1
7000	-1
7001	-1
7002	8238178
7003	-1
7004	-1
7005	8241942
7006	-1
7007	-1
7008	-1
7009	8245706
7010	-1
7011	-1
7012	-1
7013	8249470
7014	-1
7015	-1
7016	-1
7017	8253234
7018	-1
7019	-1
7020	8256998
7021	-1
7022	-1
7023	-1
7024	8260762
7025	-1
7026	-1
7027	-1
7028	8264526
7029	-1
7030	-1
7031	-1
7032	8268290
7033	-1
7034	-1
7035	8272054
7036	-1
7037	-1
7038	-1
7039	8275818
7040	-1
7041	-1
7042	-1
7043	8279582
7044	-1
7045	-1
7046	-1
7047	8283346
7048	-1
7049	-1
7050	-1
7051	8287110
7052	-1
7053	-1
7054	8290874
7055	-1
7056	-1
7057	-1
7058	8294638
7059	-1
7060	-1
7061	-1
7062	8298402
7063	-1
7064	-1
7065	-1
7066	8302166
7067	-1
7068	-1
7069	8305930
7070	-1
7071	-1
7072	-1
7073	8309694
7074	-1
7075	-1
7076	-1
7077	8313458
7078	-1
7079	-1
7080	-1
7081	8317222
7082	-1
7083	-1
7084	8320986
7085	-1
7086	-1
7087	-1
7088	8324750
7089	-1
7090	-1
7091	-1
7092	8328514
7093	-1
7094	-1
7095	-1
7096	8332278
7097	-1
7098	-1
7099	8336042
7100	-1
7101	-1
7102	-1
7103	8339806
7104	-1
7105	-1
7106	-1
7107	8343570
7108	-1
7109	-1
7110	-1
7111	8347334
7112	-1
7113	-1
7114	-1
7115	8351098
7116	-1
7117	-1
7118	8354862
7119	-1
7120	-1
7121	-1
7122	8358626
7123	-1
7124	-1
7125	-1
7126	8362390
7127	-1
7128	-1
7129	-1
7130	8366154
7131	-1
7132	-1
7133	8369918
7134	-1
7135	-1
7136	-1
7137	8373682
7138	-1
7139	-1
7140	-1
7141	8377446
7142	-1
7143	-1
7144	-1
7145	8381210
7146	-1
7147	-1
7148	8384974
7149	-1
7150	-1
7151	-1
7152	8388738
7153	-1
7154	-1
7155	-1
7156	8392502
7157	-1
7158	-1
7159	-1
7160	8396266
7161	-1
7162	-1
7163	8400030
7164	-1
7165	-1
7166	-1
7167	8403794
7168	-1
7169	-1
7170	-1
7171	8407558
7172	-1
7173	-1
7174	-1
7175	8411322
7176	-1
7177	-1
7178	8415086
7179	-1
7180	-1
7181	-1
7182	8418850
7183	-1
7184	-1
7185	-1
7186	8422614
7187	-1
7188	-1
7189	-1
7190	8426378
7191	-1
7192	-1
7193	-1
7194	8430142
7195	-1
7196	-1
7197	8433906
7198	-1
7199	-1
7200	-1
7201	8437670
7202	-1
7203	-1
7204	-1
7205	8441434
7206	-1
7207	-1
7208	-1
7209	8445198
7210	-1
7211	-1
7212	8448962
7213	-1
7214	-1
7215	-1
7216	8452726
7217	-1
7218	-1
7219	-1
7220	8456490
7221	-1
7222	-1
7223	-1
7224	8460254
7225	-1
7226	-1
7227	8464018
7228	-1
7229	-1
7230	-1
7231	8467782
7232	-1
7233	-1
7234	-1
7235	8471546
7236	-1
7237	-1
7238	-1
7239	8475310
7240	-1
7241	-1
7242	8479074
7243	-1
7244	-1
7245	-1
7246	8482838
7247	-1
7248	-1
7249	-1
7250	8486602
7251	-1
7252	-1
7253	-1
7254	8490366
7255	-1
7256	-1
7257	-1
7258	8494130
7259	-1
7260	-1
7261	8497894
7262	-1
7263	-1
7264	-1
7265	8501658
7266	-1
7267	-1
7268	-1
7269	8505422
7270	-1
7271	-1
7272	-1
7273	8509186
7274	-1
7275	-1
7276	8512950
7277	-1
7278	-1
7279	-1
7280	8516714
7281	-1
7282	-1
7283	-1
7284	8520478
7285	-1
7286	-1
7287	-1
7288	8524242
7289	-1
7290	-1
7291	8528006
7292	-1
7293	-1
7294	-1
7295	8531770
7296	-1
7297	-1
7298	-1
7299	8535534
7300	-1
7301	-1
7302	-1
7303	8539298
7304	-1
7305	-1
7306	8543062
7307	-1
7308	-1
7309	-1
7310	8546826
7311	-1
7312	-1
7313	-1
7314	8550590
7315	-1
7316	-1
7317	-1
7318	8554354
7319	-1
7320	-1
7321	-1
7322	8558118
7323	-1
7324	-1
7325	8561882
7326	-1
7327	-1
7328	-1
7329	8565646
7330	-1
7331	-1
7332	-1
7333	8569410
7334	-1
7335	-1
7336	-1
7337	8573174
7338	-1
7339	-1
7340	8576938
7341	-1
7342	-1
7343	-1
7344	8580702
7345	-1
7346	-1
7347	-1
7348	8584466
7349	-1
7350	-1
7351	-1
7352	8588230
7353	-1
7354	-1
7355	8591994
7356	-1
7357	-1
7358	-1
7359	8595758
7360	-1
7361	-1
7362	-1
7363	8599522
7364	-1
7365	-1
7366	-1
7367	8603286
7368	-1
7369	-1
7370	8607050
7371	-1
7372	-1
7373	-1
7374	8610814
7375	-1
7376	-1
7377	-1
7378	8614578
7379	-1
7380	-1
7381	-1
7382	8618342
7383	-1
7384	-1
7385	-1
7386	8622106
7387	-1
7388	-1
7389	8625870
7390	-1
7391	-1
7392	-1
7393	8629634
7394	-1
7395	-1
7396	-1
7397	8633398
7398	-1
7399	-1
7400	-1
7401	8637162
7402	-1
7403	-1
7404	8640926
7405	-1
7406	-1
7407	-1
7408	8644690
7409	-1
7410	-1
7411	-1
7412	8648454
7413	-1
7414	-1
7415	-1
7416	8652218
7417	-1
7418	-1
7419	8655982
7420	-1
7421	-1
7422	-1
7423	8659746
7424	-1
7425	-1
7426	-1
7427	8663510
7428	-1
7429	-1
7430	-1
7431	8667274
7432	-1
7433	-1
7434	8671038
7435	-1
7436	-1
7437	-1
7438	8674802
7439	-1
7440	-1
7441	-1
7442	8678566
7443	-1
7444	-1
7445	-1
7446	8682330
7447	-1
7448	-1
7449	-1
7450	8686094
7451	-1
7452	-1
7453	8689858
7454	-1
7455	-1
7456	-1
7457	8693622
7458	-1
7459	-1
7460	-1
7461	8697386
7462	-1
7463	-1
7464	-1
7465	8701150
7466	-1
7467	-1
7468	8704914
7469	-1
7470	-1
7471	-1
7472	8708678
7473	-1
7474	-1
7475	-1
7476	8712442
7477	-1
7478	-1
7479	-1
7480	8716206
7481	-1
7482	-1
7483	8719970
7484	-1
7485	-1
7486	-1
7487	8723734
7488	-1
7489	-1
7490	-1
7491	8727498
7492	-1
7493	-1
7494	-1
7495	8731262
7496	-1
7497	-1
7498	8735026
7499	-1
7500	-1
7501	-1
7502	8738790
7503	-1
7504	-1
7505	-1
7506	8742554
7507	-1
7508	-1
7509	-1
7510	8746318
7511	-1
7512	-1
7513	8750082
7514	-1
7515	-1
7516	-1
7517	8753846
7518	-1
7519	-1
7520	-1
7521	8757610
7522	-1
7523	-1
7524	-1
7525	8761374
7526	-1
7527	-1
7528	-1
7529	8765138
7530	-1
7531	-1
7532	8768902
7533	-1
7534	-1
7535	-1
7536	8772666
7537	-1
7538	-1
7539	-1
7540	8776430
7541	-1
7542	-1
7543	-1
7544	8780194
7545	-1
7546	-1
7547	8783958
7548	-1
7549	-1
7550	-1
7551	8787722
7552	-1
7553	-1
7554	-1
7555	8791486
7556	-1
7557	-1
7558	-1
7559	8795250
7560	-1
7561	-1
7562	8799014
7563	-1
7564	-1
7565	-1
7566	8802778
7567	-1
7568	-1
7569	-1
7570	8806542
7571	-1
7572	-1
7573	-1
7574	8810306
7575	-1
7576	-1
7577	8814070
7578	-1
7579	-1
7580	-1
7581	8817834
7582	-1
7583	-1
7584	-1
7585	8821598
7586	-1
7587	-1
7588	-1
7589	8825362
7590	-1
7591	-1
7592	-1
7593	8829126
7594	-1
7595	-1
7596	8832890
7597	-1
7598	-1
7599	-1
7600	8836654
7601	-1
7602	-1
7603	-1
7604	8840418
7605	-1
7606	-1
7607	-1
7608	8844182
7609	-1
7610	-1
7611	8847946
7612	-1
7613	-1
7614	-1
7615	8851710
7616	-1
7617	-1
7618	-1
7619	8855474
7620	-1
7621	-1
7622	-1
7623	8859238
7624	-1
7625	-1
7626	8863002
7627	-1
7628	-1
7629	-1
7630	8866766
7631	-1
7632	-1
7633	-1
7634	8870530
7635	-1
7636	-1
7637	-1
7638	8874294
7639	-1
7640	-1
7641	8878058
7642	-1
7643	-1
7644	-1
7645	8881822
7646	-1
7647	-1
7648	-1
7649	8885586
7650	-1
7651	-1
7652	-1
7653	8889350
7654	-1
7655	-1
7656	-1
7657	8893114
7658	-1
7659	-1
7660	8896878
7661	-1
7662	-1
7663	-1
7664	8900642
7665	-1
7666	-1
7667	-1
7668	8904406
7669	-1
7670	-1
7671	-1
7672	8908170
7673	-1
7674	-1
7675	8911934
7676	-1
7677	-1
7678	-1
7679	8915698
7680	-1
7681	-1
7682	-1
7683	8919462
7684	-1
7685	-1
7686	-1
7687	8923226
7688	-1
7689	-1
7690	8926990
7691	-1
7692	-1
7693	-1
7694	8930754
7695	-1
7696	-1
7697	-1
7698	8934518
7699	-1
7700	-1
7701	-1
7702	8938282
7703	-1
7704	-1
7705	8942046
7706	-1
7707	-1
7708	-1
7709	8945810
7710	-1
7711	-1
7712	-1
7713	8949574
7714	-1
7715	-1
7716	-1
7717	8953338
7718	-1
7719	-1
7720	-1
7721	8957102
7722	-1
7723	-1
7724	8960866
7725	-1
7726	-1
7727	-1
7728	8964630
7729	-1
7730	-1
7731	-1
7732	8968394
7733	-1
7734	-1
7735	-1
7736	8972158
7737	-1
7738	-1
7739	8975922
7740	-1
7741	-1
7742	-1
7743	8979686
7744	-1
7745	-1
7746	-1
7747	8983450
7748	-1
7749	-1
7750	-1
7751	8987214
7752	-1
7753	-1
7754	8990978
7755	-1
7756	-1
7757	-1
7758	8994742
7759	-1
7760	-1
7761	-1
7762	8998506
7763	-1
7764	-1
7765	-1
7766	9002270
7767	-1
7768	-1
7769	9006034
7770	-1
7771	-1
7772	-1
7773	9009798
7774	-1
7775	-1
7776	-1
7777	9013562
7778	-1
7779	-1
7780	-1
7781	9017326
7782	-1
7783	-1
7784	9021090
7785	-1
7786	-1
7787	-1
7788	9024854
7789	-1
7790	-1
7791	-1
7792	9028618
7793	-1
7794	-1
7795	-1
7796	9032382
7797	-1
7798	-1
7799	-1
7800	9036146
7801	-1
7802	-1
7803	9039910
7804	-1
7805	-1
7806	-1
7807	9043674
7808	-1
7809	-1
7810	-1
7811	9047438
7812	-1
7813	-1
7814	-1
7815	9051202
7816	-1
7817	-1
7818	9054966
7819	-1
7820	-1
7821	-1
7822	9058730
7823	-1
7824	-1
7825	-1
7826	9062494
7827	-1
7828	-1
7829	-1
7830	9066258
7831	-1
7832	-1
7833	9070022
7834	-1
7835	-1
7836	-1
7837	9073786
7838	-1
7839	-1
7840	-1
7841	9077550
7842	-1
7843	-1
7844	-1
7845	9081314
7846	-1
7847	-1
7848	9085078
7849	-1
7850	-1
7851	-1
7852	9088842
7853	-1
7854	-1
7855	-1
7856	9092606
7857	-1
7858	-1
7859	-1
7860	9096370
7861	-1
7862	-1
7863	-1
7864	9100134
7865	-1
7866	-1
7867	9103898
7868	-1
7869	-1
7870	-1
7871	9107662
7872	-1
7873	-1
7874	-1
7875	9111426
7876	-1
7877	-1
7878	-1
7879	9115190
7880	-1
7881	-1
7882	9118954
7883	-1
7884	-1
7885	-1
7886	9122718
7887	-1
7888	-1
7889	-1
7890	9126482
7891	-1
7892	-1
7893	-1
7894	9130246
7895	-1
7896	-1
7897	9134010
7898	-1
7899	-1
7900	-1
7901	9137774
7902	-1
7903	-1
7904	-1
7905	9141538
7906	-1
7907	-1
7908	-1
7909	9145302
7910	-1
7911	-1
7912	9149066
7913	-1
7914	-1
7915	-1
7916	9152830
7917	-1
7918	-1
7919	-1
7920	9156594
7921	-1
7922	-1
7923	-1
7924	9160358
7925	-1
7926	-1
7927	-1
7928	9164122
7929	-1
7930	-1
7931	9167886
7932	-1
7933	-1
7934	-1
7935	9171650
7936	-1
7937	-1
7938	-1
7939	9175414
7940	-1
7941	-1
7942	-1
7943	9179178
7944	-1
7945	-1
7946	9182942
7947	-1
7948	-1
7949	-1
7950	9186706
7951	-1
7952	-1
7953	-1
7954	9190470
7955	-1
7956	-1
7957	-1
7958	9194234
7959	-1
7960	-1
7961	9197998
7962	-1
7963	-1
7964	-1
7965	9201762
7966	-1
7967	-1
7968	-1
7969	9205526
7970	-1
7971	-1
7972	-1
7973	9209290
7974	-1
7975	-1
7976	9213054
7977	-1
7978	-1
7979	-1
7980	9216818
7981	-1
7982	-1
7983	-1
7984	9220582
7985	-1
7986	-1
7987	-1
7988	9224346
7989	-1
7990	-1
7991	-1
7992	9228110
7993	-1
7994	-1
7995	9231874
7996	-1
7997	-1
7998	-1
7999	9235638
8000	-1
8001	-1
8002	-1
8003	9239402
8004	-1
8005	-1
8006	-1
8007	9243166
8008	-1
8009	-1
8010	9246930
8011	-1
8012	-1
8013	-1
8014	9250694
8015	-1
8016	-1
8017	-1
8018	9254458
8019	-1
8020	-1
8021	-1
8022	9258222
8023	-1
8024	-1
8025	9261986
8026	-1
8027	-1
8028	-1
8029	9265750
8030	-1
8031	-1
8032	-1
8033	9269514
8034	-1
8035	-1
8036	-1
8037	9273278
8038	-1
8039	-1
8040	9277042
8041	-1
8042	-1
8043	-1
8044	9280806
8045	-1
8046	-1
8047	-1
8048	9284570
8049	-1
8050	-1
8051	-1
8052	9288334
8053	-1
8054	-1
8055	-1
8056	9292098
8057	-1
8058	-1
8059	9295862
8060	-1
8061	-1
8062	-1
8063	9299626
8064	-1
8065	-1
8066	-1
8067	9303390
8068	-1
8069	-1
8070	-1
8071	9307154
8072	-1
8073	-1
8074	9310918
8075	-1
8076	-1
8077	-1
8078	9314682
8079	-1
8080	-1
8081	-1
8082	9318446
8083	-1
8084	-1
8085	-1
8086	9322210
8087	-1
8088	-1
8089	9325974
8090	-1
8091	-1
8092	-1
8093	9329738
8094	-1
8095	-1
8096	-1
8097	9333502
8098	-1
8099	-1
8100	-1
8101	9337266
8102	-1
8103	-1
8104	9341030
8105	-1
8106	-1
8107	-1
8108	9344794
8109	-1
8110	-1
8111	-1
8112	9348558
8113	-1
8114	-1
8115	-1
8116	9352322
8117	-1
8118	-1
8119	9356086
8120	-1
8121	-1
8122	-1
8123	9359850
8124	-1
8125	-1
8126	-1
8127	9363614
8128	-1
8129	-1
8130	-1
8131	9367378
8132	-1
8133	-1
8134	-1
8135	9371142
8136	-1
8137	-1
8138	9374906
8139	-1
8140	-1
8141	-1
8142	9378670
8143	-1
8144	-1
8145	-1
8146	9382434
8147	-1
8148	-1
8149	-1
8150	9386198
8151	-1
8152	-1
8153	9389962
8154	-1
8155	-1
8156	-1
8157	9393726
8158	-1
8159	-1
8160	-1
8161	9397490
8162	-1
8163	-1
8164	-1
8165	9401254
8166	-1
8167	-1
8168	9405018
8169	-1
8170	-1
8171	-1
8172	9408782
8173	-1
8174	-1
8175	-1
8176	9412546
8177	-1
8178	-1
8179	-1
8180	9416310
8181	-1
8182	-1
8183	9420074
8184	-1
8185	-1
8186	-1
8187	9423838
8188	-1
8189	-1
8190	-1
8191	9427602
8192	-1
8193	-1
8194	-1
8195	9431366
8196	-1
8197	-1
8198	-1
8199	9435130
8200	-1
8201	-1
8202	9438894
8203	-1
8204	-1
8205	-1
8206	9442658
8207	-1
8208	-1
8209	-1
8210	9446422
8211	-1
8212	-1
8213	-1
8214	9450186
8215	-1
8216	-1
8217	9453950
8218	-1
8219	-1
8220	-1
8221	9457714
8222	-1
8223	-1
8224	-1
8225	9461478
8226	-1
8227	-1
8228	-1
8229	9465242
8230	-1
8231	-1
8232	9469006
8233	-1
8234	-1
8235	-1
8236	9472770
8237	-1
8238	-1
8239	-1
8240	9476534
8241	-1
8242	-1
8243	-1
8244	9480298
8245	-1
8246	-1
8247	9484062
8248	-1
8249	-1
8250	-1
8251	9487826
8252	-1
8253	-1
8254	-1
8255	9491590
8256	-1
8257	-1
8258	-1
8259	9495354
8260	-1
8261	-1
8262	-1
8263	9499118
8264	-1
8265	-1
8266	9502882
8267	-1
8268	-1
8269	-1
8270	9506646
8271	-1
8272	-1
8273	-1
8274	9510410
8275	-1
8276	-1
8277	-1
8278	9514174
8279	-1
8280	-1
8281	9517938
8282	-1
8283	-1
8284	-1
8285	9521702
8286	-1
8287	-1
8288	-1
8289	9525466
8290	-1
8291	-1
8292	-1
8293	9529230
8294	-1
8295	-1
8296	9532994
8297	-1
8298	-1
8299	-1
8300	9536758
8301	-1
8302	-1
8303	-1
8304	9540522
8305	-1
8306	-1
8307	-1
8308	9544286
8309	-1
8310	-1
8311	9548050
8312	-1
8313	-1
8314	-1
8315	9551814
8316	-1
8317	-1
8318	-1
8319	9555578
8320	-1
8321	-1
8322	-1
8323	9559342
8324	-1
8325	-1
8326	-1
8327	9563106
8328	-1
8329	-1
8330	9566870
8331	-1
8332	-1
8333	-1
8334	9570634
8335	-1
8336	-1
8337	-1
8338	9574398
8339	-1
8340	-1
8341	-1
8342	9578162
8343	-1
8344	-1
8345	9581926
8346	-1
8347	-1
8348	-1
8349	9585690
8350	-1
8351	-1
8352	-1
8353	9589454
8354	-1
8355	-1
8356	-1
8357	9593218
8358	-1
8359	-1
8360	9596982
8361	-1
8362	-1
8363	-1
8364	9600746
8365	-1
8366	-1
8367	-1
8368	9604510
8369	-1
8370	-1
8371	-1
8372	9608274
8373	-1
8374	-1
8375	9612038
8376	-1
8377	-1
8378	-1
8379	9615802
8380	-1
8381	-1
8382	-1
8383	9619566
8384	-1
8385	-1
8386	-1
8387	9623330
8388	-1
8389	-1
8390	-1
8391	9627094
8392	-1
8393	-1
8394	9630858
8395	-1
8396	-1
8397	-1
8398	9634622
8399	-1
8400	-1
8401	-1
8402	9638386
8403	-1
8404	-1
8405	-1
8406	9642150
8407	-1
8408	-1
8409	9645914
8410	-1
8411	-1
8412	-1
8413	9649678
8414	-1
8415	-1
8416	-1
8417	9653442
8418	-1
8419	-1
8420	-1
8421	9657206
8422	-1
8423	-1
8424	9660970
8425	-1
8426	-1
8427	-1
8428	9664734
8429	-1
8430	-1
8431	-1
8432	9668498
8433	-1
8434	-1
8435	-1
8436	9672262
8437	-1
8438	-1
8439	9676026
8440	-1
8441	-1
8442	-1
8443	9679790
8444	-1
8445	-1
8446	-1
8447	9683554
8448	-1
8449	-1
8450	-1
8451	9687318
8452	-1
8453	-1
8454	9691082
8455	-1
8456	-1
8457	-1
8458	9694846
8459	-1
8460	-1
8461	-1
8462	9698610
8463	-1
8464	-1
8465	-1
8466	9702374
8467	-1
8468	-1
8469	-1
8470	9706138
8471	-1
8472	-1
8473	9709902
8474	-1
8475	-1
8476	-1
8477	9713666
8478	-1
8479	-1
8480	-1
8481	9717430
8482	-1
8483	-1
8484	-1
8485	9721194
8486	-1
8487	-1
8488	9724958
8489	-1
8490	-1
8491	-1
8492	9728722
8493	-1
8494	-1
8495	-1
8496	9732486
8497	-1
8498	-1
8499	-1
8500	9736250
8501	-1
8502	-1
8503	9740014
8504	-1
8505	-1
8506	-1
8507	9743778
8508	-1
8509	-1
8510	-1
8511	9747542
8512	-1
8513	-1
8514	-1
8515	9751306
8516	-1
8517	-1
8518	9755070
8519	-1
8520	-1
8521	-1
8522	9758834
8523	-1
8524	-1
8525	-1
8526	9762598
8527	-1
8528	-1
8529	-1
8530	9766362
8531	-1
8532	-1
8533	-1
8534	9770126
8535	-1
8536	-1
8537	9773890
8538	-1
8539	-1
8540	-1
8541	9777654
8542	-1
8543	-1
8544	-1
8545	9781418
8546	-1
8547	-1
8548	-1
8549	9785182
8550	-1
8551	-1
8552	9788946
8553	-1
8554	-1
8555	-1
8556	9792710
8557	-1
8558	-1
8559	-1
8560	9796474
8561	-1
8562	-1
8563	-1
8564	9800238
8565	-1
8566	-1
8567	9804002
8568	-1
8569	-1
8570	-1
8571	9807766
8572	-1
8573	-1
8574	-1
8575	9811530
8576	-1
8577	-1
8578	-1
8579	9815294
8580	-1
8581	-1
8582	9819058
8583	-1
8584	-1
8585	-1
8586	9822822
8587	-1
8588	-1
8589	-1
8590	9826586
8591	-1
8592	-1
8593	-1
8594	9830350
8595	-1
8596	-1
8597	-1
8598	9834114
8599	-1
8600	-1
8601	9837878
8602	-1
8603	-1
8604	-1
8605	9841642
8606	-1
8607	-1
8608	-1
8609	9845406
8610	-1
8611	-1
8612	-1
8613	9849170
8614	-1
8615	-1
8616	9852934
8617	-1
8618	-1
8619	-1
8620	9856698
8621	-1
8622	-1
8623	-1
8624	9860462
8625	-1
8626	-1
8627	-1
8628	9864226
8629	-1
8630	-1
8631	9867990
8632	-1
8633	-1
8634	-1
8635	9871754
8636	-1
8637	-1
8638	-1
8639	9875518
8640	-1
8641	-1
8642	-1
8643	9879282
8644	-1
8645	-1
8646	9883046
8647	-1
8648	-1
8649	-1
8650	9886810
8651	-1
8652	-1
8653	-1
8654	9890574
8655	-1
8656	-1
8657	-1
8658	9894338
8659	-1
8660	-1
8661	-1
8662	9898102
8663	-1
8664	-1
8665	9901866
8666	-1
8667	-1
8668	-1
8669	9905630
8670	-1
8671	-1
8672	-1
8673	9909394
8674	-1
8675	-1
8676	-1
8677	9913158
8678	-1
8679	-1
8680	9916922
8681	-1
8682	-1
8683	-1
8684	9920686
8685	-1
8686	-1
8687	-1
8688	9924450
8689	-1
8690	-1
8691	-1
8692	9928214
8693	-1
8694	-1
8695	9931978
8696	-1
8697	-1
8698	-1
8699	9935742
8700	-1
8701	-1
8702	-1
8703	9939506
8704	-1
8705	-1
8706	-1
8707	9943270
8708	-1
8709	-1
8710	9947034
8711	-1
8712	-1
8713	-1
8714	9950798
8715	-1
8716	-1
8717	-1
8718	9954562
8719	-1
8720	-1
8721	-1
8722	9958326
8723	-1
8724	-1
8725	9962090
8726	-1
8727	-1
8728	-1
8729	9965854
8730	-1
8731	-1
8732	-1
8733	9969618
8734	-1
8735	-1
8736	-1
8737	9973382
8738	-1
8739	-1
8740	-1
8741	9977146
8742	-1
8743	-1
8744	9980910
8745	-1
8746	-1
8747	-1
8748	9984674
8749	-1
8750	-1
8751	-1
8752	9988438
8753	-1
8754	-1
8755	-1
8756	9992202
8757	-1
8758	-1
8759	9995966
8760	-1
8761	-1
8762	-1
8763	9999730
8764	-1
8765	-1
8766	-1
8767	-1
8768	-1
8769	-1
8770	-1
8771	-1
8772	-1
8773	-1
8774	-1
8775	-1
8776	-1
8777	-1
8778	-1
8779	-1
8780	-1
8781	-1
8782	-1
8783	-1
8784	-1
8785	-1
8786	-1
8787	-1
8788	-1
8789	-1
8790	-1
8791	-1
8792	-1
8793	-1
8794	-1
8795	-1
8796	-1
8797	-1
8798	-1
8799	-1
8800	-1
8801	-1
8802	-1
8803	-1
8804	-1
8805	-1
8806	-1
8807	-1
8808	-1
8809	-1
8810	-1
8811	-1
8812	-1
8813	-1
8814	-1
8815	-1
8816	-1
8817	-1
8818	-1
8819	-1
8820	-1
8821	-1
8822	-1
8823	-1
8824	-1
8825	-1
8826	-1
8827	-1
8828	-1
8829	-1
8830	-1
8831	-1
8832	-1
8833	-1
8834	-1
8835	-1
8836	-1
8837	-1
8838	-1
8839	-1
8840	-1
8841	-1
8842	-1
8843	-1
8844	-1
8845	-1
8846	-1
8847	-1
8848	-1
8849	-1
8850	-1
8851	-1
8852	-1
8853	-1
8854	-1
8855	-1
8856	-1
8857	-1
8858	-1
8859	-1
8860	-1
8861	-1
8862	-1
8863	-1
8864	-1
8865	-1
8866	-1
8867	-1
8868	-1
8869	-1
8870	-1
8871	-1
8872	-1
8873	-1
8874	-1
8875	-1
8876	-1
8877	-1
8878	-1
8879	-1
8880	-1
8881	-1
8882	-1
8883	-1
8884	-1
8885	-1
8886	-1
8887	-1
8888	-1
8889	-1
8890	-1
8891	-1
8892	-1
8893	-1
8894	-1
8895	-1
8896	-1
8897	-1
8898	-1
8899	-1
8900	-1
8901	-1
8902	-1
8903	-1
8904	-1
8905	-1
8906	-1
8907	-1
8908	-1
8909	-1
8910	-1
8911	-1
8912	-1
8913	-1
8914	-1
8915	-1
8916	-1
8917	-1
8918	-1
8919	-1
8920	-1
8921	-1
8922	-1
8923	-1
8924	-1
8925	-1
8926	-1
8927	-1
8928	-1
8929	-1
8930	-1
8931	-1
8932	-1
8933	-1
8934	-1
8935	-1
8936	-1
8937	-1
8938	-1
8939	-1
8940	-1
8941	-1
8942	-1
8943	-1
8944	-1
8945	-1
8946	-1
8947	-1
8948	-1
8949	-1
8950	-1
8951	-1
8952	-1
8953	-1
8954	-1
8955	-1
8956	-1
8957	-1
8958	-1
8959	-1
8960	-1
8961	-1
8962	-1
8963	-1
8964	-1
8965	-1
8966	-1
8967	-1
8968	-1
8969	-1
8970	-1
8971	-1
8972	-1
8973	-1
8974	-1
8975	-1
8976	-1
8977	-1
8978	-1
8979	-1
8980	-1
8981	-1
8982	-1
8983	-1
8984	-1
8985	-1
8986	-1
8987	-1
8988	-1
8989	-1
8990	-1
8991	-1
8992	-1
8993	-1
8994	-1
8995	-1
8996	-1
8997	-1
8998	-1
8999	-1
9000	-1
9001	-1
9002	-1
9003	-1
9004	-1
9005	-1
9006	-1
9007	-1
9008	-1
9009	-1
9010	-1
9011	-1
9012	-1
9013	-1
9014	-1
9015	-1
9016	-1
9017	-1
9018	-1
9019	-1
9020	-1
9021	-1
9022	-1
9023	-1
9024	-1
9025	-1
9026	-1
9027	-1
9028	-1
9029	-1
9030	-1
9031	-1
9032	-1
9033	-1
9034	-1
9035	-1
9036	-1
9037	-1
9038	-1
9039	-1
9040	-1
9041	-1
9042	-1
9043	-1
9044	-1
9045	-1
9046	-1
9047	-1
9048	-1
9049	-1
9050	-1
9051	-1
9052	-1
9053	-1
9054	-1
9055	-1
9056	-1
9057	-1
9058	-1
9059	-1
9060	-1
9061	-1
9062	-1
9063	-1
9064	-1
9065	-1
9066	-1
9067	-1
9068	-1
9069	-1
9070	-1
9071	-1
9072	-1
9073	-1
9074	-1
9075	-1
9076	-1
9077	-1
9078	-1
9079	-1
9080	-1
9081	-1
9082	-1
9083	-1
9084	-1
9085	-1
9086	-1
9087	-1
9088	-1
9089	-1
9090	-1
9091	-1
9092	-1
9093	-1
9094	-1
9095	-1
9096	-1
9097	-1
9098	-1
9099	-1
9100	-1
9101	-1
9102	-1
9103	-1
9104	-1
9105	-1
9106	-1
9107	-1
9108	-1
9109	-1
9110	-1
9111	-1
9112	-1
9113	-1
9114	-1
9115	-1
9116	-1
9117	-1
9118	-1
9119	-1
9120	-1
9121	-1
9122	-1
9123	-1
9124	-1
9125	-1
9126	-1
9127	-1
9128	-1
9129	-1
9130	-1
9131	-1
9132	-1
9133	-1
9134	-1
9135	-1
9136	-1
9137	-1
9138	-1
9139	-1
9140	-1
9141	-1
9142	-1
9143	-1
9144	-1
9145	-1
9146	-1
9147	-1
9148	-1
9149	-1
9150	-1
9151	-1
9152	-1
9153	-1
9154	-1
9155	-1
9156	-1
9157	-1
9158	-1
9159	-1
9160	-1
9161	-1
9162	-1
9163	-1
9164	-1
9165	-1
9166	-1
9167	-1
9168	-1
9169	-1
9170	-1
9171	-1
9172	-1
9173	-1
9174	-1
9175	-1
9176	-1
9177	-1
9178	-1
9179	-1
9180	-1
9181	-1
9182	-1
9183	-1
9184	-1
9185	-1
9186	-1
9187	-1
9188	-1
9189	-1
9190	-1
9191	-1
9192	-1
9193	-1
9194	-1
9195	-1
9196	-1
9197	-1
9198	-1
9199	-1
9200	-1
9201	-1
9202	-1
9203	-1
9204	-1
9205	-1
9206	-1
9207	-1
9208	-1
9209	-1
9210	-1
9211	-1
9212	-1
9213	-1
9214	-1
9215	-1
9216	-1
9217	-1
9218	-1
9219	-1
9220	-1
9221	-1
9222	-1
9223	-1
9224	-1
9225	-1
9226	-1
9227	-1
9228	-1
9229	-1
9230	-1
9231	-1
9232	-1
9233	-1
9234	-1
9235	-1
9236	-1
9237	-1
9238	-1
9239	-1
9240	-1
9241	-1
9242	-1
9243	-1
9244	-1
9245	-1
9246	-1
9247	-1
9248	-1
9249	-1
9250	-1
9251	-1
9252	-1
9253	-1
9254	-1
9255	-1
9256	-1
9257	-1
9258	-1
9259	-1
9260	-1
9261	-1
9262	-1
9263	-1
9264	-1
9265	-1
9266	-1
9267	-1
9268	-1
9269	-1
9270	-1
9271	-1
9272	-1
9273	-1
9274	-1
9275	-1
9276	-1
9277	-1
9278	-1
9279	-1
9280	-1
9281	-1
9282	-1
9283	-1
9284	-1
9285	-1
9286	-1
9287	-1
9288	-1
9289	-1
9290	-1
9291	-1
9292	-1
9293	-1
9294	-1
9295	-1
9296	-1
9297	-1
9298	-1
9299	-1
9300	-1
9301	-1
9302	-1
9303	-1
9304	-1
9305	-1
9306	-1
9307	-1
9308	-1
9309	-1
9310	-1
9311	-1
9312	-1
9313	-1
9314	-1
9315	-1
9316	-1
9317	-1
9318	-1
9319	-1
9320	-1
9321	-1
9322	-1
9323	-1
9324	-1
9325	-1
9326	-1
9327	-1
9328	-1
9329	-1
9330	-1
9331	-1
9332	-1
9333	-1
9334	-1
9335	-1
9336	-1
9337	-1
9338	-1
9339	-1
9340	-1
9341	-1
9342	-1
9343	-1
9344	-1
9345	-1
9346	-1
9347	-1
9348	-1
9349	-1
9350	-1
9351	-1
9352	-1
9353	-1
9354	-1
9355	-1
9356	-1
9357	-1
9358	-1
9359	-1
9360	-1
9361	-1
9362	-1
9363	-1
9364	-1
9365	-1
9366	-1
9367	-1
9368	-1
9369	-1
9370	-1
9371	-1
9372	-1
9373	-1
9374	-1
9375	-1
9376	-1
9377	-1
9378	-1
9379	-1
9380	-1
9381	-1
9382	-1
9383	-1
9384	-1
9385	-1
9386	-1
9387	-1
9388	-1
9389	-1
9390	-1
9391	-1
9392	-1
9393	-1
9394	-1
9395	-1
9396	-1
9397	-1
9398	-1
9399	-1
9400	-1
9401	-1
9402	-1
9403	-1
9404	-1
9405	-1
9406	-1
9407	-1
9408	-1
9409	-1
9410	-1
9411	-1
9412	-1
9413	-1
9414	-1
9415	-1
9416	-1
9417	-1
9418	-1
9419	-1
9420	-1
9421	-1
9422	-1
9423	-1
9424	-1
9425	-1
9426	-1
9427	-1
9428	-1
9429	-1
9430	-1
9431	-1
9432	-1
9433	-1
9434	-1
9435	-1
9436	-1
9437	-1
9438	-1
9439	-1
9440	-1
9441	-1
9442	-1
9443	-1
9444	-1
9445	-1
9446	-1
9447	-1
9448	-1
9449	-1
9450	-1
9451	-1
9452	-1
9453	-1
9454	-1
9455	-1
9456	-1
9457	-1
9458	-1
9459	-1
9460	-1
9461	-1
9462	-1
9463	-1
9464	-1
9465	-1
9466	-1
9467	-1
9468	-1
9469	-1
9470	-1
9471	-1
9472	-1
9473	-1
9474	-1
9475	-1
9476	-1
9477	-1
9478	-1
9479	-1
9480	-1
9481	-1
9482	-1
9483	-1
9484	-1
9485	-1
9486	-1
9487	-1
9488	-1
9489	-1
9490	-1
9491	-1
9492	-1
9493	-1
9494	-1
9495	-1
9496	-1
9497	-1
9498	-1
9499	-1
9500	-1
9501	-1
9502	-1
9503	-1
9504	-1
9505	-1
9506	-1
9507	-1
9508	-1
9509	-1
9510	-1
9511	-1
9512	-1
9513	-1
9514	-1
9515	-1
9516	-1
9517	-1
9518	-1
9519	-1
9520	-1
9521	-1
9522	-1
9523	-1
9524	-1
9525	-1
9526	-1
9527	-1
9528	-1
9529	-1
9530	-1
9531	-1
9532	-1
9533	-1
9534	-1
9535	-1
9536	-1
9537	-1
9538	-1
9539	-1
9540	-1
9541	-1
9542	-1
9543	-1
9544	-1
9545	-1
9546	-1
9547	-1
9548	-1
9549	-1
9550	-1
9551	-1
9552	-1
9553	-1
9554	-1
9555	-1
9556	-1
9557	-1
9558	-1
9559	-1
9560	-1
9561	-1
9562	-1
9563	-1
9564	-1
9565	-1
9566	-1
9567	-1
9568	-1
9569	-1
9570	-1
9571	-1
9572	-1
9573	-1
9574	-1
9575	-1
9576	-1
9577	-1
9578	-1
9579	-1
9580	-1
9581	-1
9582	-1
9583	-1
9584	-1
9585	-1
9586	-1
9587	-1
9588	-1
9589	-1
9590	-1
9591	-1
9592	-1
9593	-1
9594	-1
9595	-1
9596	-1
9597	-1
9598	-1
9599	-1
9600	-1
9601	-1
9602	-1
9603	-1
9604	-1
9605	-1
9606	-1
9607	-1
9608	-1
9609	-1
9610	-1
9611	-1
9612	-1
9613	-1
9614	-1
9615	-1
9616	-1
9617	-1
9618	-1
9619	-1
9620	-1
9621	-1
9622	-1
9623	-1
9624	-1
9625	-1
9626	-1
9627	-1
9628	-1
9629	-1
9630	-1
9631	-1
9632	-1
9633	-1
9634	-1
9635	-1
9636	-1
9637	-1
9638	-1
9639	-1
9640	-1
9641	-1
9642	-1
9643	-1
9644	-1
9645	-1
9646	-1
9647	-1
9648	-1
9649	-1
9650	-1
9651	-1
9652	-1
9653	-1
9654	-1
9655	-1
9656	-1
9657	-1
9658	-1
9659	-1
9660	-1
9661	-1
9662	-1
9663	-1
9664	-1
9665	-1
9666	-1
9667	-1
9668	-1
9669	-1
9670	-1
9671	-1
9672	-1
9673	-1
9674	-1
9675	-1
9676	-1
9677	-1
9678	-1
9679	-1
9680	-1
9681	-1
9682	-1
9683	-1
9684	-1
9685	-1
9686	-1
9687	-1
9688	-1
9689	-1
9690	-1
9691	-1
9692	-1
9693	-1
9694	-1
9695	-1
9696	-1
9697	-1
9698	-1
9699	-1
9700	-1
9701	-1
9702	-1
9703	-1
9704	-1
9705	-1
9706	-1
9707	-1
9708	-1
9709	-1
9710	-1
9711	-1
9712	-1
9713	-1
9714	-1
9715	-1
9716	-1
9717	-1
9718	-1
9719	-1
9720	-1
9721	-1
9722	-1
9723	-1
9724	-1
9725	-1
9726	-1
9727	-1
9728	-1
9729	-1
9730	-1
9731	-1
9732	-1
9733	-1
9734	-1
9735	-1
9736	-1
9737	-1
9738	-1
9739	-1
9740	-1
9741	-1
9742	-1
9743	-1
9744	-1
9745	-1
9746	-1
9747	-1
9748	-1
9749	-1
9750	-1
9751	-1
9752	-1
9753	-1
9754	-1
9755	-1
9756	-1
9757	-1
9758	-1
9759	-1
9760	-1
9761	-1
9762	-1
9763	-1
9764	-1
9765	-1
9766	-1
9767	-1
9768	-1
9769	-1
9770	-1
9771	-1
9772	-1
9773	-1
9774	-1
9775	-1
9776	-1
9777	-1
9778	-1
9779	-1
9780	-1
9781	-1
9782	-1
9783	-1
9784	-1
9785	-1
9786	-1
9787	-1
9788	-1
9789	-1
9790	-1
9791	-1
9792	-1
9793	-1
9794	-1
9795	-1
9796	-1
9797	-1
9798	-1
9799	-1
9800	-1
9801	-1
9802	-1
9803	-1
9804	-1
9805	-1
9806	-1
9807	-1
9808	-1
9809	-1
9810	-1
9811	-1
9812	-1
9813	-1
9814	-1
9815	-1
9816	-1
9817	-1
9818	-1
9819	-1
9820	-1
9821	-1
9822	-1
9823	-1
9824	-1
9825	-1
9826	-1
9827	-1
9828	-1
9829	-1
9830	-1
9831	-1
9832	-1
9833	-1
9834	-1
9835	-1
9836	-1
9837	-1
9838	-1
9839	-1
9840	-1
9841	-1
9842	-1
9843	-1
9844	-1
9845	-1
9846	-1
9847	-1
9848	-1
9849	-1
9850	-1
9851	-1
9852	-1
9853	-1
9854	-1
9855	-1
9856	-1
9857	-1
9858	-1
9859	-1
9860	-1
9861	-1
9862	-1
9863	-1
9864	-1
9865	-1
9866	-1
9867	-1
9868	-1
9869	-1
9870	-1
9871	-1
9872	-1
9873	-1
9874	-1
9875	-1
9876	-1
9877	-1
9878	-1
9879	-1
9880	-1
9881	-1
9882	-1
9883	-1
9884	-1
9885	-1
9886	-1
9887	-1
9888	-1
9889	-1
9890	-1
9891	-1
9892	-1
9893	-1
9894	-1
9895	-1
9896	-1
9897	-1
9898	-1
9899	-1
9900	-1
9901	-1
9902	-1
9903	-1
9904	-1
9905	-1
9906	-1
9907	-1
9908	-1
9909	-1
9910	-1
9911	-1
9912	-1
9913	-1
9914	-1
9915	-1
9916	-1
9917	-1
9918	-1
9919	-1
9920	-1
9921	-1
9922	-1
9923	-1
9924	-1
9925	-1
9926	-1
9927	-1
9928	-1
9929	-1
9930	-1
9931	-1
9932	-1
9933	-1
9934	-1
9935	-1
9936	-1
9937	-1
9938	-1
9939	-1
9940	-1
9941	-1
9942	-1
9943	-1
9944	-1
9945	-1
9946	-1
9947	-1
9948	-1
9949	-1
9950	-1
9951	-1
9952	-1
9953	-1
9954	-1
9955	-1
9956	-1
9957	-1
9958	-1
9959	-1
9960	-1
9961	-1
9962	-1
9963	-1
9964	-1
9965	-1
9966	-1
9967	-1
9968	-1
9969	-1
9970	-1
9971	-1
9972	-1
9973	-1
9974	-1
9975	-1
9976	-1
9977	-1
9978	-1
9979	-1
9980	-1
9981	-1
9982	-1
9983	-1
9984	-1
9985	-1
9986	-1
9987	-1
9988	-1
9989	-1
9990	-1
9991	-1
9992	-1
9993	-1
9994	-1
9995	-1
9996	-1
9997	-1
9998	-1
9999	-1
