0	1009058
1	1011222
2	-1
3	1013386
4	-1
5	1015550
6	-1
7	1017714
8	-1
9	1019878
10	-1
11	1022042
12	-1
13	-1
14	1024206
15	-1
16	1026370
17	-1
18	1028534
19	-1
20	1030698
21	-1
22	1032862
23	-1
24	1035026
25	-1
26	-1
27	1037190
28	-1
29	1039354
30	-1
31	1041518
32	-1
33	1043682
34	-1
35	1045846
36	-1
37	1048010
38	-1
39	1050174
40	-1
41	-1
42	1052338
43	-1
44	1054502
45	-1
46	1056666
47	-1
48	1058830
49	-1
50	1060994
51	-1
52	1063158
53	-1
54	-1
55	1065322
56	-1
57	1067486
58	-1
59	1069650
60	-1
61	1071814
62	-1
63	1073978
64	-1
65	1076142
66	-1
67	-1
68	1078306
69	-1
70	1080470
71	-1
72	1082634
73	-1
74	1084798
75	-1
76	1086962
77	-1
78	1089126
79	-1
80	-1
81	1091290
82	-1
83	1093454
84	-1
85	1095618
86	-1
87	1097782
88	-1
89	1099946
90	-1
91	1102110
92	-1
93	-1
94	1104274
95	-1
96	1106438
97	-1
98	1108602
99	-1
100	1110766
101	-1
102	1112930
103	-1
104	1115094
105	-1
106	-1
107	1117258
108	-1
109	1119422
110	-1
111	1121586
112	-1
113	1123750
114	-1
115	1125914
116	-1
117	1128078
118	-1
119	-1
120	1130242
121	-1
122	1132406
123	-1
124	1134570
125	-1
126	1136734
127	-1
128	1138898
129	-1
130	1141062
131	-1
132	-1
133	1143226
134	-1
135	1145390
136	-1
137	1147554
138	-1
139	1149718
140	-1
141	1151882
142	-1
143	1154046
144	-1
145	-1
146	1156210
147	-1
148	1158374
149	-1
150	1160538
151	-1
152	1162702
153	-1
154	1164866
155	-1
156	1167030
157	-1
158	-1
159	1169194
160	-1
161	1171358
162	-1
163	1173522
164	-1
165	1175686
166	-1
167	1177850
168	-1
169	1180014
170	-1
171	-1
172	1182178
173	-1
174	1184342
175	-1
176	1186506
177	-1
178	1188670
179	-1
180	1190834
181	-1
182	1192998
183	-1
184	1195162
185	-1
186	-1
187	1197326
188	-1
189	1199490
190	-1
191	1201654
192	-1
193	1203818
194	-1
195	1205982
196	-1
197	1208146
198	-1
199	-1
200	1210310
201	-1
202	1212474
203	-1
204	1214638
205	-1
206	1216802
207	-1
208	1218966
209	-1
210	1221130
211	-1
212	-1
213	1223294
214	-1
215	1225458
216	-1
217	1227622
218	-1
219	1229786
220	-1
221	1231950
222	-1
223	1234114
224	-1
225	-1
226	1236278
227	-1
228	1238442
229	-1
230	1240606
231	-1
232	1242770
233	-1
234	1244934
235	-1
236	1247098
237	-1
238	-1
239	1249262
240	-1
241	1251426
242	-1
243	1253590
244	-1
245	1255754
246	-1
247	1257918
248	-1
249	1260082
250	-1
251	-1
252	1262246
253	-1
254	1264410
255	-1
256	1266574
257	-1
258	1268738
259	-1
260	1270902
261	-1
262	1273066
263	-1
264	-1
265	1275230
266	-1
267	1277394
268	-1
269	1279558
270	-1
271	1281722
272	-1
273	1283886
274	-1
275	1286050
276	-1
277	-1
278	1288214
279	-1
280	1290378
281	-1
282	1292542
283	-1
284	1294706
285	-1
286	1296870
287	-1
288	1299034
289	-1
290	-1
291	1301198
292	-1
293	1303362
294	-1
295	1305526
296	-1
297	1307690
298	-1
299	1309854
300	-1
301	1312018
302	-1
303	-1
304	1314182
305	-1
306	1316346
307	-1
308	1318510
309	-1
310	1320674
311	-1
312	1322838
313	-1
314	1325002
315	-1
316	1327166
317	-1
318	-1
319	1329330
320	-1
321	1331494
322	-1
323	1333658
324	-1
325	1335822
326	-1
327	1337986
328	-1
329	1340150
330	-1
331	-1
332	1342314
333	-1
334	1344478
335	-1
336	1346642
337	-1
338	1348806
339	-1
340	1350970
341	-1
342	1353134
343	-1
344	-1
345	1355298
346	-1
347	1357462
348	-1
349	1359626
350	-1
351	1361790
352	-1
353	1363954
354	-1
355	1366118
356	-1
357	-1
358	1368282
359	-1
360	1370446
361	-1
362	1372610
363	-1
364	1374774
365	-1
366	1376938
367	-1
368	1379102
369	-1
370	-1
371	1381266
372	-1
373	1383430
374	-1
375	1385594
376	-1
377	1387758
378	-1
379	1389922
380	-1
381	1392086
382	-1
383	-1
384	1394250
385	-1
386	1396414
387	-1
388	1398578
389	-1
390	1400742
391	-1
392	1402906
393	-1
394	1405070
395	-1
396	-1
397	1407234
398	-1
399	1409398
400	-1
401	1411562
402	-1
403	1413726
404	-1
405	1415890
406	-1
407	1418054
408	-1
409	-1
410	1420218
411	-1
412	1422382
413	-1
414	1424546
415	-1
416	1426710
417	-1
418	1428874
419	-1
420	1431038
421	-1
422	-1
423	1433202
424	-1
425	1435366
426	-1
427	1437530
428	-1
429	1439694
430	-1
431	1441858
432	-1
433	1444022
434	-1
435	-1
436	1446186
437	-1
438	1448350
439	-1
440	1450514
441	-1
442	1452678
443	-1
444	1454842
445	-1
446	1457006
447	-1
448	1459170
449	-1
450	-1
451	1461334
452	-1
453	1463498
454	-1
455	1465662
456	-1
457	1467826
458	-1
459	1469990
460	-1
461	1472154
462	-1
463	-1
464	1474318
465	-1
466	1476482
467	-1
468	1478646
469	-1
470	1480810
471	-1
472	1482974
473	-1
474	1485138
475	-1
476	-1
477	1487302
478	-1
479	1489466
480	-1
481	1491630
482	-1
483	1493794
484	-1
485	1495958
486	-1
487	1498122
488	-1
489	-1
490	1500286
491	-1
492	1502450
493	-1
494	1504614
495	-1
496	1506778
497	-1
498	1508942
499	-1
500	1511106
501	-1
502	-1
503	1513270
504	-1
505	1515434
506	-1
507	1517598
508	-1
509	1519762
510	-1
511	1521926
512	-1
513	1524090
514	-1
515	-1
516	1526254
517	-1
518	1528418
519	-1
520	1530582
521	-1
522	1532746
523	-1
524	1534910
525	-1
526	1537074
527	-1
528	-1
529	1539238
530	-1
531	1541402
532	-1
533	1543566
534	-1
535	1545730
536	-1
537	1547894
538	-1
539	1550058
540	-1
541	-1
542	1552222
543	-1
544	1554386
545	-1
546	1556550
547	-1
548	1558714
549	-1
550	1560878
551	-1
552	1563042
553	-1
554	-1
555	1565206
556	-1
557	1567370
558	-1
559	1569534
560	-1
561	1571698
562	-1
563	1573862
564	-1
565	1576026
566	-1
567	-1
568	1578190
569	-1
570	1580354
571	-1
572	1582518
573	-1
574	1584682
575	-1
576	1586846
577	-1
578	1589010
579	-1
580	1591174
581	-1
582	-1
583	1593338
584	-1
585	1595502
586	-1
587	1597666
588	-1
589	1599830
590	-1
591	1601994
592	-1
593	1604158
594	-1
595	-1
596	1606322
597	-1
598	1608486
599	-1
600	1610650
601	-1
602	1612814
603	-1
604	1614978
605	-1
606	1617142
607	-1
608	-1
609	1619306
610	-1
611	1621470
612	-1
613	1623634
614	-1
615	1625798
616	-1
617	1627962
618	-1
619	1630126
620	-1
621	-1
622	1632290
623	-1
624	1634454
625	-1
626	1636618
627	-1
628	1638782
629	-1
630	1640946
631	-1
632	1643110
633	-1
634	-1
635	1645274
636	-1
637	1647438
638	-1
639	1649602
640	-1
641	1651766
642	-1
643	1653930
644	-1
645	1656094
646	-1
647	-1
648	1658258
649	-1
650	1660422
651	-1
652	1662586
653	-1
654	1664750
655	-1
656	1666914
657	-1
658	1669078
659	-1
660	-1
661	1671242
662	-1
663	1673406
664	-1
665	1675570
666	-1
667	1677734
668	-1
669	1679898
670	-1
671	1682062
672	-1
673	-1
674	1684226
675	-1
676	1686390
677	-1
678	1688554
679	-1
680	1690718
681	-1
682	1692882
683	-1
684	1695046
685	-1
686	-1
687	1697210
688	-1
689	1699374
690	-1
691	1701538
692	-1
693	1703702
694	-1
695	1705866
696	-1
697	1708030
698	-1
699	-1
700	1710194
701	-1
702	1712358
703	-1
704	1714522
705	-1
706	1716686
707	-1
708	1718850
709	-1
710	1721014
711	-1
712	-1
713	1723178
714	-1
715	1725342
716	-1
717	1727506
718	-1
719	1729670
720	-1
721	1731834
722	-1
723	1733998
724	-1
725	1736162
726	-1
727	-1
728	1738326
729	-1
730	1740490
731	-1
732	1742654
733	-1
734	1744818
735	-1
736	1746982
737	-1
738	1749146
739	-1
740	-1
741	1751310
742	-1
743	1753474
744	-1
745	1755638
746	-1
747	1757802
748	-1
749	1759966
750	-1
751	1762130
752	-1
753	-1
754	1764294
755	-1
756	1766458
757	-1
758	1768622
759	-1
760	1770786
761	-1
762	1772950
763	-1
764	1775114
765	-1
766	-1
767	1777278
768	-1
769	1779442
770	-1
771	1781606
772	-1
773	1783770
774	-1
775	1785934
776	-1
777	1788098
778	-1
779	-1
780	1790262
781	-1
782	1792426
783	-1
784	1794590
785	-1
786	1796754
787	-1
788	1798918
789	-1
790	1801082
791	-1
792	-1
793	1803246
794	-1
795	1805410
796	-1
797	1807574
798	-1
799	1809738
800	-1
801	1811902
802	-1
803	1814066
804	-1
805	-1
806	1816230
807	-1
808	1818394
809	-1
810	1820558
811	-1
812	1822722
813	-1
814	1824886
815	-1
816	1827050
817	-1
818	-1
819	1829214
820	-1
821	1831378
822	-1
823	1833542
824	-1
825	1835706
826	-1
827	1837870
828	-1
829	1840034
830	-1
831	-1
832	1842198
833	-1
834	1844362
835	-1
836	1846526
837	-1
838	1848690
839	-1
840	1850854
841	-1
842	1853018
843	-1
844	-1
845	1855182
846	-1
847	1857346
848	-1
849	1859510
850	-1
851	1861674
852	-1
853	1863838
854	-1
855	1866002
856	-1
857	1868166
858	-1
859	-1
860	1870330
861	-1
862	1872494
863	-1
864	1874658
865	-1
866	1876822
867	-1
868	1878986
869	-1
870	1881150
871	-1
872	-1
873	1883314
874	-1
875	1885478
876	-1
877	1887642
878	-1
879	1889806
880	-1
881	1891970
882	-1
883	1894134
884	-1
885	-1
886	1896298
887	-1
888	1898462
889	-1
890	1900626
891	-1
892	1902790
893	-1
894	1904954
895	-1
896	1907118
897	-1
898	-1
899	1909282
900	-1
901	1911446
902	-1
903	1913610
904	-1
905	1915774
906	-1
907	1917938
908	-1
909	1920102
910	-1
911	-1
912	1922266
913	-1
914	1924430
915	-1
916	1926594
917	-1
918	1928758
919	-1
920	1930922
921	-1
922	1933086
923	-1
924	-1
925	1935250
926	-1
927	1937414
928	-1
929	1939578
930	-1
931	1941742
932	-1
933	1943906
934	-1
935	1946070
936	-1
937	-1
938	1948234
939	-1
940	1950398
941	-1
942	1952562
943	-1
944	1954726
945	-1
946	1956890
947	-1
948	1959054
949	-1
950	-1
951	1961218
952	-1
953	1963382
954	-1
955	1965546
956	-1
957	1967710
958	-1
959	1969874
960	-1
961	1972038
962	-1
963	-1
964	1974202
965	-1
966	1976366
967	-1
968	1978530
969	-1
970	1980694
971	-1
972	1982858
973	-1
974	1985022
975	-1
976	-1
977	1987186
978	-1
979	1989350
980	-1
981	1991514
982	-1
983	1993678
984	-1
985	1995842
986	-1
987	1998006
988	-1
989	2000170
990	-1
991	-1
992	2002334
993	-1
994	2004498
995	-1
996	2006662
997	-1
998	2008826
999	-1
1000	2010990
1001	-1
1002	2013154
1003	-1
1004	-1
1005	2015318
1006	-1
1007	2017482
1008	-1
1009	2019646
1010	-1
1011	2021810
1012	-1
1013	2023974
1014	-1
1015	2026138
1016	-1
1017	-1
1018	2028302
1019	-1
1020	2030466
1021	-1
1022	2032630
1023	-1
1024	2034794
1025	-1
1026	2036958
1027	-1
1028	2039122
1029	-1
1030	-1
1031	2041286
1032	-1
1033	2043450
1034	-1
1035	2045614
1036	-1
1037	2047778
1038	-1
1039	2049942
1040	-1
1041	2052106
1042	-1
1043	-1
1044	2054270
1045	-1
1046	2056434
1047	-1
1048	2058598
1049	-1
1050	2060762
1051	-1
1052	2062926
1053	-1
1054	2065090
1055	-1
1056	-1
1057	2067254
1058	-1
1059	2069418
1060	-1
1061	2071582
1062	-1
1063	2073746
1064	-1
1065	2075910
1066	-1
1067	2078074
1068	-1
1069	-1
1070	2080238
1071	-1
1072	2082402
1073	-1
1074	2084566
1075	-1
1076	2086730
1077	-1
1078	2088894
1079	-1
1080	2091058
1081	-1
1082	-1
1083	2093222
1084	-1
1085	2095386
1086	-1
1087	2097550
1088	-1
1089	2099714
1090	-1
1091	2101878
1092	-1
1093	2104042
1094	-1
1095	-1
1096	2106206
1097	-1
1098	2108370
1099	-1
1100	2110534
1101	-1
1102	2112698
1103	-1
1104	2114862
1105	-1
1106	2117026
1107	-1
1108	-1
1109	2119190
1110	-1
1111	2121354
1112	-1
1113	2123518
1114	-1
1115	2125682
1116	-1
1117	2127846
1118	-1
1119	2130010
1120	-1
1121	2132174
1122	-1
1123	-1
1124	2134338
1125	-1
1126	2136502
1127	-1
1128	2138666
1129	-1
1130	2140830
1131	-1
1132	2142994
1133	-1
1134	2145158
1135	-1
1136	-1
1137	2147322
1138	-1
1139	2149486
1140	-1
1141	2151650
1142	-1
1143	2153814
1144	-1
1145	2155978
1146	-1
1147	2158142
1148	-1
1149	-1
1150	2160306
1151	-1
1152	2162470
1153	-1
1154	2164634
1155	-1
1156	2166798
1157	-1
1158	2168962
1159	-1
1160	2171126
1161	-1
1162	-1
1163	2173290
1164	-1
1165	2175454
1166	-1
1167	2177618
1168	-1
1169	2179782
1170	-1
1171	2181946
1172	-1
1173	2184110
1174	-1
1175	-1
1176	2186274
1177	-1
1178	2188438
1179	-1
1180	2190602
1181	-1
1182	2192766
1183	-1
1184	2194930
1185	-1
1186	2197094
1187	-1
1188	-1
1189	2199258
1190	-1
1191	2201422
1192	-1
1193	2203586
1194	-1
1195	2205750
1196	-1
1197	2207914
1198	-1
1199	2210078
1200	-1
1201	-1
1202	2212242
1203	-1
1204	2214406
1205	-1
1206	2216570
1207	-1
1208	2218734
1209	-1
1210	2220898
1211	-1
1212	2223062
1213	-1
1214	-1
1215	2225226
1216	-1
1217	2227390
1218	-1
1219	2229554
1220	-1
1221	2231718
1222	-1
1223	2233882
1224	-1
1225	2236046
1226	-1
1227	-1
1228	2238210
1229	-1
1230	2240374
1231	-1
1232	2242538
1233	-1
1234	2244702
1235	-1
1236	2246866
1237	-1
1238	2249030
1239	-1
1240	-1
1241	2251194
1242	-1
1243	2253358
1244	-1
1245	2255522
1246	-1
1247	2257686
1248	-1
1249	2259850
1250	-1
1251	2262014
1252	-1
1253	-1
1254	2264178
1255	-1
1256	2266342
1257	-1
1258	2268506
1259	-1
1260	2270670
1261	-1
1262	2272834
1263	-1
1264	2274998
1265	-1
1266	2277162
1267	-1
1268	-1
1269	2279326
1270	-1
1271	2281490
1272	-1
1273	2283654
1274	-1
1275	2285818
1276	-1
1277	2287982
1278	-1
1279	2290146
1280	-1
1281	-1
1282	2292310
1283	-1
1284	2294474
1285	-1
1286	2296638
1287	-1
1288	2298802
1289	-1
1290	2300966
1291	-1
1292	2303130
1293	-1
1294	-1
1295	2305294
1296	-1
1297	2307458
1298	-1
1299	2309622
1300	-1
1301	2311786
1302	-1
1303	2313950
1304	-1
1305	2316114
1306	-1
1307	-1
1308	2318278
1309	-1
1310	2320442
1311	-1
1312	2322606
1313	-1
1314	2324770
1315	-1
1316	2326934
1317	-1
1318	2329098
1319	-1
1320	-1
1321	2331262
1322	-1
1323	2333426
1324	-1
1325	2335590
1326	-1
1327	2337754
1328	-1
1329	2339918
1330	-1
1331	2342082
1332	-1
1333	-1
1334	2344246
1335	-1
1336	2346410
1337	-1
1338	2348574
1339	-1
1340	2350738
1341	-1
1342	2352902
1343	-1
1344	2355066
1345	-1
1346	-1
1347	2357230
1348	-1
1349	2359394
1350	-1
1351	2361558
1352	-1
1353	2363722
1354	-1
1355	2365886
1356	-1
1357	2368050
1358	-1
1359	-1
1360	2370214
1361	-1
1362	2372378
1363	-1
1364	2374542
1365	-1
1366	2376706
1367	-1
1368	2378870
1369	-1
1370	2381034
1371	-1
1372	-1
1373	2383198
1374	-1
1375	2385362
1376	-1
1377	2387526
1378	-1
1379	2389690
1380	-1
1381	2391854
1382	-1
1383	2394018
1384	-1
1385	-1
1386	2396182
1387	-1
1388	2398346
1389	-1
1390	2400510
1391	-1
1392	2402674
1393	-1
1394	2404838
1395	-1
1396	2407002
1397	-1
1398	2409166
1399	-1
1400	-1
1401	2411330
1402	-1
1403	2413494
1404	-1
1405	2415658
1406	-1
1407	2417822
1408	-1
1409	2419986
1410	-1
1411	2422150
1412	-1
1413	-1
1414	2424314
1415	-1
1416	2426478
1417	-1
1418	2428642
1419	-1
1420	2430806
1421	-1
1422	2432970
1423	-1
1424	2435134
1425	-1
1426	-1
1427	2437298
1428	-1
1429	2439462
1430	-1
1431	2441626
1432	-1
1433	2443790
1434	-1
1435	2445954
1436	-1
1437	2448118
1438	-1
1439	-1
1440	2450282
1441	-1
1442	2452446
1443	-1
1444	2454610
1445	-1
1446	2456774
1447	-1
1448	2458938
1449	-1
1450	2461102
1451	-1
1452	-1
1453	2463266
1454	-1
1455	2465430
1456	-1
1457	2467594
1458	-1
1459	2469758
1460	-1
1461	2471922
1462	-1
1463	2474086
1464	-1
1465	-1
1466	2476250
1467	-1
1468	2478414
1469	-1
1470	2480578
1471	-1
1472	2482742
1473	-1
1474	2484906
1475	-1
1476	2487070
1477	-1
1478	-1
1479	2489234
1480	-1
1481	2491398
1482	-1
1483	2493562
1484	-1
1485	2495726
1486	-1
1487	2497890
1488	-1
1489	2500054
1490	-1
1491	-1
1492	2502218
1493	-1
1494	2504382
1495	-1
1496	2506546
1497	-1
1498	2508710
1499	-1
1500	2510874
1501	-1
1502	2513038
1503	-1
1504	-1
1505	2515202
1506	-1
1507	2517366
1508	-1
1509	2519530
1510	-1
1511	2521694
1512	-1
1513	2523858
1514	-1
1515	2526022
1516	-1
1517	-1
1518	2528186
1519	-1
1520	2530350
1521	-1
1522	2532514
1523	-1
1524	2534678
1525	-1
1526	2536842
1527	-1
1528	2539006
1529	-1
1530	2541170
1531	-1
1532	-1
1533	2543334
1534	-1
1535	2545498
1536	-1
1537	2547662
1538	-1
1539	2549826
1540	-1
1541	2551990
1542	-1
1543	2554154
1544	-1
1545	-1
1546	2556318
1547	-1
1548	2558482
1549	-1
1550	2560646
1551	-1
1552	2562810
1553	-1
1554	2564974
1555	-1
1556	2567138
1557	-1
1558	-1
1559	2569302
1560	-1
1561	2571466
1562	-1
1563	2573630
1564	-1
1565	2575794
1566	-1
1567	2577958
1568	-1
1569	2580122
1570	-1
1571	-1
1572	2582286
1573	-1
1574	2584450
1575	-1
1576	2586614
1577	-1
1578	2588778
1579	-1
1580	2590942
1581	-1
1582	2593106
1583	-1
1584	-1
1585	2595270
1586	-1
1587	2597434
1588	-1
1589	2599598
1590	-1
1591	2601762
1592	-1
1593	2603926
1594	-1
1595	2606090
1596	-1
1597	-1
1598	2608254
1599	-1
1600	2610418
1601	-1
1602	2612582
1603	-1
1604	2614746
1605	-1
1606	2616910
1607	-1
1608	2619074
1609	-1
1610	-1
1611	2621238
1612	-1
1613	2623402
1614	-1
1615	2625566
1616	-1
1617	2627730
1618	-1
1619	2629894
1620	-1
1621	2632058
1622	-1
1623	-1
1624	2634222
1625	-1
1626	2636386
1627	-1
1628	2638550
1629	-1
1630	2640714
1631	-1
1632	2642878
1633	-1
1634	2645042
1635	-1
1636	-1
1637	2647206
1638	-1
1639	2649370
1640	-1
1641	2651534
1642	-1
1643	2653698
1644	-1
1645	2655862
1646	-1
1647	2658026
1648	-1
1649	-1
1650	2660190
1651	-1
1652	2662354
1653	-1
1654	2664518
1655	-1
1656	2666682
1657	-1
1658	2668846
1659	-1
1660	2671010
1661	-1
1662	2673174
1663	-1
1664	-1
1665	2675338
1666	-1
1667	2677502
1668	-1
1669	2679666
1670	-1
1671	2681830
1672	-1
1673	2683994
1674	-1
1675	2686158
1676	-1
1677	-1
1678	2688322
1679	-1
1680	2690486
1681	-1
1682	2692650
1683	-1
1684	2694814
1685	-1
1686	2696978
1687	-1
1688	2699142
1689	-1
1690	-1
1691	2701306
1692	-1
1693	2703470
1694	-1
1695	2705634
1696	-1
1697	2707798
1698	-1
1699	2709962
1700	-1
1701	2712126
1702	-1
1703	-1
1704	2714290
1705	-1
1706	2716454
1707	-1
1708	2718618
1709	-1
1710	2720782
1711	-1
1712	2722946
1713	-1
1714	2725110
1715	-1
1716	-1
1717	2727274
1718	-1
1719	2729438
1720	-1
1721	2731602
1722	-1
1723	2733766
1724	-1
1725	2735930
1726	-1
1727	2738094
1728	-1
1729	-1
1730	2740258
1731	-1
1732	2742422
1733	-1
1734	2744586
1735	-1
1736	2746750
1737	-1
1738	2748914
1739	-1
1740	2751078
1741	-1
1742	-1
1743	2753242
1744	-1
1745	2755406
1746	-1
1747	2757570
1748	-1
1749	2759734
1750	-1
1751	2761898
1752	-1
1753	2764062
1754	-1
1755	-1
1756	2766226
1757	-1
1758	2768390
1759	-1
1760	2770554
1761	-1
1762	2772718
1763	-1
1764	2774882
1765	-1
1766	2777046
1767	-1
1768	-1
1769	2779210
1770	-1
1771	2781374
1772	-1
1773	2783538
1774	-1
1775	2785702
1776	-1
1777	2787866
1778	-1
1779	2790030
1780	-1
1781	-1
1782	2792194
1783	-1
1784	2794358
1785	-1
1786	2796522
1787	-1
1788	2798686
1789	-1
1790	2800850
1791	-1
1792	2803014
1793	-1
1794	-1
1795	2805178
1796	-1
1797	2807342
1798	-1
1799	2809506
1800	-1
1801	2811670
1802	-1
1803	2813834
1804	-1
1805	2815998
1806	-1
1807	2818162
1808	-1
1809	-1
1810	2820326
1811	-1
1812	2822490
1813	-1
1814	2824654
1815	-1
1816	2826818
1817	-1
1818	2828982
1819	-1
1820	2831146
1821	-1
1822	-1
1823	2833310
1824	-1
1825	2835474
1826	-1
1827	2837638
1828	-1
1829	2839802
1830	-1
1831	2841966
1832	-1
1833	2844130
1834	-1
1835	-1
1836	2846294
1837	-1
1838	2848458
1839	-1
1840	2850622
1841	-1
1842	2852786
1843	-1
1844	2854950
1845	-1
1846	2857114
1847	-1
1848	-1
1849	2859278
1850	-1
1851	2861442
1852	-1
1853	2863606
1854	-1
1855	2865770
1856	-1
1857	2867934
1858	-1
1859	2870098
1860	-1
1861	-1
1862	2872262
1863	-1
1864	2874426
1865	-1
1866	2876590
1867	-1
1868	2878754
1869	-1
1870	2880918
1871	-1
1872	2883082
1873	-1
1874	-1
1875	2885246
1876	-1
1877	2887410
1878	-1
1879	2889574
1880	-1
1881	2891738
1882	-1
1883	2893902
1884	-1
1885	2896066
1886	-1
1887	-1
1888	2898230
1889	-1
1890	2900394
1891	-1
1892	2902558
1893	-1
1894	2904722
1895	-1
1896	2906886
1897	-1
1898	2909050
1899	-1
1900	-1
1901	2911214
1902	-1
1903	2913378
1904	-1
1905	2915542
1906	-1
1907	2917706
1908	-1
1909	2919870
1910	-1
1911	2922034
1912	-1
1913	-1
1914	2924198
1915	-1
1916	2926362
1917	-1
1918	2928526
1919	-1
1920	2930690
1921	-1
1922	2932854
1923	-1
1924	2935018
1925	-1
1926	-1
1927	2937182
1928	-1
1929	2939346
1930	-1
1931	2941510
1932	-1
1933	2943674
1934	-1
1935	2945838
1936	-1
1937	2948002
1938	-1
1939	2950166
1940	-1
1941	-1
1942	2952330
1943	-1
1944	2954494
1945	-1
1946	2956658
1947	-1
1948	2958822
1949	-1
1950	2960986
1951	-1
1952	2963150
1953	-1
1954	-1
1955	2965314
1956	-1
1957	2967478
1958	-1
1959	2969642
1960	-1
1961	2971806
1962	-1
1963	2973970
1964	-1
1965	2976134
1966	-1
1967	-1
1968	2978298
1969	-1
1970	2980462
1971	-1
1972	2982626
1973	-1
1974	2984790
1975	-1
1976	2986954
1977	-1
1978	2989118
1979	-1
1980	-1
1981	2991282
1982	-1
1983	2993446
1984	-1
1985	2995610
1986	-1
1987	2997774
1988	-1
1989	2999938
1990	-1
1991	3002102
1992	-1
1993	-1
1994	3004266
1995	-1
1996	3006430
1997	-1
1998	3008594
1999	-1
2000	3010758
2001	-1
2002	3012922
2003	-1
2004	3015086
2005	-1
2006	-1
2007	3017250
2008	-1
2009	3019414
2010	-1
2011	3021578
2012	-1
2013	3023742
2014	-1
2015	3025906
2016	-1
2017	3028070
2018	-1
2019	-1
2020	3030234
2021	-1
2022	3032398
2023	-1
2024	3034562
2025	-1
2026	3036726
2027	-1
2028	3038890
2029	-1
2030	3041054
2031	-1
2032	-1
2033	3043218
2034	-1
2035	3045382
2036	-1
2037	3047546
2038	-1
2039	3049710
2040	-1
2041	3051874
2042	-1
2043	3054038
2044	-1
2045	-1
2046	3056202
2047	-1
2048	3058366
2049	-1
2050	3060530
2051	-1
2052	3062694
2053	-1
2054	3064858
2055	-1
2056	3067022
2057	-1
2058	-1
2059	3069186
2060	-1
2061	3071350
2062	-1
2063	3073514
2064	-1
2065	3075678
2066	-1
2067	3077842
2068	-1
2069	3080006
2070	-1
2071	3082170
2072	-1
2073	-1
2074	3084334
2075	-1
2076	3086498
2077	-1
2078	3088662
2079	-1
2080	3090826
2081	-1
2082	3092990
2083	-1
2084	3095154
2085	-1
2086	-1
2087	3097318
2088	-1
2089	3099482
2090	-1
2091	3101646
2092	-1
2093	3103810
2094	-1
2095	3105974
2096	-1
2097	3108138
2098	-1
2099	-1
2100	3110302
2101	-1
2102	3112466
2103	-1
2104	3114630
2105	-1
2106	3116794
2107	-1
2108	3118958
2109	-1
2110	3121122
2111	-1
2112	-1
2113	3123286
2114	-1
2115	3125450
2116	-1
2117	3127614
2118	-1
2119	3129778
2120	-1
2121	3131942
2122	-1
2123	3134106
2124	-1
2125	-1
2126	3136270
2127	-1
2128	3138434
2129	-1
2130	3140598
2131	-1
2132	3142762
2133	-1
2134	3144926
2135	-1
2136	3147090
2137	-1
2138	-1
2139	3149254
2140	-1
2141	3151418
2142	-1
2143	3153582
2144	-1
2145	3155746
2146	-1
2147	3157910
2148	-1
2149	3160074
2150	-1
2151	-1
2152	3162238
2153	-1
2154	3164402
2155	-1
2156	3166566
2157	-1
2158	3168730
2159	-1
2160	3170894
2161	-1
2162	3173058
2163	-1
2164	-1
2165	3175222
2166	-1
2167	3177386
2168	-1
2169	3179550
2170	-1
2171	3181714
2172	-1
2173	3183878
2174	-1
2175	3186042
2176	-1
2177	-1
2178	3188206
2179	-1
2180	3190370
2181	-1
2182	3192534
2183	-1
2184	3194698
2185	-1
2186	3196862
2187	-1
2188	3199026
2189	-1
2190	-1
2191	3201190
2192	-1
2193	3203354
2194	-1
2195	3205518
2196	-1
2197	3207682
2198	-1
2199	3209846
2200	-1
2201	3212010
2202	-1
2203	3214174
2204	-1
2205	-1
2206	3216338
2207	-1
2208	3218502
2209	-1
2210	3220666
2211	-1
2212	3222830
2213	-1
2214	3224994
2215	-1
2216	3227158
2217	-1
2218	-1
2219	3229322
2220	-1
2221	3231486
2222	-1
2223	3233650
2224	-1
2225	3235814
2226	-1
2227	3237978
2228	-1
2229	3240142
2230	-1
2231	-1
2232	3242306
2233	-1
2234	3244470
2235	-1
2236	3246634
2237	-1
2238	3248798
2239	-1
2240	3250962
2241	-1
2242	3253126
2243	-1
2244	-1
2245	3255290
2246	-1
2247	3257454
2248	-1
2249	3259618
2250	-1
2251	3261782
2252	-1
2253	3263946
2254	-1
2255	3266110
2256	-1
2257	-1
2258	3268274
2259	-1
2260	3270438
2261	-1
2262	3272602
2263	-1
2264	3274766
2265	-1
2266	3276930
2267	-1
2268	3279094
2269	-1
2270	-1
2271	3281258
2272	-1
2273	3283422
2274	-1
2275	3285586
2276	-1
2277	3287750
2278	-1
2279	3289914
2280	-1
2281	3292078
2282	-1
2283	-1
2284	3294242
2285	-1
2286	3296406
2287	-1
2288	3298570
2289	-1
2290	3300734
2291	-1
2292	3302898
2293	-1
2294	3305062
2295	-1
2296	-1
2297	3307226
2298	-1
2299	3309390
2300	-1
2301	3311554
2302	-1
2303	3313718
2304	-1
2305	3315882
2306	-1
2307	3318046
2308	-1
2309	-1
2310	3320210
2311	-1
2312	3322374
2313	-1
2314	3324538
2315	-1
2316	3326702
2317	-1
2318	3328866
2319	-1
2320	3331030
2321	-1
2322	-1
2323	3333194
2324	-1
2325	3335358
2326	-1
2327	3337522
2328	-1
2329	3339686
2330	-1
2331	3341850
2332	-1
2333	3344014
2334	-1
2335	-1
2336	3346178
2337	-1
2338	3348342
2339	-1
2340	3350506
2341	-1
2342	3352670
2343	-1
2344	3354834
2345	-1
2346	3356998
2347	-1
2348	3359162
2349	-1
2350	-1
2351	3361326
2352	-1
2353	3363490
2354	-1
2355	3365654
2356	-1
2357	3367818
2358	-1
2359	3369982
2360	-1
2361	3372146
2362	-1
2363	-1
2364	3374310
2365	-1
2366	3376474
2367	-1
2368	3378638
2369	-1
2370	3380802
2371	-1
2372	3382966
2373	-1
2374	3385130
2375	-1
2376	-1
2377	3387294
2378	-1
2379	3389458
2380	-1
2381	3391622
2382	-1
2383	3393786
2384	-1
2385	3395950
2386	-1
2387	3398114
2388	-1
2389	-1
2390	3400278
2391	-1
2392	3402442
2393	-1
2394	3404606
2395	-1
2396	3406770
2397	-1
2398	3408934
2399	-1
2400	3411098
2401	-1
2402	-1
2403	3413262
2404	-1
2405	3415426
2406	-1
2407	3417590
2408	-1
2409	3419754
2410	-1
2411	3421918
2412	-1
2413	3424082
2414	-1
2415	-1
2416	3426246
2417	-1
2418	3428410
2419	-1
2420	3430574
2421	-1
2422	3432738
2423	-1
2424	3434902
2425	-1
2426	3437066
2427	-1
2428	-1
2429	3439230
2430	-1
2431	3441394
2432	-1
2433	3443558
2434	-1
2435	3445722
2436	-1
2437	3447886
2438	-1
2439	3450050
2440	-1
2441	-1
2442	3452214
2443	-1
2444	3454378
2445	-1
2446	3456542
2447	-1
2448	3458706
2449	-1
2450	3460870
2451	-1
2452	3463034
2453	-1
2454	-1
2455	3465198
2456	-1
2457	3467362
2458	-1
2459	3469526
2460	-1
2461	3471690
2462	-1
2463	3473854
2464	-1
2465	3476018
2466	-1
2467	-1
2468	3478182
2469	-1
2470	3480346
2471	-1
2472	3482510
2473	-1
2474	3484674
2475	-1
2476	3486838
2477	-1
2478	3489002
2479	-1
2480	3491166
2481	-1
2482	-1
2483	3493330
2484	-1
2485	3495494
2486	-1
2487	3497658
2488	-1
2489	3499822
2490	-1
2491	3501986
2492	-1
2493	3504150
2494	-1
2495	-1
2496	3506314
2497	-1
2498	3508478
2499	-1
2500	3510642
2501	-1
2502	3512806
2503	-1
2504	3514970
2505	-1
2506	3517134
2507	-1
2508	-1
2509	3519298
2510	-1
2511	3521462
2512	-1
2513	3523626
2514	-1
2515	3525790
2516	-1
2517	3527954
2518	-1
2519	3530118
2520	-1
2521	-1
2522	3532282
2523	-1
2524	3534446
2525	-1
2526	3536610
2527	-1
2528	3538774
2529	-1
2530	3540938
2531	-1
2532	3543102
2533	-1
2534	-1
2535	3545266
2536	-1
2537	3547430
2538	-1
2539	3549594
2540	-1
2541	3551758
2542	-1
2543	3553922
2544	-1
2545	3556086
2546	-1
2547	-1
2548	3558250
2549	-1
2550	3560414
2551	-1
2552	3562578
2553	-1
2554	3564742
2555	-1
2556	3566906
2557	-1
2558	3569070
2559	-1
2560	-1
2561	3571234
2562	-1
2563	3573398
2564	-1
2565	3575562
2566	-1
2567	3577726
2568	-1
2569	3579890
2570	-1
2571	3582054
2572	-1
2573	-1
2574	3584218
2575	-1
2576	3586382
2577	-1
2578	3588546
2579	-1
2580	3590710
2581	-1
2582	3592874
2583	-1
2584	3595038
2585	-1
2586	-1
2587	3597202
2588	-1
2589	3599366
2590	-1
2591	3601530
2592	-1
2593	3603694
2594	-1
2595	3605858
2596	-1
2597	3608022
2598	-1
2599	-1
2600	3610186
2601	-1
2602	3612350
2603	-1
2604	3614514
2605	-1
2606	3616678
2607	-1
2608	3618842
2609	-1
2610	3621006
2611	-1
2612	3623170
2613	-1
2614	-1
2615	3625334
2616	-1
2617	3627498
2618	-1
2619	3629662
2620	-1
2621	3631826
2622	-1
2623	3633990
2624	-1
2625	3636154
2626	-1
2627	-1
2628	3638318
2629	-1
2630	3640482
2631	-1
2632	3642646
2633	-1
2634	3644810
2635	-1
2636	3646974
2637	-1
2638	3649138
2639	-1
2640	-1
2641	3651302
2642	-1
2643	3653466
2644	-1
2645	3655630
2646	-1
2647	3657794
2648	-1
2649	3659958
2650	-1
2651	3662122
2652	-1
2653	-1
2654	3664286
2655	-1
2656	3666450
2657	-1
2658	3668614
2659	-1
2660	3670778
2661	-1
2662	3672942
2663	-1
2664	3675106
2665	-1
2666	-1
2667	3677270
2668	-1
2669	3679434
2670	-1
2671	3681598
2672	-1
2673	3683762
2674	-1
2675	3685926
2676	-1
2677	3688090
2678	-1
2679	-1
2680	3690254
2681	-1
2682	3692418
2683	-1
2684	3694582
2685	-1
2686	3696746
2687	-1
2688	3698910
2689	-1
2690	3701074
2691	-1
2692	-1
2693	3703238
2694	-1
2695	3705402
2696	-1
2697	3707566
2698	-1
2699	3709730
2700	-1
2701	3711894
2702	-1
2703	3714058
2704	-1
2705	-1
2706	3716222
2707	-1
2708	3718386
2709	-1
2710	3720550
2711	-1
2712	3722714
2713	-1
2714	3724878
2715	-1
2716	3727042
2717	-1
2718	-1
2719	3729206
2720	-1
2721	3731370
2722	-1
2723	3733534
2724	-1
2725	3735698
2726	-1
2727	3737862
2728	-1
2729	3740026
2730	-1
2731	-1
2732	3742190
2733	-1
2734	3744354
2735	-1
2736	3746518
2737	-1
2738	3748682
2739	-1
2740	3750846
2741	-1
2742	3753010
2743	-1
2744	3755174
2745	-1
2746	-1
2747	3757338
2748	-1
2749	3759502
2750	-1
2751	3761666
2752	-1
2753	3763830
2754	-1
2755	3765994
2756	-1
2757	3768158
2758	-1
2759	-1
2760	3770322
2761	-1
2762	3772486
2763	-1
2764	3774650
2765	-1
2766	3776814
2767	-1
2768	3778978
2769	-1
2770	3781142
2771	-1
2772	-1
2773	3783306
2774	-1
2775	3785470
2776	-1
2777	3787634
2778	-1
2779	3789798
2780	-1
2781	3791962
2782	-1
2783	3794126
2784	-1
2785	-1
2786	3796290
2787	-1
2788	3798454
2789	-1
2790	3800618
2791	-1
2792	3802782
2793	-1
2794	3804946
2795	-1
2796	3807110
2797	-1
2798	-1
2799	3809274
2800	-1
2801	3811438
2802	-1
2803	3813602
2804	-1
2805	3815766
2806	-1
2807	3817930
2808	-1
2809	3820094
2810	-1
2811	-1
2812	3822258
2813	-1
2814	3824422
2815	-1
2816	3826586
2817	-1
2818	3828750
2819	-1
2820	3830914
2821	-1
2822	3833078
2823	-1
2824	-1
2825	3835242
2826	-1
2827	3837406
2828	-1
2829	3839570
2830	-1
2831	3841734
2832	-1
2833	3843898
2834	-1
2835	3846062
2836	-1
2837	-1
2838	3848226
2839	-1
2840	3850390
2841	-1
2842	3852554
2843	-1
2844	3854718
2845	-1
2846	3856882
2847	-1
2848	3859046
2849	-1
2850	-1
2851	3861210
2852	-1
2853	3863374
2854	-1
2855	3865538
2856	-1
2857	3867702
2858	-1
2859	3869866
2860	-1
2861	3872030
2862	-1
2863	-1
2864	3874194
2865	-1
2866	3876358
2867	-1
2868	3878522
2869	-1
2870	3880686
2871	-1
2872	3882850
2873	-1
2874	3885014
2875	-1
2876	-1
2877	3887178
2878	-1
2879	3889342
2880	-1
2881	3891506
2882	-1
2883	3893670
2884	-1
2885	3895834
2886	-1
2887	3897998
2888	-1
2889	3900162
2890	-1
2891	-1
2892	3902326
2893	-1
2894	3904490
2895	-1
2896	3906654
2897	-1
2898	3908818
2899	-1
2900	3910982
2901	-1
2902	3913146
2903	-1
2904	-1
2905	3915310
2906	-1
2907	3917474
2908	-1
2909	3919638
2910	-1
2911	3921802
2912	-1
2913	3923966
2914	-1
2915	3926130
2916	-1
2917	-1
2918	3928294
2919	-1
2920	3930458
2921	-1
2922	3932622
2923	-1
2924	3934786
2925	-1
2926	3936950
2927	-1
2928	3939114
2929	-1
2930	-1
2931	3941278
2932	-1
2933	3943442
2934	-1
2935	3945606
2936	-1
2937	3947770
2938	-1
2939	3949934
2940	-1
2941	3952098
2942	-1
2943	-1
2944	3954262
2945	-1
2946	3956426
2947	-1
2948	3958590
2949	-1
2950	3960754
2951	-1
2952	3962918
2953	-1
2954	3965082
2955	-1
2956	-1
2957	3967246
2958	-1
2959	3969410
2960	-1
2961	3971574
2962	-1
2963	3973738
2964	-1
2965	3975902
2966	-1
2967	3978066
2968	-1
2969	-1
2970	3980230
2971	-1
2972	3982394
2973	-1
2974	3984558
2975	-1
2976	3986722
2977	-1
2978	3988886
2979	-1
2980	3991050
2981	-1
2982	-1
2983	3993214
2984	-1
2985	3995378
2986	-1
2987	3997542
2988	-1
2989	3999706
2990	-1
2991	4001870
2992	-1
2993	4004034
2994	-1
2995	-1
2996	4006198
2997	-1
2998	4008362
2999	-1
3000	4010526
3001	-1
3002	4012690
3003	-1
3004	4014854
3005	-1
3006	4017018
3007	-1
3008	-1
3009	4019182
3010	-1
3011	4021346
3012	-1
3013	4023510
3014	-1
3015	4025674
3016	-1
3017	4027838
3018	-1
3019	4030002
3020	-1
3021	4032166
3022	-1
3023	-1
3024	4034330
3025	-1
3026	4036494
3027	-1
3028	4038658
3029	-1
3030	4040822
3031	-1
3032	4042986
3033	-1
3034	4045150
3035	-1
3036	-1
3037	4047314
3038	-1
3039	4049478
3040	-1
3041	4051642
3042	-1
3043	4053806
3044	-1
3045	4055970
3046	-1
3047	4058134
3048	-1
3049	-1
3050	4060298
3051	-1
3052	4062462
3053	-1
3054	4064626
3055	-1
3056	4066790
3057	-1
3058	4068954
3059	-1
3060	4071118
3061	-1
3062	-1
3063	4073282
3064	-1
3065	4075446
3066	-1
3067	4077610
3068	-1
3069	4079774
3070	-1
3071	4081938
3072	-1
3073	4084102
3074	-1
3075	-1
3076	4086266
3077	-1
3078	4088430
3079	-1
3080	4090594
3081	-1
3082	4092758
3083	-1
3084	4094922
3085	-1
3086	4097086
3087	-1
3088	-1
3089	4099250
3090	-1
3091	4101414
3092	-1
3093	4103578
3094	-1
3095	4105742
3096	-1
3097	4107906
3098	-1
3099	4110070
3100	-1
3101	-1
3102	4112234
3103	-1
3104	4114398
3105	-1
3106	4116562
3107	-1
3108	4118726
3109	-1
3110	4120890
3111	-1
3112	4123054
3113	-1
3114	-1
3115	4125218
3116	-1
3117	4127382
3118	-1
3119	4129546
3120	-1
3121	4131710
3122	-1
3123	4133874
3124	-1
3125	4136038
3126	-1
3127	-1
3128	4138202
3129	-1
3130	4140366
3131	-1
3132	4142530
3133	-1
3134	4144694
3135	-1
3136	4146858
3137	-1
3138	4149022
3139	-1
3140	-1
3141	4151186
3142	-1
3143	4153350
3144	-1
3145	4155514
3146	-1
3147	4157678
3148	-1
3149	4159842
3150	-1
3151	4162006
3152	-1
3153	4164170
3154	-1
3155	-1
3156	4166334
3157	-1
3158	4168498
3159	-1
3160	4170662
3161	-1
3162	4172826
3163	-1
3164	4174990
3165	-1
3166	4177154
3167	-1
3168	-1
3169	4179318
3170	-1
3171	4181482
3172	-1
3173	4183646
3174	-1
3175	4185810
3176	-1
3177	4187974
3178	-1
3179	4190138
3180	-1
3181	-1
3182	4192302
3183	-1
3184	4194466
3185	-1
3186	4196630
3187	-1
3188	4198794
3189	-1
3190	4200958
3191	-1
3192	4203122
3193	-1
3194	-1
3195	4205286
3196	-1
3197	4207450
3198	-1
3199	4209614
3200	-1
3201	4211778
3202	-1
3203	4213942
3204	-1
3205	4216106
3206	-1
3207	-1
3208	4218270
3209	-1
3210	4220434
3211	-1
3212	4222598
3213	-1
3214	4224762
3215	-1
3216	4226926
3217	-1
3218	4229090
3219	-1
3220	-1
3221	4231254
3222	-1
3223	4233418
3224	-1
3225	4235582
3226	-1
3227	4237746
3228	-1
3229	4239910
3230	-1
3231	4242074
3232	-1
3233	-1
3234	4244238
3235	-1
3236	4246402
3237	-1
3238	4248566
3239	-1
3240	4250730
3241	-1
3242	4252894
3243	-1
3244	4255058
3245	-1
3246	-1
3247	4257222
3248	-1
3249	4259386
3250	-1
3251	4261550
3252	-1
3253	4263714
3254	-1
3255	4265878
3256	-1
3257	4268042
3258	-1
3259	-1
3260	4270206
3261	-1
3262	4272370
3263	-1
3264	4274534
3265	-1
3266	4276698
3267	-1
3268	4278862
3269	-1
3270	4281026
3271	-1
3272	-1
3273	4283190
3274	-1
3275	4285354
3276	-1
3277	4287518
3278	-1
3279	4289682
3280	-1
3281	4291846
3282	-1
3283	4294010
3284	-1
3285	4296174
3286	-1
3287	-1
3288	4298338
3289	-1
3290	4300502
3291	-1
3292	4302666
3293	-1
3294	4304830
3295	-1
3296	4306994
3297	-1
3298	4309158
3299	-1
3300	-1
3301	4311322
3302	-1
3303	4313486
3304	-1
3305	4315650
3306	-1
3307	4317814
3308	-1
3309	4319978
3310	-1
3311	4322142
3312	-1
3313	-1
3314	4324306
3315	-1
3316	4326470
3317	-1
3318	4328634
3319	-1
3320	4330798
3321	-1
3322	4332962
3323	-1
3324	4335126
3325	-1
3326	-1
3327	4337290
3328	-1
3329	4339454
3330	-1
3331	4341618
3332	-1
3333	4343782
3334	-1
3335	4345946
3336	-1
3337	4348110
3338	-1
3339	-1
3340	4350274
3341	-1
3342	4352438
3343	-1
3344	4354602
3345	-1
3346	4356766
3347	-1
3348	4358930
3349	-1
3350	4361094
3351	-1
3352	-1
3353	4363258
3354	-1
3355	4365422
3356	-1
3357	4367586
3358	-1
3359	4369750
3360	-1
3361	4371914
3362	-1
3363	4374078
3364	-1
3365	-1
3366	4376242
3367	-1
3368	4378406
3369	-1
3370	4380570
3371	-1
3372	4382734
3373	-1
3374	4384898
3375	-1
3376	4387062
3377	-1
3378	-1
3379	4389226
3380	-1
3381	4391390
3382	-1
3383	4393554
3384	-1
3385	4395718
3386	-1
3387	4397882
3388	-1
3389	4400046
3390	-1
3391	-1
3392	4402210
3393	-1
3394	4404374
3395	-1
3396	4406538
3397	-1
3398	4408702
3399	-1
3400	4410866
3401	-1
3402	4413030
3403	-1
3404	-1
3405	4415194
3406	-1
3407	4417358
3408	-1
3409	4419522
3410	-1
3411	4421686
3412	-1
3413	4423850
3414	-1
3415	4426014
3416	-1
3417	-1
3418	4428178
3419	-1
3420	4430342
3421	-1
3422	4432506
3423	-1
3424	4434670
3425	-1
3426	4436834
3427	-1
3428	4438998
3429	-1
3430	4441162
3431	-1
3432	-1
3433	4443326
3434	-1
3435	4445490
3436	-1
3437	4447654
3438	-1
3439	4449818
3440	-1
3441	4451982
3442	-1
3443	4454146
3444	-1
3445	-1
3446	4456310
3447	-1
3448	4458474
3449	-1
3450	4460638
3451	-1
3452	4462802
3453	-1
3454	4464966
3455	-1
3456	4467130
3457	-1
3458	-1
3459	4469294
3460	-1
3461	4471458
3462	-1
3463	4473622
3464	-1
3465	4475786
3466	-1
3467	4477950
3468	-1
3469	4480114
3470	-1
3471	-1
3472	4482278
3473	-1
3474	4484442
3475	-1
3476	4486606
3477	-1
3478	4488770
3479	-1
3480	4490934
3481	-1
3482	4493098
3483	-1
3484	-1
3485	4495262
3486	-1
3487	4497426
3488	-1
3489	4499590
3490	-1
3491	4501754
3492	-1
3493	4503918
3494	-1
3495	4506082
3496	-1
3497	-1
3498	4508246
3499	-1
3500	4510410
3501	-1
3502	4512574
3503	-1
3504	4514738
3505	-1
3506	4516902
3507	-1
3508	4519066
3509	-1
3510	-1
3511	4521230
3512	-1
3513	4523394
3514	-1
3515	4525558
3516	-1
3517	4527722
3518	-1
3519	4529886
3520	-1
3521	4532050
3522	-1
3523	-1
3524	4534214
3525	-1
3526	4536378
3527	-1
3528	4538542
3529	-1
3530	4540706
3531	-1
3532	4542870
3533	-1
3534	4545034
3535	-1
3536	-1
3537	4547198
3538	-1
3539	4549362
3540	-1
3541	4551526
3542	-1
3543	4553690
3544	-1
3545	4555854
3546	-1
3547	4558018
3548	-1
3549	-1
3550	4560182
3551	-1
3552	4562346
3553	-1
3554	4564510
3555	-1
3556	4566674
3557	-1
3558	4568838
3559	-1
3560	4571002
3561	-1
3562	4573166
3563	-1
3564	-1
3565	4575330
3566	-1
3567	4577494
3568	-1
3569	4579658
3570	-1
3571	4581822
3572	-1
3573	4583986
3574	-1
3575	4586150
3576	-1
3577	-1
3578	4588314
3579	-1
3580	4590478
3581	-1
3582	4592642
3583	-1
3584	4594806
3585	-1
3586	4596970
3587	-1
3588	4599134
3589	-1
3590	-1
3591	4601298
3592	-1
3593	4603462
3594	-1
3595	4605626
3596	-1
3597	4607790
3598	-1
3599	4609954
3600	-1
3601	4612118
3602	-1
3603	-1
3604	4614282
3605	-1
3606	4616446
3607	-1
3608	4618610
3609	-1
3610	4620774
3611	-1
3612	4622938
3613	-1
3614	4625102
3615	-1
3616	-1
3617	4627266
3618	-1
3619	4629430
3620	-1
3621	4631594
3622	-1
3623	4633758
3624	-1
3625	4635922
3626	-1
3627	4638086
3628	-1
3629	-1
3630	4640250
3631	-1
3632	4642414
3633	-1
3634	4644578
3635	-1
3636	4646742
3637	-1
3638	4648906
3639	-1
3640	4651070
3641	-1
3642	-1
3643	4653234
3644	-1
3645	4655398
3646	-1
3647	4657562
3648	-1
3649	4659726
3650	-1
3651	4661890
3652	-1
3653	4664054
3654	-1
3655	-1
3656	4666218
3657	-1
3658	4668382
3659	-1
3660	4670546
3661	-1
3662	4672710
3663	-1
3664	4674874
3665	-1
3666	4677038
3667	-1
3668	-1
3669	4679202
3670	-1
3671	4681366
3672	-1
3673	4683530
3674	-1
3675	4685694
3676	-1
3677	4687858
3678	-1
3679	4690022
3680	-1
3681	-1
3682	4692186
3683	-1
3684	4694350
3685	-1
3686	4696514
3687	-1
3688	4698678
3689	-1
3690	4700842
3691	-1
3692	4703006
3693	-1
3694	4705170
3695	-1
3696	-1
3697	4707334
3698	-1
3699	4709498
3700	-1
3701	4711662
3702	-1
3703	4713826
3704	-1
3705	4715990
3706	-1
3707	4718154
3708	-1
3709	-1
3710	4720318
3711	-1
3712	4722482
3713	-1
3714	4724646
3715	-1
3716	4726810
3717	-1
3718	4728974
3719	-1
3720	4731138
3721	-1
3722	-1
3723	4733302
3724	-1
3725	4735466
3726	-1
3727	4737630
3728	-1
3729	4739794
3730	-1
3731	4741958
3732	-1
3733	4744122
3734	-1
3735	-1
3736	4746286
3737	-1
3738	4748450
3739	-1
3740	4750614
3741	-1
3742	4752778
3743	-1
3744	4754942
3745	-1
3746	4757106
3747	-1
3748	-1
3749	4759270
3750	-1
3751	4761434
3752	-1
3753	4763598
3754	-1
3755	4765762
3756	-1
3757	4767926
3758	-1
3759	4770090
3760	-1
3761	-1
3762	4772254
3763	-1
3764	4774418
3765	-1
3766	4776582
3767	-1
3768	4778746
3769	-1
3770	4780910
3771	-1
3772	4783074
3773	-1
3774	-1
3775	4785238
3776	-1
3777	4787402
3778	-1
3779	4789566
3780	-1
3781	4791730
3782	-1
3783	4793894
3784	-1
3785	4796058
3786	-1
3787	-1
3788	4798222
3789	-1
3790	4800386
3791	-1
3792	4802550
3793	-1
3794	4804714
3795	-1
3796	4806878
3797	-1
3798	4809042
3799	-1
3800	-1
3801	4811206
3802	-1
3803	4813370
3804	-1
3805	4815534
3806	-1
3807	4817698
3808	-1
3809	4819862
3810	-1
3811	4822026
3812	-1
3813	-1
3814	4824190
3815	-1
3816	4826354
3817	-1
3818	4828518
3819	-1
3820	4830682
3821	-1
3822	4832846
3823	-1
3824	4835010
3825	-1
3826	4837174
3827	-1
3828	-1
3829	4839338
3830	-1
3831	4841502
3832	-1
3833	4843666
3834	-1
3835	4845830
3836	-1
3837	4847994
3838	-1
3839	4850158
3840	-1
3841	-1
3842	4852322
3843	-1
3844	4854486
3845	-1
3846	4856650
3847	-1
3848	4858814
3849	-1
3850	4860978
3851	-1
3852	4863142
3853	-1
3854	-1
3855	4865306
3856	-1
3857	4867470
3858	-1
3859	4869634
3860	-1
3861	4871798
3862	-1
3863	4873962
3864	-1
3865	4876126
3866	-1
3867	-1
3868	4878290
3869	-1
3870	4880454
3871	-1
3872	4882618
3873	-1
3874	4884782
3875	-1
3876	4886946
3877	-1
3878	4889110
3879	-1
3880	-1
3881	4891274
3882	-1
3883	4893438
3884	-1
3885	4895602
3886	-1
3887	4897766
3888	-1
3889	4899930
3890	-1
3891	4902094
3892	-1
3893	-1
3894	4904258
3895	-1
3896	4906422
3897	-1
3898	4908586
3899	-1
3900	4910750
3901	-1
3902	4912914
3903	-1
3904	4915078
3905	-1
3906	-1
3907	4917242
3908	-1
3909	4919406
3910	-1
3911	4921570
3912	-1
3913	4923734
3914	-1
3915	4925898
3916	-1
3917	4928062
3918	-1
3919	-1
3920	4930226
3921	-1
3922	4932390
3923	-1
3924	4934554
3925	-1
3926	4936718
3927	-1
3928	4938882
3929	-1
3930	4941046
3931	-1
3932	-1
3933	4943210
3934	-1
3935	4945374
3936	-1
3937	4947538
3938	-1
3939	4949702
3940	-1
3941	4951866
3942	-1
3943	4954030
3944	-1
3945	-1
3946	4956194
3947	-1
3948	4958358
3949	-1
3950	4960522
3951	-1
3952	4962686
3953	-1
3954	4964850
3955	-1
3956	4967014
3957	-1
3958	-1
3959	4969178
3960	-1
3961	4971342
3962	-1
3963	4973506
3964	-1
3965	4975670
3966	-1
3967	4977834
3968	-1
3969	4979998
3970	-1
3971	4982162
3972	-1
3973	-1
3974	4984326
3975	-1
3976	4986490
3977	-1
3978	4988654
3979	-1
3980	4990818
3981	-1
3982	4992982
3983	-1
3984	4995146
3985	-1
3986	-1
3987	4997310
3988	-1
3989	4999474
3990	-1
3991	5001638
3992	-1
3993	5003802
3994	-1
3995	5005966
3996	-1
3997	5008130
3998	-1
3999	-1
4000	5010294
4001	-1
4002	5012458
4003	-1
4004	5014622
4005	-1
4006	5016786
4007	-1
4008	5018950
4009	-1
4010	5021114
4011	-1
4012	-1
4013	5023278
4014	-1
4015	5025442
4016	-1
4017	5027606
4018	-1
4019	5029770
4020	-1
4021	5031934
4022	-1
4023	5034098
4024	-1
4025	-1
4026	5036262
4027	-1
4028	5038426
4029	-1
4030	5040590
4031	-1
4032	5042754
4033	-1
4034	5044918
4035	-1
4036	5047082
4037	-1
4038	-1
4039	5049246
4040	-1
4041	5051410
4042	-1
4043	5053574
4044	-1
4045	5055738
4046	-1
4047	5057902
4048	-1
4049	5060066
4050	-1
4051	-1
4052	5062230
4053	-1
4054	5064394
4055	-1
4056	5066558
4057	-1
4058	5068722
4059	-1
4060	5070886
4061	-1
4062	5073050
4063	-1
4064	-1
4065	5075214
4066	-1
4067	5077378
4068	-1
4069	5079542
4070	-1
4071	5081706
4072	-1
4073	5083870
4074	-1
4075	5086034
4076	-1
4077	-1
4078	5088198
4079	-1
4080	5090362
4081	-1
4082	5092526
4083	-1
4084	5094690
4085	-1
4086	5096854
4087	-1
4088	5099018
4089	-1
4090	-1
4091	5101182
4092	-1
4093	5103346
4094	-1
4095	5105510
4096	-1
4097	5107674
4098	-1
4099	5109838
4100	-1
4101	5112002
4102	-1
4103	5114166
4104	-1
4105	-1
4106	5116330
4107	-1
4108	5118494
4109	-1
4110	5120658
4111	-1
4112	5122822
4113	-1
4114	5124986
4115	-1
4116	5127150
4117	-1
4118	-1
4119	5129314
4120	-1
4121	5131478
4122	-1
4123	5133642
4124	-1
4125	5135806
4126	-1
4127	5137970
4128	-1
4129	5140134
4130	-1
4131	-1
4132	5142298
4133	-1
4134	5144462
4135	-1
4136	5146626
4137	-1
4138	5148790
4139	-1
4140	5150954
4141	-1
4142	5153118
4143	-1
4144	-1
4145	5155282
4146	-1
4147	5157446
4148	-1
4149	5159610
4150	-1
4151	5161774
4152	-1
4153	5163938
4154	-1
4155	5166102
4156	-1
4157	-1
4158	5168266
4159	-1
4160	5170430
4161	-1
4162	5172594
4163	-1
4164	5174758
4165	-1
4166	5176922
4167	-1
4168	5179086
4169	-1
4170	-1
4171	5181250
4172	-1
4173	5183414
4174	-1
4175	5185578
4176	-1
4177	5187742
4178	-1
4179	5189906
4180	-1
4181	5192070
4182	-1
4183	-1
4184	5194234
4185	-1
4186	5196398
4187	-1
4188	5198562
4189	-1
4190	5200726
4191	-1
4192	5202890
4193	-1
4194	5205054
4195	-1
4196	-1
4197	5207218
4198	-1
4199	5209382
4200	-1
4201	5211546
4202	-1
4203	5213710
4204	-1
4205	5215874
4206	-1
4207	5218038
4208	-1
4209	-1
4210	5220202
4211	-1
4212	5222366
4213	-1
4214	5224530
4215	-1
4216	5226694
4217	-1
4218	5228858
4219	-1
4220	5231022
4221	-1
4222	-1
4223	5233186
4224	-1
4225	5235350
4226	-1
4227	5237514
4228	-1
4229	5239678
4230	-1
4231	5241842
4232	-1
4233	5244006
4234	-1
4235	5246170
4236	-1
4237	-1
4238	5248334
4239	-1
4240	5250498
4241	-1
4242	5252662
4243	-1
4244	5254826
4245	-1
4246	5256990
4247	-1
4248	5259154
4249	-1
4250	-1
4251	5261318
4252	-1
4253	5263482
4254	-1
4255	5265646
4256	-1
4257	5267810
4258	-1
4259	5269974
4260	-1
4261	5272138
4262	-1
4263	-1
4264	5274302
4265	-1
4266	5276466
4267	-1
4268	5278630
4269	-1
4270	5280794
4271	-1
4272	5282958
4273	-1
4274	5285122
4275	-1
4276	-1
4277	5287286
4278	-1
4279	5289450
4280	-1
4281	5291614
4282	-1
4283	5293778
4284	-1
4285	5295942
4286	-1
4287	5298106
4288	-1
4289	-1
4290	5300270
4291	-1
4292	5302434
4293	-1
4294	5304598
4295	-1
4296	5306762
4297	-1
4298	5308926
4299	-1
4300	5311090
4301	-1
4302	-1
4303	5313254
4304	-1
4305	5315418
4306	-1
4307	5317582
4308	-1
4309	5319746
4310	-1
4311	5321910
4312	-1
4313	5324074
4314	-1
4315	-1
4316	5326238
4317	-1
4318	5328402
4319	-1
4320	5330566
4321	-1
4322	5332730
4323	-1
4324	5334894
4325	-1
4326	5337058
4327	-1
4328	-1
4329	5339222
4330	-1
4331	5341386
4332	-1
4333	5343550
4334	-1
4335	5345714
4336	-1
4337	5347878
4338	-1
4339	5350042
4340	-1
4341	-1
4342	5352206
4343	-1
4344	5354370
4345	-1
4346	5356534
4347	-1
4348	5358698
4349	-1
4350	5360862
4351	-1
4352	5363026
4353	-1
4354	-1
4355	5365190
4356	-1
4357	5367354
4358	-1
4359	5369518
4360	-1
4361	5371682
4362	-1
4363	5373846
4364	-1
4365	5376010
4366	-1
4367	5378174
4368	-1
4369	-1
4370	5380338
4371	-1
4372	5382502
4373	-1
4374	5384666
4375	-1
4376	5386830
4377	-1
4378	5388994
4379	-1
4380	5391158
4381	-1
4382	-1
4383	5393322
4384	-1
4385	5395486
4386	-1
4387	5397650
4388	-1
4389	5399814
4390	-1
4391	5401978
4392	-1
4393	5404142
4394	-1
4395	-1
4396	5406306
4397	-1
4398	5408470
4399	-1
4400	5410634
4401	-1
4402	5412798
4403	-1
4404	5414962
4405	-1
4406	5417126
4407	-1
4408	-1
4409	5419290
4410	-1
4411	5421454
4412	-1
4413	5423618
4414	-1
4415	5425782
4416	-1
4417	5427946
4418	-1
4419	5430110
4420	-1
4421	-1
4422	5432274
4423	-1
4424	5434438
4425	-1
4426	5436602
4427	-1
4428	5438766
4429	-1
4430	5440930
4431	-1
4432	5443094
4433	-1
4434	-1
4435	5445258
4436	-1
4437	5447422
4438	-1
4439	5449586
4440	-1
4441	5451750
4442	-1
4443	5453914
4444	-1
4445	5456078
4446	-1
4447	-1
4448	5458242
4449	-1
4450	5460406
4451	-1
4452	5462570
4453	-1
4454	5464734
4455	-1
4456	5466898
4457	-1
4458	5469062
4459	-1
4460	-1
4461	5471226
4462	-1
4463	5473390
4464	-1
4465	5475554
4466	-1
4467	5477718
4468	-1
4469	5479882
4470	-1
4471	5482046
4472	-1
4473	-1
4474	5484210
4475	-1
4476	5486374
4477	-1
4478	5488538
4479	-1
4480	5490702
4481	-1
4482	5492866
4483	-1
4484	5495030
4485	-1
4486	-1
4487	5497194
4488	-1
4489	5499358
4490	-1
4491	5501522
4492	-1
4493	5503686
4494	-1
4495	5505850
4496	-1
4497	5508014
4498	-1
4499	-1
4500	5510178
4501	-1
4502	5512342
4503	-1
4504	5514506
4505	-1
4506	5516670
4507	-1
4508	5518834
4509	-1
4510	5520998
4511	-1
4512	5523162
4513	-1
4514	-1
4515	5525326
4516	-1
4517	5527490
4518	-1
4519	5529654
4520	-1
4521	5531818
4522	-1
4523	5533982
4524	-1
4525	5536146
4526	-1
4527	-1
4528	5538310
4529	-1
4530	5540474
4531	-1
4532	5542638
4533	-1
4534	5544802
4535	-1
4536	5546966
4537	-1
4538	5549130
4539	-1
4540	-1
4541	5551294
4542	-1
4543	5553458
4544	-1
4545	5555622
4546	-1
4547	5557786
4548	-1
4549	5559950
4550	-1
4551	5562114
4552	-1
4553	-1
4554	5564278
4555	-1
4556	5566442
4557	-1
4558	5568606
4559	-1
4560	5570770
4561	-1
4562	5572934
4563	-1
4564	5575098
4565	-1
4566	-1
4567	5577262
4568	-1
4569	5579426
4570	-1
4571	5581590
4572	-1
4573	5583754
4574	-1
4575	5585918
4576	-1
4577	5588082
4578	-1
4579	-1
4580	5590246
4581	-1
4582	5592410
4583	-1
4584	5594574
4585	-1
4586	5596738
4587	-1
4588	5598902
4589	-1
4590	5601066
4591	-1
4592	-1
4593	5603230
4594	-1
4595	5605394
4596	-1
4597	5607558
4598	-1
4599	5609722
4600	-1
4601	5611886
4602	-1
4603	5614050
4604	-1
4605	-1
4606	5616214
4607	-1
4608	5618378
4609	-1
4610	5620542
4611	-1
4612	5622706
4613	-1
4614	5624870
4615	-1
4616	5627034
4617	-1
4618	-1
4619	5629198
4620	-1
4621	5631362
4622	-1
4623	5633526
4624	-1
4625	5635690
4626	-1
4627	5637854
4628	-1
4629	5640018
4630	-1
4631	-1
4632	5642182
4633	-1
4634	5644346
4635	-1
4636	5646510
4637	-1
4638	5648674
4639	-1
4640	5650838
4641	-1
4642	5653002
4643	-1
4644	5655166
4645	-1
4646	-1
4647	5657330
4648	-1
4649	5659494
4650	-1
4651	5661658
4652	-1
4653	5663822
4654	-1
4655	5665986
4656	-1
4657	5668150
4658	-1
4659	-1
4660	5670314
4661	-1
4662	5672478
4663	-1
4664	5674642
4665	-1
4666	5676806
4667	-1
4668	5678970
4669	-1
4670	5681134
4671	-1
4672	-1
4673	5683298
4674	-1
4675	5685462
4676	-1
4677	5687626
4678	-1
4679	5689790
4680	-1
4681	5691954
4682	-1
4683	5694118
4684	-1
4685	-1
4686	5696282
4687	-1
4688	5698446
4689	-1
4690	5700610
4691	-1
4692	5702774
4693	-1
4694	5704938
4695	-1
4696	5707102
4697	-1
4698	-1
4699	5709266
4700	-1
4701	5711430
4702	-1
4703	5713594
4704	-1
4705	5715758
4706	-1
4707	5717922
4708	-1
4709	5720086
4710	-1
4711	-1
4712	5722250
4713	-1
4714	5724414
4715	-1
4716	5726578
4717	-1
4718	5728742
4719	-1
4720	5730906
4721	-1
4722	5733070
4723	-1
4724	-1
4725	5735234
4726	-1
4727	5737398
4728	-1
4729	5739562
4730	-1
4731	5741726
4732	-1
4733	5743890
4734	-1
4735	5746054
4736	-1
4737	-1
4738	5748218
4739	-1
4740	5750382
4741	-1
4742	5752546
4743	-1
4744	5754710
4745	-1
4746	5756874
4747	-1
4748	5759038
4749	-1
4750	-1
4751	5761202
4752	-1
4753	5763366
4754	-1
4755	5765530
4756	-1
4757	5767694
4758	-1
4759	5769858
4760	-1
4761	5772022
4762	-1
4763	-1
4764	5774186
4765	-1
4766	5776350
4767	-1
4768	5778514
4769	-1
4770	5780678
4771	-1
4772	5782842
4773	-1
4774	5785006
4775	-1
4776	5787170
4777	-1
4778	-1
4779	5789334
4780	-1
4781	5791498
4782	-1
4783	5793662
4784	-1
4785	5795826
4786	-1
4787	5797990
4788	-1
4789	5800154
4790	-1
4791	-1
4792	5802318
4793	-1
4794	5804482
4795	-1
4796	5806646
4797	-1
4798	5808810
4799	-1
4800	5810974
4801	-1
4802	5813138
4803	-1
4804	-1
4805	5815302
4806	-1
4807	5817466
4808	-1
4809	5819630
4810	-1
4811	5821794
4812	-1
4813	5823958
4814	-1
4815	5826122
4816	-1
4817	-1
4818	5828286
4819	-1
4820	5830450
4821	-1
4822	5832614
4823	-1
4824	5834778
4825	-1
4826	5836942
4827	-1
4828	5839106
4829	-1
4830	-1
4831	5841270
4832	-1
4833	5843434
4834	-1
4835	5845598
4836	-1
4837	5847762
4838	-1
4839	5849926
4840	-1
4841	5852090
4842	-1
4843	-1
4844	5854254
4845	-1
4846	5856418
4847	-1
4848	5858582
4849	-1
4850	5860746
4851	-1
4852	5862910
4853	-1
4854	5865074
4855	-1
4856	-1
4857	5867238
4858	-1
4859	5869402
4860	-1
4861	5871566
4862	-1
4863	5873730
4864	-1
4865	5875894
4866	-1
4867	5878058
4868	-1
4869	-1
4870	5880222
4871	-1
4872	5882386
4873	-1
4874	5884550
4875	-1
4876	5886714
4877	-1
4878	5888878
4879	-1
4880	5891042
4881	-1
4882	-1
4883	5893206
4884	-1
4885	5895370
4886	-1
4887	5897534
4888	-1
4889	5899698
4890	-1
4891	5901862
4892	-1
4893	5904026
4894	-1
4895	-1
4896	5906190
4897	-1
4898	5908354
4899	-1
4900	5910518
4901	-1
4902	5912682
4903	-1
4904	5914846
4905	-1
4906	5917010
4907	-1
4908	5919174
4909	-1
4910	-1
4911	5921338
4912	-1
4913	5923502
4914	-1
4915	5925666
4916	-1
4917	5927830
4918	-1
4919	5929994
4920	-1
4921	5932158
4922	-1
4923	-1
4924	5934322
4925	-1
4926	5936486
4927	-1
4928	5938650
4929	-1
4930	5940814
4931	-1
4932	5942978
4933	-1
4934	5945142
4935	-1
4936	-1
4937	5947306
4938	-1
4939	5949470
4940	-1
4941	5951634
4942	-1
4943	5953798
4944	-1
4945	5955962
4946	-1
4947	5958126
4948	-1
4949	-1
4950	5960290
4951	-1
4952	5962454
4953	-1
4954	5964618
4955	-1
4956	5966782
4957	-1
4958	5968946
4959	-1
4960	5971110
4961	-1
4962	-1
4963	5973274
4964	-1
4965	5975438
4966	-1
4967	5977602
4968	-1
4969	5979766
4970	-1
4971	5981930
4972	-1
4973	5984094
4974	-1
4975	-1
4976	5986258
4977	-1
4978	5988422
4979	-1
4980	5990586
4981	-1
4982	5992750
4983	-1
4984	5994914
4985	-1
4986	5997078
4987	-1
4988	-1
4989	5999242
4990	-1
4991	6001406
4992	-1
4993	6003570
4994	-1
4995	6005734
4996	-1
4997	6007898
4998	-1
4999	6010062
5000	-1
5001	-1
5002	6012226
5003	-1
5004	6014390
5005	-1
5006	6016554
5007	-1
5008	6018718
5009	-1
5010	6020882
5011	-1
5012	6023046
5013	-1
5014	-1
5015	6025210
5016	-1
5017	6027374
5018	-1
5019	6029538
5020	-1
5021	6031702
5022	-1
5023	6033866
5024	-1
5025	6036030
5026	-1
5027	-1
5028	6038194
5029	-1
5030	6040358
5031	-1
5032	6042522
5033	-1
5034	6044686
5035	-1
5036	6046850
5037	-1
5038	6049014
5039	-1
5040	-1
5041	6051178
5042	-1
5043	6053342
5044	-1
5045	6055506
5046	-1
5047	6057670
5048	-1
5049	6059834
5050	-1
5051	6061998
5052	-1
5053	6064162
5054	-1
5055	-1
5056	6066326
5057	-1
5058	6068490
5059	-1
5060	6070654
5061	-1
5062	6072818
5063	-1
5064	6074982
5065	-1
5066	6077146
5067	-1
5068	-1
5069	6079310
5070	-1
5071	6081474
5072	-1
5073	6083638
5074	-1
5075	6085802
5076	-1
5077	6087966
5078	-1
5079	6090130
5080	-1
5081	-1
5082	6092294
5083	-1
5084	6094458
5085	-1
5086	6096622
5087	-1
5088	6098786
5089	-1
5090	6100950
5091	-1
5092	6103114
5093	-1
5094	-1
5095	6105278
5096	-1
5097	6107442
5098	-1
5099	6109606
5100	-1
5101	6111770
5102	-1
5103	6113934
5104	-1
5105	6116098
5106	-1
5107	-1
5108	6118262
5109	-1
5110	6120426
5111	-1
5112	6122590
5113	-1
5114	6124754
5115	-1
5116	6126918
5117	-1
5118	6129082
5119	-1
5120	-1
5121	6131246
5122	-1
5123	6133410
5124	-1
5125	6135574
5126	-1
5127	6137738
5128	-1
5129	6139902
5130	-1
5131	6142066
5132	-1
5133	-1
5134	6144230
5135	-1
5136	6146394
5137	-1
5138	6148558
5139	-1
5140	6150722
5141	-1
5142	6152886
5143	-1
5144	6155050
5145	-1
5146	-1
5147	6157214
5148	-1
5149	6159378
5150	-1
5151	6161542
5152	-1
5153	6163706
5154	-1
5155	6165870
5156	-1
5157	6168034
5158	-1
5159	-1
5160	6170198
5161	-1
5162	6172362
5163	-1
5164	6174526
5165	-1
5166	6176690
5167	-1
5168	6178854
5169	-1
5170	6181018
5171	-1
5172	-1
5173	6183182
5174	-1
5175	6185346
5176	-1
5177	6187510
5178	-1
5179	6189674
5180	-1
5181	6191838
5182	-1
5183	6194002
5184	-1
5185	6196166
5186	-1
5187	-1
5188	6198330
5189	-1
5190	6200494
5191	-1
5192	6202658
5193	-1
5194	6204822
5195	-1
5196	6206986
5197	-1
5198	6209150
5199	-1
5200	-1
5201	6211314
5202	-1
5203	6213478
5204	-1
5205	6215642
5206	-1
5207	6217806
5208	-1
5209	6219970
5210	-1
5211	6222134
5212	-1
5213	-1
5214	6224298
5215	-1
5216	6226462
5217	-1
5218	6228626
5219	-1
5220	6230790
5221	-1
5222	6232954
5223	-1
5224	6235118
5225	-1
5226	-1
5227	6237282
5228	-1
5229	6239446
5230	-1
5231	6241610
5232	-1
5233	6243774
5234	-1
5235	6245938
5236	-1
5237	6248102
5238	-1
5239	-1
5240	6250266
5241	-1
5242	6252430
5243	-1
5244	6254594
5245	-1
5246	6256758
5247	-1
5248	6258922
5249	-1
5250	6261086
5251	-1
5252	-1
5253	6263250
5254	-1
5255	6265414
5256	-1
5257	6267578
5258	-1
5259	6269742
5260	-1
5261	6271906
5262	-1
5263	6274070
5264	-1
5265	-1
5266	6276234
5267	-1
5268	6278398
5269	-1
5270	6280562
5271	-1
5272	6282726
5273	-1
5274	6284890
5275	-1
5276	6287054
5277	-1
5278	-1
5279	6289218
5280	-1
5281	6291382
5282	-1
5283	6293546
5284	-1
5285	6295710
5286	-1
5287	6297874
5288	-1
5289	6300038
5290	-1
5291	-1
5292	6302202
5293	-1
5294	6304366
5295	-1
5296	6306530
5297	-1
5298	6308694
5299	-1
5300	6310858
5301	-1
5302	6313022
5303	-1
5304	-1
5305	6315186
5306	-1
5307	6317350
5308	-1
5309	6319514
5310	-1
5311	6321678
5312	-1
5313	6323842
5314	-1
5315	6326006
5316	-1
5317	6328170
5318	-1
5319	-1
5320	6330334
5321	-1
5322	6332498
5323	-1
5324	6334662
5325	-1
5326	6336826
5327	-1
5328	6338990
5329	-1
5330	6341154
5331	-1
5332	-1
5333	6343318
5334	-1
5335	6345482
5336	-1
5337	6347646
5338	-1
5339	6349810
5340	-1
5341	6351974
5342	-1
5343	6354138
5344	-1
5345	-1
5346	6356302
5347	-1
5348	6358466
5349	-1
5350	6360630
5351	-1
5352	6362794
5353	-1
5354	6364958
5355	-1
5356	6367122
5357	-1
5358	-1
5359	6369286
5360	-1
5361	6371450
5362	-1
5363	6373614
5364	-1
5365	6375778
5366	-1
5367	6377942
5368	-1
5369	6380106
5370	-1
5371	-1
5372	6382270
5373	-1
5374	6384434
5375	-1
5376	6386598
5377	-1
5378	6388762
5379	-1
5380	6390926
5381	-1
5382	6393090
5383	-1
5384	-1
5385	6395254
5386	-1
5387	6397418
5388	-1
5389	6399582
5390	-1
5391	6401746
5392	-1
5393	6403910
5394	-1
5395	6406074
5396	-1
5397	-1
5398	6408238
5399	-1
5400	6410402
5401	-1
5402	6412566
5403	-1
5404	6414730
5405	-1
5406	6416894
5407	-1
5408	6419058
5409	-1
5410	-1
5411	6421222
5412	-1
5413	6423386
5414	-1
5415	6425550
5416	-1
5417	6427714
5418	-1
5419	6429878
5420	-1
5421	6432042
5422	-1
5423	-1
5424	6434206
5425	-1
5426	6436370
5427	-1
5428	6438534
5429	-1
5430	6440698
5431	-1
5432	6442862
5433	-1
5434	6445026
5435	-1
5436	-1
5437	6447190
5438	-1
5439	6449354
5440	-1
5441	6451518
5442	-1
5443	6453682
5444	-1
5445	6455846
5446	-1
5447	6458010
5448	-1
5449	6460174
5450	-1
5451	-1
5452	6462338
5453	-1
5454	6464502
5455	-1
5456	6466666
5457	-1
5458	6468830
5459	-1
5460	6470994
5461	-1
5462	6473158
5463	-1
5464	-1
5465	6475322
5466	-1
5467	6477486
5468	-1
5469	6479650
5470	-1
5471	6481814
5472	-1
5473	6483978
5474	-1
5475	6486142
5476	-1
5477	-1
5478	6488306
5479	-1
5480	6490470
5481	-1
5482	6492634
5483	-1
5484	6494798
5485	-1
5486	6496962
5487	-1
5488	6499126
5489	-1
5490	-1
5491	6501290
5492	-1
5493	6503454
5494	-1
5495	6505618
5496	-1
5497	6507782
5498	-1
5499	6509946
5500	-1
5501	6512110
5502	-1
5503	-1
5504	6514274
5505	-1
5506	6516438
5507	-1
5508	6518602
5509	-1
5510	6520766
5511	-1
5512	6522930
5513	-1
5514	6525094
5515	-1
5516	-1
5517	6527258
5518	-1
5519	6529422
5520	-1
5521	6531586
5522	-1
5523	6533750
5524	-1
5525	6535914
5526	-1
5527	6538078
5528	-1
5529	-1
5530	6540242
5531	-1
5532	6542406
5533	-1
5534	6544570
5535	-1
5536	6546734
5537	-1
5538	6548898
5539	-1
5540	6551062
5541	-1
5542	-1
5543	6553226
5544	-1
5545	6555390
5546	-1
5547	6557554
5548	-1
5549	6559718
5550	-1
5551	6561882
5552	-1
5553	6564046
5554	-1
5555	-1
5556	6566210
5557	-1
5558	6568374
5559	-1
5560	6570538
5561	-1
5562	6572702
5563	-1
5564	6574866
5565	-1
5566	6577030
5567	-1
5568	-1
5569	6579194
5570	-1
5571	6581358
5572	-1
5573	6583522
5574	-1
5575	6585686
5576	-1
5577	6587850
5578	-1
5579	6590014
5580	-1
5581	-1
5582	6592178
5583	-1
5584	6594342
5585	-1
5586	6596506
5587	-1
5588	6598670
5589	-1
5590	6600834
5591	-1
5592	6602998
5593	-1
5594	6605162
5595	-1
5596	-1
5597	6607326
5598	-1
5599	6609490
5600	-1
5601	6611654
5602	-1
5603	6613818
5604	-1
5605	6615982
5606	-1
5607	6618146
5608	-1
5609	-1
5610	6620310
5611	-1
5612	6622474
5613	-1
5614	6624638
5615	-1
5616	6626802
5617	-1
5618	6628966
5619	-1
5620	6631130
5621	-1
5622	-1
5623	6633294
5624	-1
5625	6635458
5626	-1
5627	6637622
5628	-1
5629	6639786
5630	-1
5631	6641950
5632	-1
5633	6644114
5634	-1
5635	-1
5636	6646278
5637	-1
5638	6648442
5639	-1
5640	6650606
5641	-1
5642	6652770
5643	-1
5644	6654934
5645	-1
5646	6657098
5647	-1
5648	-1
5649	6659262
5650	-1
5651	6661426
5652	-1
5653	6663590
5654	-1
5655	6665754
5656	-1
5657	6667918
5658	-1
5659	6670082
5660	-1
5661	-1
5662	6672246
5663	-1
5664	6674410
5665	-1
5666	6676574
5667	-1
5668	6678738
5669	-1
5670	6680902
5671	-1
5672	6683066
5673	-1
5674	-1
5675	6685230
5676	-1
5677	6687394
5678	-1
5679	6689558
5680	-1
5681	6691722
5682	-1
5683	6693886
5684	-1
5685	6696050
5686	-1
5687	-1
5688	6698214
5689	-1
5690	6700378
5691	-1
5692	6702542
5693	-1
5694	6704706
5695	-1
5696	6706870
5697	-1
5698	6709034
5699	-1
5700	-1
5701	6711198
5702	-1
5703	6713362
5704	-1
5705	6715526
5706	-1
5707	6717690
5708	-1
5709	6719854
5710	-1
5711	6722018
5712	-1
5713	-1
5714	6724182
5715	-1
5716	6726346
5717	-1
5718	6728510
5719	-1
5720	6730674
5721	-1
5722	6732838
5723	-1
5724	6735002
5725	-1
5726	6737166
5727	-1
5728	-1
5729	6739330
5730	-1
5731	6741494
5732	-1
5733	6743658
5734	-1
5735	6745822
5736	-1
5737	6747986
5738	-1
5739	6750150
5740	-1
5741	-1
5742	6752314
5743	-1
5744	6754478
5745	-1
5746	6756642
5747	-1
5748	6758806
5749	-1
5750	6760970
5751	-1
5752	6763134
5753	-1
5754	-1
5755	6765298
5756	-1
5757	6767462
5758	-1
5759	6769626
5760	-1
5761	6771790
5762	-1
5763	6773954
5764	-1
5765	6776118
5766	-1
5767	-1
5768	6778282
5769	-1
5770	6780446
5771	-1
5772	6782610
5773	-1
5774	6784774
5775	-1
5776	6786938
5777	-1
5778	6789102
5779	-1
5780	-1
5781	6791266
5782	-1
5783	6793430
5784	-1
5785	6795594
5786	-1
5787	6797758
5788	-1
5789	6799922
5790	-1
5791	6802086
5792	-1
5793	-1
5794	6804250
5795	-1
5796	6806414
5797	-1
5798	6808578
5799	-1
5800	6810742
5801	-1
5802	6812906
5803	-1
5804	6815070
5805	-1
5806	-1
5807	6817234
5808	-1
5809	6819398
5810	-1
5811	6821562
5812	-1
5813	6823726
5814	-1
5815	6825890
5816	-1
5817	6828054
5818	-1
5819	-1
5820	6830218
5821	-1
5822	6832382
5823	-1
5824	6834546
5825	-1
5826	6836710
5827	-1
5828	6838874
5829	-1
5830	6841038
5831	-1
5832	-1
5833	6843202
5834	-1
5835	6845366
5836	-1
5837	6847530
5838	-1
5839	6849694
5840	-1
5841	6851858
5842	-1
5843	6854022
5844	-1
5845	-1
5846	6856186
5847	-1
5848	6858350
5849	-1
5850	6860514
5851	-1
5852	6862678
5853	-1
5854	6864842
5855	-1
5856	6867006
5857	-1
5858	6869170
5859	-1
5860	-1
5861	6871334
5862	-1
5863	6873498
5864	-1
5865	6875662
5866	-1
5867	6877826
5868	-1
5869	6879990
5870	-1
5871	6882154
5872	-1
5873	-1
5874	6884318
5875	-1
5876	6886482
5877	-1
5878	6888646
5879	-1
5880	6890810
5881	-1
5882	6892974
5883	-1
5884	6895138
5885	-1
5886	-1
5887	6897302
5888	-1
5889	6899466
5890	-1
5891	6901630
5892	-1
5893	6903794
5894	-1
5895	6905958
5896	-1
5897	6908122
5898	-1
5899	-1
5900	6910286
5901	-1
5902	6912450
5903	-1
5904	6914614
5905	-1
5906	6916778
5907	-1
5908	6918942
5909	-1
5910	6921106
5911	-1
5912	-1
5913	6923270
5914	-1
5915	6925434
5916	-1
5917	6927598
5918	-1
5919	6929762
5920	-1
5921	6931926
5922	-1
5923	6934090
5924	-1
5925	-1
5926	6936254
5927	-1
5928	6938418
5929	-1
5930	6940582
5931	-1
5932	6942746
5933	-1
5934	6944910
5935	-1
5936	6947074
5937	-1
5938	-1
5939	6949238
5940	-1
5941	6951402
5942	-1
5943	6953566
5944	-1
5945	6955730
5946	-1
5947	6957894
5948	-1
5949	6960058
5950	-1
5951	-1
5952	6962222
5953	-1
5954	6964386
5955	-1
5956	6966550
5957	-1
5958	6968714
5959	-1
5960	6970878
5961	-1
5962	6973042
5963	-1
5964	-1
5965	6975206
5966	-1
5967	6977370
5968	-1
5969	6979534
5970	-1
5971	6981698
5972	-1
5973	6983862
5974	-1
5975	6986026
5976	-1
5977	-1
5978	6988190
5979	-1
5980	6990354
5981	-1
5982	6992518
5983	-1
5984	6994682
5985	-1
5986	6996846
5987	-1
5988	6999010
5989	-1
5990	7001174
5991	-1
5992	-1
5993	7003338
5994	-1
5995	7005502
5996	-1
5997	7007666
5998	-1
5999	7009830
6000	-1
6001	7011994
6002	-1
6003	7014158
6004	-1
6005	-1
6006	7016322
6007	-1
6008	7018486
6009	-1
6010	7020650
6011	-1
6012	7022814
6013	-1
6014	7024978
6015	-1
6016	7027142
6017	-1
6018	-1
6019	7029306
6020	-1
6021	7031470
6022	-1
6023	7033634
6024	-1
6025	7035798
6026	-1
6027	7037962
6028	-1
6029	7040126
6030	-1
6031	-1
6032	7042290
6033	-1
6034	7044454
6035	-1
6036	7046618
6037	-1
6038	7048782
6039	-1
6040	7050946
6041	-1
6042	7053110
6043	-1
6044	-1
6045	7055274
6046	-1
6047	7057438
6048	-1
6049	7059602
6050	-1
6051	7061766
6052	-1
6053	7063930
6054	-1
6055	7066094
6056	-1
6057	-1
6058	7068258
6059	-1
6060	7070422
6061	-1
6062	7072586
6063	-1
6064	7074750
6065	-1
6066	7076914
6067	-1
6068	7079078
6069	-1
6070	-1
6071	7081242
6072	-1
6073	7083406
6074	-1
6075	7085570
6076	-1
6077	7087734
6078	-1
6079	7089898
6080	-1
6081	7092062
6082	-1
6083	-1
6084	7094226
6085	-1
6086	7096390
6087	-1
6088	7098554
6089	-1
6090	7100718
6091	-1
6092	7102882
6093	-1
6094	7105046
6095	-1
6096	-1
6097	7107210
6098	-1
6099	7109374
6100	-1
6101	7111538
6102	-1
6103	7113702
6104	-1
6105	7115866
6106	-1
6107	7118030
6108	-1
6109	-1
6110	7120194
6111	-1
6112	7122358
6113	-1
6114	7124522
6115	-1
6116	7126686
6117	-1
6118	7128850
6119	-1
6120	7131014
6121	-1
6122	-1
6123	7133178
6124	-1
6125	7135342
6126	-1
6127	7137506
6128	-1
6129	7139670
6130	-1
6131	7141834
6132	-1
6133	7143998
6134	-1
6135	7146162
6136	-1
6137	-1
6138	7148326
6139	-1
6140	7150490
6141	-1
6142	7152654
6143	-1
6144	7154818
6145	-1
6146	7156982
6147	-1
6148	7159146
6149	-1
6150	-1
6151	7161310
6152	-1
6153	7163474
6154	-1
6155	7165638
6156	-1
6157	7167802
6158	-1
6159	7169966
6160	-1
6161	7172130
6162	-1
6163	-1
6164	7174294
6165	-1
6166	7176458
6167	-1
6168	7178622
6169	-1
6170	7180786
6171	-1
6172	7182950
6173	-1
6174	7185114
6175	-1
6176	-1
6177	7187278
6178	-1
6179	7189442
6180	-1
6181	7191606
6182	-1
6183	7193770
6184	-1
6185	7195934
6186	-1
6187	7198098
6188	-1
6189	-1
6190	7200262
6191	-1
6192	7202426
6193	-1
6194	7204590
6195	-1
6196	7206754
6197	-1
6198	7208918
6199	-1
6200	7211082
6201	-1
6202	-1
6203	7213246
6204	-1
6205	7215410
6206	-1
6207	7217574
6208	-1
6209	7219738
6210	-1
6211	7221902
6212	-1
6213	7224066
6214	-1
6215	-1
6216	7226230
6217	-1
6218	7228394
6219	-1
6220	7230558
6221	-1
6222	7232722
6223	-1
6224	7234886
6225	-1
6226	7237050
6227	-1
6228	-1
6229	7239214
6230	-1
6231	7241378
6232	-1
6233	7243542
6234	-1
6235	7245706
6236	-1
6237	7247870
6238	-1
6239	7250034
6240	-1
6241	-1
6242	7252198
6243	-1
6244	7254362
6245	-1
6246	7256526
6247	-1
6248	7258690
6249	-1
6250	7260854
6251	-1
6252	7263018
6253	-1
6254	-1
6255	7265182
6256	-1
6257	7267346
6258	-1
6259	7269510
6260	-1
6261	7271674
6262	-1
6263	7273838
6264	-1
6265	7276002
6266	-1
6267	7278166
6268	-1
6269	-1
6270	7280330
6271	-1
6272	7282494
6273	-1
6274	7284658
6275	-1
6276	7286822
6277	-1
6278	7288986
6279	-1
6280	7291150
6281	-1
6282	-1
6283	7293314
6284	-1
6285	7295478
6286	-1
6287	7297642
6288	-1
6289	7299806
6290	-1
6291	7301970
6292	-1
6293	7304134
6294	-1
6295	-1
6296	7306298
6297	-1
6298	7308462
6299	-1
6300	7310626
6301	-1
6302	7312790
6303	-1
6304	7314954
6305	-1
6306	7317118
6307	-1
6308	-1
6309	7319282
6310	-1
6311	7321446
6312	-1
6313	7323610
6314	-1
6315	7325774
6316	-1
6317	7327938
6318	-1
6319	7330102
6320	-1
6321	-1
6322	7332266
6323	-1
6324	7334430
6325	-1
6326	7336594
6327	-1
6328	7338758
6329	-1
6330	7340922
6331	-1
6332	7343086
6333	-1
6334	-1
6335	7345250
6336	-1
6337	7347414
6338	-1
6339	7349578
6340	-1
6341	7351742
6342	-1
6343	7353906
6344	-1
6345	7356070
6346	-1
6347	-1
6348	7358234
6349	-1
6350	7360398
6351	-1
6352	7362562
6353	-1
6354	7364726
6355	-1
6356	7366890
6357	-1
6358	7369054
6359	-1
6360	-1
6361	7371218
6362	-1
6363	7373382
6364	-1
6365	7375546
6366	-1
6367	7377710
6368	-1
6369	7379874
6370	-1
6371	7382038
6372	-1
6373	-1
6374	7384202
6375	-1
6376	7386366
6377	-1
6378	7388530
6379	-1
6380	7390694
6381	-1
6382	7392858
6383	-1
6384	7395022
6385	-1
6386	-1
6387	7397186
6388	-1
6389	7399350
6390	-1
6391	7401514
6392	-1
6393	7403678
6394	-1
6395	7405842
6396	-1
6397	7408006
6398	-1
6399	7410170
6400	-1
6401	-1
6402	7412334
6403	-1
6404	7414498
6405	-1
6406	7416662
6407	-1
6408	7418826
6409	-1
6410	7420990
6411	-1
6412	7423154
6413	-1
6414	-1
6415	7425318
6416	-1
6417	7427482
6418	-1
6419	7429646
6420	-1
6421	7431810
6422	-1
6423	7433974
6424	-1
6425	7436138
6426	-1
6427	-1
6428	7438302
6429	-1
6430	7440466
6431	-1
6432	7442630
6433	-1
6434	7444794
6435	-1
6436	7446958
6437	-1
6438	7449122
6439	-1
6440	-1
6441	7451286
6442	-1
6443	7453450
6444	-1
6445	7455614
6446	-1
6447	7457778
6448	-1
6449	7459942
6450	-1
6451	7462106
6452	-1
6453	-1
6454	7464270
6455	-1
6456	7466434
6457	-1
6458	7468598
6459	-1
6460	7470762
6461	-1
6462	7472926
6463	-1
6464	7475090
6465	-1
6466	-1
6467	7477254
6468	-1
6469	7479418
6470	-1
6471	7481582
6472	-1
6473	7483746
6474	-1
6475	7485910
6476	-1
6477	7488074
6478	-1
6479	-1
6480	7490238
6481	-1
6482	7492402
6483	-1
6484	7494566
6485	-1
6486	7496730
6487	-1
6488	7498894
6489	-1
6490	7501058
6491	-1
6492	-1
6493	7503222
6494	-1
6495	7505386
6496	-1
6497	7507550
6498	-1
6499	7509714
6500	-1
6501	7511878
6502	-1
6503	7514042
6504	-1
6505	-1
6506	7516206
6507	-1
6508	7518370
6509	-1
6510	7520534
6511	-1
6512	7522698
6513	-1
6514	7524862
6515	-1
6516	7527026
6517	-1
6518	-1
6519	7529190
6520	-1
6521	7531354
6522	-1
6523	7533518
6524	-1
6525	7535682
6526	-1
6527	7537846
6528	-1
6529	7540010
6530	-1
6531	7542174
6532	-1
6533	-1
6534	7544338
6535	-1
6536	7546502
6537	-1
6538	7548666
6539	-1
6540	7550830
6541	-1
6542	7552994
6543	-1
6544	7555158
6545	-1
6546	-1
6547	7557322
6548	-1
6549	7559486
6550	-1
6551	7561650
6552	-1
6553	7563814
6554	-1
6555	7565978
6556	-1
6557	7568142
6558	-1
6559	-1
6560	7570306
6561	-1
6562	7572470
6563	-1
6564	7574634
6565	-1
6566	7576798
6567	-1
6568	7578962
6569	-1
6570	7581126
6571	-1
6572	-1
6573	7583290
6574	-1
6575	7585454
6576	-1
6577	7587618
6578	-1
6579	7589782
6580	-1
6581	7591946
6582	-1
6583	7594110
6584	-1
6585	-1
6586	7596274
6587	-1
6588	7598438
6589	-1
6590	7600602
6591	-1
6592	7602766
6593	-1
6594	7604930
6595	-1
6596	7607094
6597	-1
6598	-1
6599	7609258
6600	-1
6601	7611422
6602	-1
6603	7613586
6604	-1
6605	7615750
6606	-1
6607	7617914
6608	-1
6609	7620078
6610	-1
6611	-1
6612	7622242
6613	-1
6614	7624406
6615	-1
6616	7626570
6617	-1
6618	7628734
6619	-1
6620	7630898
6621	-1
6622	7633062
6623	-1
6624	-1
6625	7635226
6626	-1
6627	7637390
6628	-1
6629	7639554
6630	-1
6631	7641718
6632	-1
6633	7643882
6634	-1
6635	7646046
6636	-1
6637	-1
6638	7648210
6639	-1
6640	7650374
6641	-1
6642	7652538
6643	-1
6644	7654702
6645	-1
6646	7656866
6647	-1
6648	7659030
6649	-1
6650	-1
6651	7661194
6652	-1
6653	7663358
6654	-1
6655	7665522
6656	-1
6657	7667686
6658	-1
6659	7669850
6660	-1
6661	7672014
6662	-1
6663	-1
6664	7674178
6665	-1
6666	7676342
6667	-1
6668	7678506
6669	-1
6670	7680670
6671	-1
6672	7682834
6673	-1
6674	7684998
6675	-1
6676	7687162
6677	-1
6678	-1
6679	7689326
6680	-1
6681	7691490
6682	-1
6683	7693654
6684	-1
6685	7695818
6686	-1
6687	7697982
6688	-1
6689	7700146
6690	-1
6691	-1
6692	7702310
6693	-1
6694	7704474
6695	-1
6696	7706638
6697	-1
6698	7708802
6699	-1
6700	7710966
6701	-1
6702	7713130
6703	-1
6704	-1
6705	7715294
6706	-1
6707	7717458
6708	-1
6709	7719622
6710	-1
6711	7721786
6712	-1
6713	7723950
6714	-1
6715	7726114
6716	-1
6717	-1
6718	7728278
6719	-1
6720	7730442
6721	-1
6722	7732606
6723	-1
6724	7734770
6725	-1
6726	7736934
6727	-1
6728	7739098
6729	-1
6730	-1
6731	7741262
6732	-1
6733	7743426
6734	-1
6735	7745590
6736	-1
6737	7747754
6738	-1
6739	7749918
6740	-1
6741	7752082
6742	-1
6743	-1
6744	7754246
6745	-1
6746	7756410
6747	-1
6748	7758574
6749	-1
6750	7760738
6751	-1
6752	7762902
6753	-1
6754	7765066
6755	-1
6756	-1
6757	7767230
6758	-1
6759	7769394
6760	-1
6761	7771558
6762	-1
6763	7773722
6764	-1
6765	7775886
6766	-1
6767	7778050
6768	-1
6769	-1
6770	7780214
6771	-1
6772	7782378
6773	-1
6774	7784542
6775	-1
6776	7786706
6777	-1
6778	7788870
6779	-1
6780	7791034
6781	-1
6782	-1
6783	7793198
6784	-1
6785	7795362
6786	-1
6787	7797526
6788	-1
6789	7799690
6790	-1
6791	7801854
6792	-1
6793	7804018
6794	-1
6795	-1
6796	7806182
6797	-1
6798	7808346
6799	-1
6800	7810510
6801	-1
6802	7812674
6803	-1
6804	7814838
6805	-1
6806	7817002
6807	-1
6808	7819166
6809	-1
6810	-1
6811	7821330
6812	-1
6813	7823494
6814	-1
6815	7825658
6816	-1
6817	7827822
6818	-1
6819	7829986
6820	-1
6821	7832150
6822	-1
6823	-1
6824	7834314
6825	-1
6826	7836478
6827	-1
6828	7838642
6829	-1
6830	7840806
6831	-1
6832	7842970
6833	-1
6834	7845134
6835	-1
6836	-1
6837	7847298
6838	-1
6839	7849462
6840	-1
6841	7851626
6842	-1
6843	7853790
6844	-1
6845	7855954
6846	-1
6847	7858118
6848	-1
6849	-1
6850	7860282
6851	-1
6852	7862446
6853	-1
6854	7864610
6855	-1
6856	7866774
6857	-1
6858	7868938
6859	-1
6860	7871102
6861	-1
6862	-1
6863	7873266
6864	-1
6865	7875430
6866	-1
6867	7877594
6868	-1
6869	7879758
6870	-1
6871	7881922
6872	-1
6873	7884086
6874	-1
6875	-1
6876	7886250
6877	-1
6878	7888414
6879	-1
6880	7890578
6881	-1
6882	7892742
6883	-1
6884	7894906
6885	-1
6886	7897070
6887	-1
6888	-1
6889	7899234
6890	-1
6891	7901398
6892	-1
6893	7903562
6894	-1
6895	7905726
6896	-1
6897	7907890
6898	-1
6899	7910054
6900	-1
6901	-1
6902	7912218
6903	-1
6904	7914382
6905	-1
6906	7916546
6907	-1
6908	7918710
6909	-1
6910	7920874
6911	-1
6912	7923038
6913	-1
6914	-1
6915	7925202
6916	-1
6917	7927366
6918	-1
6919	7929530
6920	-1
6921	7931694
6922	-1
6923	7933858
6924	-1
6925	7936022
6926	-1
6927	-1
6928	7938186
6929	-1
6930	7940350
6931	-1
6932	7942514
6933	-1
6934	7944678
6935	-1
6936	7946842
6937	-1
6938	7949006
6939	-1
6940	7951170
6941	-1
6942	-1
6943	7953334
6944	-1
6945	7955498
6946	-1
6947	7957662
6948	-1
6949	7959826
6950	-1
6951	7961990
6952	-1
6953	7964154
6954	-1
6955	-1
6956	7966318
6957	-1
6958	7968482
6959	-1
6960	7970646
6961	-1
6962	7972810
6963	-1
6964	7974974
6965	-1
6966	7977138
6967	-1
6968	-1
6969	7979302
6970	-1
6971	7981466
6972	-1
6973	7983630
6974	-1
6975	7985794
6976	-1
6977	7987958
6978	-1
6979	7990122
6980	-1
6981	-1
6982	7992286
6983	-1
6984	7994450
6985	-1
6986	7996614
6987	-1
6988	7998778
6989	-1
6990	8000942
6991	-1
6992	8003106
6993	-1
6994	-1
6995	8005270
6996	-1
6997	8007434
6998	-1
6999	8009598
7000	-1
7001	8011762
7002	-1
7003	8013926
7004	-1
7005	8016090
7006	-1
7007	-1
7008	8018254
7009	-1
7010	8020418
7011	-1
7012	8022582
7013	-1
7014	8024746
7015	-1
7016	8026910
7017	-1
7018	8029074
7019	-1
7020	-1
7021	8031238
7022	-1
7023	8033402
7024	-1
7025	8035566
7026	-1
7027	8037730
7028	-1
7029	8039894
7030	-1
7031	8042058
7032	-1
7033	-1
7034	8044222
7035	-1
7036	8046386
7037	-1
7038	8048550
7039	-1
7040	8050714
7041	-1
7042	8052878
7043	-1
7044	8055042
7045	-1
7046	-1
7047	8057206
7048	-1
7049	8059370
7050	-1
7051	8061534
7052	-1
7053	8063698
7054	-1
7055	8065862
7056	-1
7057	8068026
7058	-1
7059	-1
7060	8070190
7061	-1
7062	8072354
7063	-1
7064	8074518
7065	-1
7066	8076682
7067	-1
7068	8078846
7069	-1
7070	8081010
7071	-1
7072	8083174
7073	-1
7074	-1
7075	8085338
7076	-1
7077	8087502
7078	-1
7079	8089666
7080	-1
7081	8091830
7082	-1
7083	8093994
7084	-1
7085	8096158
7086	-1
7087	-1
7088	8098322
7089	-1
7090	8100486
7091	-1
7092	8102650
7093	-1
7094	8104814
7095	-1
7096	8106978
7097	-1
7098	8109142
7099	-1
7100	-1
7101	8111306
7102	-1
7103	8113470
7104	-1
7105	8115634
7106	-1
7107	8117798
7108	-1
7109	8119962
7110	-1
7111	8122126
7112	-1
7113	-1
7114	8124290
7115	-1
7116	8126454
7117	-1
7118	8128618
7119	-1
7120	8130782
7121	-1
7122	8132946
7123	-1
7124	8135110
7125	-1
7126	-1
7127	8137274
7128	-1
7129	8139438
7130	-1
7131	8141602
7132	-1
7133	8143766
7134	-1
7135	8145930
7136	-1
7137	8148094
7138	-1
7139	-1
7140	8150258
7141	-1
7142	8152422
7143	-1
7144	8154586
7145	-1
7146	8156750
7147	-1
7148	8158914
7149	-1
7150	8161078
7151	-1
7152	-1
7153	8163242
7154	-1
7155	8165406
7156	-1
7157	8167570
7158	-1
7159	8169734
7160	-1
7161	8171898
7162	-1
7163	8174062
7164	-1
7165	-1
7166	8176226
7167	-1
7168	8178390
7169	-1
7170	8180554
7171	-1
7172	8182718
7173	-1
7174	8184882
7175	-1
7176	8187046
7177	-1
7178	-1
7179	8189210
7180	-1
7181	8191374
7182	-1
7183	8193538
7184	-1
7185	8195702
7186	-1
7187	8197866
7188	-1
7189	8200030
7190	-1
7191	-1
7192	8202194
7193	-1
7194	8204358
7195	-1
7196	8206522
7197	-1
7198	8208686
7199	-1
7200	8210850
7201	-1
7202	8213014
7203	-1
7204	-1
7205	8215178
7206	-1
7207	8217342
7208	-1
7209	8219506
7210	-1
7211	8221670
7212	-1
7213	8223834
7214	-1
7215	8225998
7216	-1
7217	8228162
7218	-1
7219	-1
7220	8230326
7221	-1
7222	8232490
7223	-1
7224	8234654
7225	-1
7226	8236818
7227	-1
7228	8238982
7229	-1
7230	8241146
7231	-1
7232	-1
7233	8243310
7234	-1
7235	8245474
7236	-1
7237	8247638
7238	-1
7239	8249802
7240	-1
7241	8251966
7242	-1
7243	8254130
7244	-1
7245	-1
7246	8256294
7247	-1
7248	8258458
7249	-1
7250	8260622
7251	-1
7252	8262786
7253	-1
7254	8264950
7255	-1
7256	8267114
7257	-1
7258	-1
7259	8269278
7260	-1
7261	8271442
7262	-1
7263	8273606
7264	-1
7265	8275770
7266	-1
7267	8277934
7268	-1
7269	8280098
7270	-1
7271	-1
7272	8282262
7273	-1
7274	8284426
7275	-1
7276	8286590
7277	-1
7278	8288754
7279	-1
7280	8290918
7281	-1
7282	8293082
7283	-1
7284	-1
7285	8295246
7286	-1
7287	8297410
7288	-1
7289	8299574
7290	-1
7291	8301738
7292	-1
7293	8303902
7294	-1
7295	8306066
7296	-1
7297	-1
7298	8308230
7299	-1
7300	8310394
7301	-1
7302	8312558
7303	-1
7304	8314722
7305	-1
7306	8316886
7307	-1
7308	8319050
7309	-1
7310	-1
7311	8321214
7312	-1
7313	8323378
7314	-1
7315	8325542
7316	-1
7317	8327706
7318	-1
7319	8329870
7320	-1
7321	8332034
7322	-1
7323	-1
7324	8334198
7325	-1
7326	8336362
7327	-1
7328	8338526
7329	-1
7330	8340690
7331	-1
7332	8342854
7333	-1
7334	8345018
7335	-1
7336	-1
7337	8347182
7338	-1
7339	8349346
7340	-1
7341	8351510
7342	-1
7343	8353674
7344	-1
7345	8355838
7346	-1
7347	8358002
7348	-1
7349	8360166
7350	-1
7351	-1
7352	8362330
7353	-1
7354	8364494
7355	-1
7356	8366658
7357	-1
7358	8368822
7359	-1
7360	8370986
7361	-1
7362	8373150
7363	-1
7364	-1
7365	8375314
7366	-1
7367	8377478
7368	-1
7369	8379642
7370	-1
7371	8381806
7372	-1
7373	8383970
7374	-1
7375	8386134
7376	-1
7377	-1
7378	8388298
7379	-1
7380	8390462
7381	-1
7382	8392626
7383	-1
7384	8394790
7385	-1
7386	8396954
7387	-1
7388	8399118
7389	-1
7390	-1
7391	8401282
7392	-1
7393	8403446
7394	-1
7395	8405610
7396	-1
7397	8407774
7398	-1
7399	8409938
7400	-1
7401	8412102
7402	-1
7403	-1
7404	8414266
7405	-1
7406	8416430
7407	-1
7408	8418594
7409	-1
7410	8420758
7411	-1
7412	8422922
7413	-1
7414	8425086
7415	-1
7416	-1
7417	8427250
7418	-1
7419	8429414
7420	-1
7421	8431578
7422	-1
7423	8433742
7424	-1
7425	8435906
7426	-1
7427	8438070
7428	-1
7429	-1
7430	8440234
7431	-1
7432	8442398
7433	-1
7434	8444562
7435	-1
7436	8446726
7437	-1
7438	8448890
7439	-1
7440	8451054
7441	-1
7442	-1
7443	8453218
7444	-1
7445	8455382
7446	-1
7447	8457546
7448	-1
7449	8459710
7450	-1
7451	8461874
7452	-1
7453	8464038
7454	-1
7455	-1
7456	8466202
7457	-1
7458	8468366
7459	-1
7460	8470530
7461	-1
7462	8472694
7463	-1
7464	8474858
7465	-1
7466	8477022
7467	-1
7468	-1
7469	8479186
7470	-1
7471	8481350
7472	-1
7473	8483514
7474	-1
7475	8485678
7476	-1
7477	8487842
7478	-1
7479	8490006
7480	-1
7481	8492170
7482	-1
7483	-1
7484	8494334
7485	-1
7486	8496498
7487	-1
7488	8498662
7489	-1
7490	8500826
7491	-1
7492	8502990
7493	-1
7494	8505154
7495	-1
7496	-1
7497	8507318
7498	-1
7499	8509482
7500	-1
7501	8511646
7502	-1
7503	8513810
7504	-1
7505	8515974
7506	-1
7507	8518138
7508	-1
7509	-1
7510	8520302
7511	-1
7512	8522466
7513	-1
7514	8524630
7515	-1
7516	8526794
7517	-1
7518	8528958
7519	-1
7520	8531122
7521	-1
7522	-1
7523	8533286
7524	-1
7525	8535450
7526	-1
7527	8537614
7528	-1
7529	8539778
7530	-1
7531	8541942
7532	-1
7533	8544106
7534	-1
7535	-1
7536	8546270
7537	-1
7538	8548434
7539	-1
7540	8550598
7541	-1
7542	8552762
7543	-1
7544	8554926
7545	-1
7546	8557090
7547	-1
7548	-1
7549	8559254
7550	-1
7551	8561418
7552	-1
7553	8563582
7554	-1
7555	8565746
7556	-1
7557	8567910
7558	-1
7559	8570074
7560	-1
7561	-1
7562	8572238
7563	-1
7564	8574402
7565	-1
7566	8576566
7567	-1
7568	8578730
7569	-1
7570	8580894
7571	-1
7572	8583058
7573	-1
7574	-1
7575	8585222
7576	-1
7577	8587386
7578	-1
7579	8589550
7580	-1
7581	8591714
7582	-1
7583	8593878
7584	-1
7585	8596042
7586	-1
7587	-1
7588	8598206
7589	-1
7590	8600370
7591	-1
7592	8602534
7593	-1
7594	8604698
7595	-1
7596	8606862
7597	-1
7598	8609026
7599	-1
7600	-1
7601	8611190
7602	-1
7603	8613354
7604	-1
7605	8615518
7606	-1
7607	8617682
7608	-1
7609	8619846
7610	-1
7611	8622010
7612	-1
7613	8624174
7614	-1
7615	-1
7616	8626338
7617	-1
7618	8628502
7619	-1
7620	8630666
7621	-1
7622	8632830
7623	-1
7624	8634994
7625	-1
7626	8637158
7627	-1
7628	-1
7629	8639322
7630	-1
7631	8641486
7632	-1
7633	8643650
7634	-1
7635	8645814
7636	-1
7637	8647978
7638	-1
7639	8650142
7640	-1
7641	-1
7642	8652306
7643	-1
7644	8654470
7645	-1
7646	8656634
7647	-1
7648	8658798
7649	-1
7650	8660962
7651	-1
7652	8663126
7653	-1
7654	-1
7655	8665290
7656	-1
7657	8667454
7658	-1
7659	8669618
7660	-1
7661	8671782
7662	-1
7663	8673946
7664	-1
7665	8676110
7666	-1
7667	-1
7668	8678274
7669	-1
7670	8680438
7671	-1
7672	8682602
7673	-1
7674	8684766
7675	-1
7676	8686930
7677	-1
7678	8689094
7679	-1
7680	-1
7681	8691258
7682	-1
7683	8693422
7684	-1
7685	8695586
7686	-1
7687	8697750
7688	-1
7689	8699914
7690	-1
7691	8702078
7692	-1
7693	-1
7694	8704242
7695	-1
7696	8706406
7697	-1
7698	8708570
7699	-1
7700	8710734
7701	-1
7702	8712898
7703	-1
7704	8715062
7705	-1
7706	-1
7707	8717226
7708	-1
7709	8719390
7710	-1
7711	8721554
7712	-1
7713	8723718
7714	-1
7715	8725882
7716	-1
7717	8728046
7718	-1
7719	-1
7720	8730210
7721	-1
7722	8732374
7723	-1
7724	8734538
7725	-1
7726	8736702
7727	-1
7728	8738866
7729	-1
7730	8741030
7731	-1
7732	-1
7733	8743194
7734	-1
7735	8745358
7736	-1
7737	8747522
7738	-1
7739	8749686
7740	-1
7741	8751850
7742	-1
7743	8754014
7744	-1
7745	-1
7746	8756178
7747	-1
7748	8758342
7749	-1
7750	8760506
7751	-1
7752	8762670
7753	-1
7754	8764834
7755	-1
7756	8766998
7757	-1
7758	8769162
7759	-1
7760	-1
7761	8771326
7762	-1
7763	8773490
7764	-1
7765	8775654
7766	-1
7767	8777818
7768	-1
7769	8779982
7770	-1
7771	8782146
7772	-1
7773	-1
7774	8784310
7775	-1
7776	8786474
7777	-1
7778	8788638
7779	-1
7780	8790802
7781	-1
7782	8792966
7783	-1
7784	8795130
7785	-1
7786	-1
7787	8797294
7788	-1
7789	8799458
7790	-1
7791	8801622
7792	-1
7793	8803786
7794	-1
7795	8805950
7796	-1
7797	8808114
7798	-1
7799	-1
7800	8810278
7801	-1
7802	8812442
7803	-1
7804	8814606
7805	-1
7806	8816770
7807	-1
7808	8818934
7809	-1
7810	8821098
7811	-1
7812	-1
7813	8823262
7814	-1
7815	8825426
7816	-1
7817	8827590
7818	-1
7819	8829754
7820	-1
7821	8831918
7822	-1
7823	8834082
7824	-1
7825	-1
7826	8836246
7827	-1
7828	8838410
7829	-1
7830	8840574
7831	-1
7832	8842738
7833	-1
7834	8844902
7835	-1
7836	8847066
7837	-1
7838	-1
7839	8849230
7840	-1
7841	8851394
7842	-1
7843	8853558
7844	-1
7845	8855722
7846	-1
7847	8857886
7848	-1
7849	8860050
7850	-1
7851	-1
7852	8862214
7853	-1
7854	8864378
7855	-1
7856	8866542
7857	-1
7858	8868706
7859	-1
7860	8870870
7861	-1
7862	8873034
7863	-1
7864	-1
7865	8875198
7866	-1
7867	8877362
7868	-1
7869	8879526
7870	-1
7871	8881690
7872	-1
7873	8883854
7874	-1
7875	8886018
7876	-1
7877	-1
7878	8888182
7879	-1
7880	8890346
7881	-1
7882	8892510
7883	-1
7884	8894674
7885	-1
7886	8896838
7887	-1
7888	8899002
7889	-1
7890	8901166
7891	-1
7892	-1
7893	8903330
7894	-1
7895	8905494
7896	-1
7897	8907658
7898	-1
7899	8909822
7900	-1
7901	8911986
7902	-1
7903	8914150
7904	-1
7905	-1
7906	8916314
7907	-1
7908	8918478
7909	-1
7910	8920642
7911	-1
7912	8922806
7913	-1
7914	8924970
7915	-1
7916	8927134
7917	-1
7918	-1
7919	8929298
7920	-1
7921	8931462
7922	-1
7923	8933626
7924	-1
7925	8935790
7926	-1
7927	8937954
7928	-1
7929	8940118
7930	-1
7931	-1
7932	8942282
7933	-1
7934	8944446
7935	-1
7936	8946610
7937	-1
7938	8948774
7939	-1
7940	8950938
7941	-1
7942	8953102
7943	-1
7944	-1
7945	8955266
7946	-1
7947	8957430
7948	-1
7949	8959594
7950	-1
7951	8961758
7952	-1
7953	8963922
7954	-1
7955	8966086
7956	-1
7957	-1
7958	8968250
7959	-1
7960	8970414
7961	-1
7962	8972578
7963	-1
7964	8974742
7965	-1
7966	8976906
7967	-1
7968	8979070
7969	-1
7970	-1
7971	8981234
7972	-1
7973	8983398
7974	-1
7975	8985562
7976	-1
7977	8987726
7978	-1
7979	8989890
7980	-1
7981	8992054
7982	-1
7983	-1
7984	8994218
7985	-1
7986	8996382
7987	-1
7988	8998546
7989	-1
7990	9000710
7991	-1
7992	9002874
7993	-1
7994	9005038
7995	-1
7996	-1
7997	9007202
7998	-1
7999	9009366
8000	-1
8001	9011530
8002	-1
8003	9013694
8004	-1
8005	9015858
8006	-1
8007	9018022
8008	-1
8009	-1
8010	9020186
8011	-1
8012	9022350
8013	-1
8014	9024514
8015	-1
8016	9026678
8017	-1
8018	9028842
8019	-1
8020	9031006
8021	-1
8022	9033170
8023	-1
8024	-1
8025	9035334
8026	-1
8027	9037498
8028	-1
8029	9039662
8030	-1
8031	9041826
8032	-1
8033	9043990
8034	-1
8035	9046154
8036	-1
8037	-1
8038	9048318
8039	-1
8040	9050482
8041	-1
8042	9052646
8043	-1
8044	9054810
8045	-1
8046	9056974
8047	-1
8048	9059138
8049	-1
8050	-1
8051	9061302
8052	-1
8053	9063466
8054	-1
8055	9065630
8056	-1
8057	9067794
8058	-1
8059	9069958
8060	-1
8061	9072122
8062	-1
8063	-1
8064	9074286
8065	-1
8066	9076450
8067	-1
8068	9078614
8069	-1
8070	9080778
8071	-1
8072	9082942
8073	-1
8074	9085106
8075	-1
8076	-1
8077	9087270
8078	-1
8079	9089434
8080	-1
8081	9091598
8082	-1
8083	9093762
8084	-1
8085	9095926
8086	-1
8087	9098090
8088	-1
8089	-1
8090	9100254
8091	-1
8092	9102418
8093	-1
8094	9104582
8095	-1
8096	9106746
8097	-1
8098	9108910
8099	-1
8100	9111074
8101	-1
8102	-1
8103	9113238
8104	-1
8105	9115402
8106	-1
8107	9117566
8108	-1
8109	9119730
8110	-1
8111	9121894
8112	-1
8113	9124058
8114	-1
8115	-1
8116	9126222
8117	-1
8118	9128386
8119	-1
8120	9130550
8121	-1
8122	9132714
8123	-1
8124	9134878
8125	-1
8126	9137042
8127	-1
8128	-1
8129	9139206
8130	-1
8131	9141370
8132	-1
8133	9143534
8134	-1
8135	9145698
8136	-1
8137	9147862
8138	-1
8139	9150026
8140	-1
8141	-1
8142	9152190
8143	-1
8144	9154354
8145	-1
8146	9156518
8147	-1
8148	9158682
8149	-1
8150	9160846
8151	-1
8152	9163010
8153	-1
8154	9165174
8155	-1
8156	-1
8157	9167338
8158	-1
8159	9169502
8160	-1
8161	9171666
8162	-1
8163	9173830
8164	-1
8165	9175994
8166	-1
8167	9178158
8168	-1
8169	-1
8170	9180322
8171	-1
8172	9182486
8173	-1
8174	9184650
8175	-1
8176	9186814
8177	-1
8178	9188978
8179	-1
8180	9191142
8181	-1
8182	-1
8183	9193306
8184	-1
8185	9195470
8186	-1
8187	9197634
8188	-1
8189	9199798
8190	-1
8191	9201962
8192	-1
8193	9204126
8194	-1
8195	-1
8196	9206290
8197	-1
8198	9208454
8199	-1
8200	9210618
8201	-1
8202	9212782
8203	-1
8204	9214946
8205	-1
8206	9217110
8207	-1
8208	-1
8209	9219274
8210	-1
8211	9221438
8212	-1
8213	9223602
8214	-1
8215	9225766
8216	-1
8217	9227930
8218	-1
8219	9230094
8220	-1
8221	-1
8222	9232258
8223	-1
8224	9234422
8225	-1
8226	9236586
8227	-1
8228	9238750
8229	-1
8230	9240914
8231	-1
8232	9243078
8233	-1
8234	-1
8235	9245242
8236	-1
8237	9247406
8238	-1
8239	9249570
8240	-1
8241	9251734
8242	-1
8243	9253898
8244	-1
8245	9256062
8246	-1
8247	-1
8248	9258226
8249	-1
8250	9260390
8251	-1
8252	9262554
8253	-1
8254	9264718
8255	-1
8256	9266882
8257	-1
8258	9269046
8259	-1
8260	-1
8261	9271210
8262	-1
8263	9273374
8264	-1
8265	9275538
8266	-1
8267	9277702
8268	-1
8269	9279866
8270	-1
8271	9282030
8272	-1
8273	-1
8274	9284194
8275	-1
8276	9286358
8277	-1
8278	9288522
8279	-1
8280	9290686
8281	-1
8282	9292850
8283	-1
8284	9295014
8285	-1
8286	-1
8287	9297178
8288	-1
8289	9299342
8290	-1
8291	9301506
8292	-1
8293	9303670
8294	-1
8295	9305834
8296	-1
8297	9307998
8298	-1
8299	9310162
8300	-1
8301	-1
8302	9312326
8303	-1
8304	9314490
8305	-1
8306	9316654
8307	-1
8308	9318818
8309	-1
8310	9320982
8311	-1
8312	9323146
8313	-1
8314	-1
8315	9325310
8316	-1
8317	9327474
8318	-1
8319	9329638
8320	-1
8321	9331802
8322	-1
8323	9333966
8324	-1
8325	9336130
8326	-1
8327	-1
8328	9338294
8329	-1
8330	9340458
8331	-1
8332	9342622
8333	-1
8334	9344786
8335	-1
8336	9346950
8337	-1
8338	9349114
8339	-1
8340	-1
8341	9351278
8342	-1
8343	9353442
8344	-1
8345	9355606
8346	-1
8347	9357770
8348	-1
8349	9359934
8350	-1
8351	9362098
8352	-1
8353	-1
8354	9364262
8355	-1
8356	9366426
8357	-1
8358	9368590
8359	-1
8360	9370754
8361	-1
8362	9372918
8363	-1
8364	9375082
8365	-1
8366	-1
8367	9377246
8368	-1
8369	9379410
8370	-1
8371	9381574
8372	-1
8373	9383738
8374	-1
8375	9385902
8376	-1
8377	9388066
8378	-1
8379	-1
8380	9390230
8381	-1
8382	9392394
8383	-1
8384	9394558
8385	-1
8386	9396722
8387	-1
8388	9398886
8389	-1
8390	9401050
8391	-1
8392	-1
8393	9403214
8394	-1
8395	9405378
8396	-1
8397	9407542
8398	-1
8399	9409706
8400	-1
8401	9411870
8402	-1
8403	9414034
8404	-1
8405	-1
8406	9416198
8407	-1
8408	9418362
8409	-1
8410	9420526
8411	-1
8412	9422690
8413	-1
8414	9424854
8415	-1
8416	9427018
8417	-1
8418	-1
8419	9429182
8420	-1
8421	9431346
8422	-1
8423	9433510
8424	-1
8425	9435674
8426	-1
8427	9437838
8428	-1
8429	9440002
8430	-1
8431	9442166
8432	-1
8433	-1
8434	9444330
8435	-1
8436	9446494
8437	-1
8438	9448658
8439	-1
8440	9450822
8441	-1
8442	9452986
8443	-1
8444	9455150
8445	-1
8446	-1
8447	9457314
8448	-1
8449	9459478
8450	-1
8451	9461642
8452	-1
8453	9463806
8454	-1
8455	9465970
8456	-1
8457	9468134
8458	-1
8459	-1
8460	9470298
8461	-1
8462	9472462
8463	-1
8464	9474626
8465	-1
8466	9476790
8467	-1
8468	9478954
8469	-1
8470	9481118
8471	-1
8472	-1
8473	9483282
8474	-1
8475	9485446
8476	-1
8477	9487610
8478	-1
8479	9489774
8480	-1
8481	9491938
8482	-1
8483	9494102
8484	-1
8485	-1
8486	9496266
8487	-1
8488	9498430
8489	-1
8490	9500594
8491	-1
8492	9502758
8493	-1
8494	9504922
8495	-1
8496	9507086
8497	-1
8498	-1
8499	9509250
8500	-1
8501	9511414
8502	-1
8503	9513578
8504	-1
8505	9515742
8506	-1
8507	9517906
8508	-1
8509	9520070
8510	-1
8511	-1
8512	9522234
8513	-1
8514	9524398
8515	-1
8516	9526562
8517	-1
8518	9528726
8519	-1
8520	9530890
8521	-1
8522	9533054
8523	-1
8524	-1
8525	9535218
8526	-1
8527	9537382
8528	-1
8529	9539546
8530	-1
8531	9541710
8532	-1
8533	9543874
8534	-1
8535	9546038
8536	-1
8537	-1
8538	9548202
8539	-1
8540	9550366
8541	-1
8542	9552530
8543	-1
8544	9554694
8545	-1
8546	9556858
8547	-1
8548	9559022
8549	-1
8550	-1
8551	9561186
8552	-1
8553	9563350
8554	-1
8555	9565514
8556	-1
8557	9567678
8558	-1
8559	9569842
8560	-1
8561	9572006
8562	-1
8563	9574170
8564	-1
8565	-1
8566	9576334
8567	-1
8568	9578498
8569	-1
8570	9580662
8571	-1
8572	9582826
8573	-1
8574	9584990
8575	-1
8576	9587154
8577	-1
8578	-1
8579	9589318
8580	-1
8581	9591482
8582	-1
8583	9593646
8584	-1
8585	9595810
8586	-1
8587	9597974
8588	-1
8589	9600138
8590	-1
8591	-1
8592	9602302
8593	-1
8594	9604466
8595	-1
8596	9606630
8597	-1
8598	9608794
8599	-1
8600	9610958
8601	-1
8602	9613122
8603	-1
8604	-1
8605	9615286
8606	-1
8607	9617450
8608	-1
8609	9619614
8610	-1
8611	9621778
8612	-1
8613	9623942
8614	-1
8615	9626106
8616	-1
8617	-1
8618	9628270
8619	-1
8620	9630434
8621	-1
8622	9632598
8623	-1
8624	9634762
8625	-1
8626	9636926
8627	-1
8628	9639090
8629	-1
8630	-1
8631	9641254
8632	-1
8633	9643418
8634	-1
8635	9645582
8636	-1
8637	9647746
8638	-1
8639	9649910
8640	-1
8641	9652074
8642	-1
8643	-1
8644	9654238
8645	-1
8646	9656402
8647	-1
8648	9658566
8649	-1
8650	9660730
8651	-1
8652	9662894
8653	-1
8654	9665058
8655	-1
8656	-1
8657	9667222
8658	-1
8659	9669386
8660	-1
8661	9671550
8662	-1
8663	9673714
8664	-1
8665	9675878
8666	-1
8667	9678042
8668	-1
8669	-1
8670	9680206
8671	-1
8672	9682370
8673	-1
8674	9684534
8675	-1
8676	9686698
8677	-1
8678	9688862
8679	-1
8680	9691026
8681	-1
8682	-1
8683	9693190
8684	-1
8685	9695354
8686	-1
8687	9697518
8688	-1
8689	9699682
8690	-1
8691	9701846
8692	-1
8693	9704010
8694	-1
8695	9706174
8696	-1
8697	-1
8698	9708338
8699	-1
8700	9710502
8701	-1
8702	9712666
8703	-1
8704	9714830
8705	-1
8706	9716994
8707	-1
8708	9719158
8709	-1
8710	-1
8711	9721322
8712	-1
8713	9723486
8714	-1
8715	9725650
8716	-1
8717	9727814
8718	-1
8719	9729978
8720	-1
8721	9732142
8722	-1
8723	-1
8724	9734306
8725	-1
8726	9736470
8727	-1
8728	9738634
8729	-1
8730	9740798
8731	-1
8732	9742962
8733	-1
8734	9745126
8735	-1
8736	-1
8737	9747290
8738	-1
8739	9749454
8740	-1
8741	9751618
8742	-1
8743	9753782
8744	-1
8745	9755946
8746	-1
8747	9758110
8748	-1
8749	-1
8750	9760274
8751	-1
8752	9762438
8753	-1
8754	9764602
8755	-1
8756	9766766
8757	-1
8758	9768930
8759	-1
8760	9771094
8761	-1
8762	-1
8763	9773258
8764	-1
8765	9775422
8766	-1
8767	9777586
8768	-1
8769	9779750
8770	-1
8771	9781914
8772	-1
8773	9784078
8774	-1
8775	-1
8776	9786242
8777	-1
8778	9788406
8779	-1
8780	9790570
8781	-1
8782	9792734
8783	-1
8784	9794898
8785	-1
8786	9797062
8787	-1
8788	-1
8789	9799226
8790	-1
8791	9801390
8792	-1
8793	9803554
8794	-1
8795	9805718
8796	-1
8797	9807882
8798	-1
8799	9810046
8800	-1
8801	-1
8802	9812210
8803	-1
8804	9814374
8805	-1
8806	9816538
8807	-1
8808	9818702
8809	-1
8810	9820866
8811	-1
8812	9823030
8813	-1
8814	-1
8815	9825194
8816	-1
8817	9827358
8818	-1
8819	9829522
8820	-1
8821	9831686
8822	-1
8823	9833850
8824	-1
8825	9836014
8826	-1
8827	-1
8828	9838178
8829	-1
8830	9840342
8831	-1
8832	9842506
8833	-1
8834	9844670
8835	-1
8836	9846834
8837	-1
8838	9848998
8839	-1
8840	9851162
8841	-1
8842	-1
8843	9853326
8844	-1
8845	9855490
8846	-1
8847	9857654
8848	-1
8849	9859818
8850	-1
8851	9861982
8852	-1
8853	9864146
8854	-1
8855	-1
8856	9866310
8857	-1
8858	9868474
8859	-1
8860	9870638
8861	-1
8862	9872802
8863	-1
8864	9874966
8865	-1
8866	9877130
8867	-1
8868	-1
8869	9879294
8870	-1
8871	9881458
8872	-1
8873	9883622
8874	-1
8875	9885786
8876	-1
8877	9887950
8878	-1
8879	9890114
8880	-1
8881	-1
8882	9892278
8883	-1
8884	9894442
8885	-1
8886	9896606
8887	-1
8888	9898770
8889	-1
8890	9900934
8891	-1
8892	9903098
8893	-1
8894	-1
8895	9905262
8896	-1
8897	9907426
8898	-1
8899	9909590
8900	-1
8901	9911754
8902	-1
8903	9913918
8904	-1
8905	9916082
8906	-1
8907	-1
8908	9918246
8909	-1
8910	9920410
8911	-1
8912	9922574
8913	-1
8914	9924738
8915	-1
8916	9926902
8917	-1
8918	9929066
8919	-1
8920	-1
8921	9931230
8922	-1
8923	9933394
8924	-1
8925	9935558
8926	-1
8927	9937722
8928	-1
8929	9939886
8930	-1
8931	9942050
8932	-1
8933	-1
8934	9944214
8935	-1
8936	9946378
8937	-1
8938	9948542
8939	-1
8940	9950706
8941	-1
8942	9952870
8943	-1
8944	9955034
8945	-1
8946	-1
8947	9957198
8948	-1
8949	9959362
8950	-1
8951	9961526
8952	-1
8953	9963690
8954	-1
8955	9965854
8956	-1
8957	9968018
8958	-1
8959	-1
8960	9970182
8961	-1
8962	9972346
8963	-1
8964	9974510
8965	-1
8966	9976674
8967	-1
8968	9978838
8969	-1
8970	9981002
8971	-1
8972	9983166
8973	-1
8974	-1
8975	9985330
8976	-1
8977	9987494
8978	-1
8979	9989658
8980	-1
8981	9991822
8982	-1
8983	9993986
8984	-1
8985	9996150
8986	-1
8987	-1
8988	9998314
8989	-1
8990	-1
8991	-1
8992	-1
8993	-1
8994	-1
8995	-1
8996	-1
8997	-1
8998	-1
8999	-1
9000	-1
9001	-1
9002	-1
9003	-1
9004	-1
9005	-1
9006	-1
9007	-1
9008	-1
9009	-1
9010	-1
9011	-1
9012	-1
9013	-1
9014	-1
9015	-1
9016	-1
9017	-1
9018	-1
9019	-1
9020	-1
9021	-1
9022	-1
9023	-1
9024	-1
9025	-1
9026	-1
9027	-1
9028	-1
9029	-1
9030	-1
9031	-1
9032	-1
9033	-1
9034	-1
9035	-1
9036	-1
9037	-1
9038	-1
9039	-1
9040	-1
9041	-1
9042	-1
9043	-1
9044	-1
9045	-1
9046	-1
9047	-1
9048	-1
9049	-1
9050	-1
9051	-1
9052	-1
9053	-1
9054	-1
9055	-1
9056	-1
9057	-1
9058	-1
9059	-1
9060	-1
9061	-1
9062	-1
9063	-1
9064	-1
9065	-1
9066	-1
9067	-1
9068	-1
9069	-1
9070	-1
9071	-1
9072	-1
9073	-1
9074	-1
9075	-1
9076	-1
9077	-1
9078	-1
9079	-1
9080	-1
9081	-1
9082	-1
9083	-1
9084	-1
9085	-1
9086	-1
9087	-1
9088	-1
9089	-1
9090	-1
9091	-1
9092	-1
9093	-1
9094	-1
9095	-1
9096	-1
9097	-1
9098	-1
9099	-1
9100	-1
9101	-1
9102	-1
9103	-1
9104	-1
9105	-1
9106	-1
9107	-1
9108	-1
9109	-1
9110	-1
9111	-1
9112	-1
9113	-1
9114	-1
9115	-1
9116	-1
9117	-1
9118	-1
9119	-1
9120	-1
9121	-1
9122	-1
9123	-1
9124	-1
9125	-1
9126	-1
9127	-1
9128	-1
9129	-1
9130	-1
9131	-1
9132	-1
9133	-1
9134	-1
9135	-1
9136	-1
9137	-1
9138	-1
9139	-1
9140	-1
9141	-1
9142	-1
9143	-1
9144	-1
9145	-1
9146	-1
9147	-1
9148	-1
9149	-1
9150	-1
9151	-1
9152	-1
9153	-1
9154	-1
9155	-1
9156	-1
9157	-1
9158	-1
9159	-1
9160	-1
9161	-1
9162	-1
9163	-1
9164	-1
9165	-1
9166	-1
9167	-1
9168	-1
9169	-1
9170	-1
9171	-1
9172	-1
9173	-1
9174	-1
9175	-1
9176	-1
9177	-1
9178	-1
9179	-1
9180	-1
9181	-1
9182	-1
9183	-1
9184	-1
9185	-1
9186	-1
9187	-1
9188	-1
9189	-1
9190	-1
9191	-1
9192	-1
9193	-1
9194	-1
9195	-1
9196	-1
9197	-1
9198	-1
9199	-1
9200	-1
9201	-1
9202	-1
9203	-1
9204	-1
9205	-1
9206	-1
9207	-1
9208	-1
9209	-1
9210	-1
9211	-1
9212	-1
9213	-1
9214	-1
9215	-1
9216	-1
9217	-1
9218	-1
9219	-1
9220	-1
9221	-1
9222	-1
9223	-1
9224	-1
9225	-1
9226	-1
9227	-1
9228	-1
9229	-1
9230	-1
9231	-1
9232	-1
9233	-1
9234	-1
9235	-1
9236	-1
9237	-1
9238	-1
9239	-1
9240	-1
9241	-1
9242	-1
9243	-1
9244	-1
9245	-1
9246	-1
9247	-1
9248	-1
9249	-1
9250	-1
9251	-1
9252	-1
9253	-1
9254	-1
9255	-1
9256	-1
9257	-1
9258	-1
9259	-1
9260	-1
9261	-1
9262	-1
9263	-1
9264	-1
9265	-1
9266	-1
9267	-1
9268	-1
9269	-1
9270	-1
9271	-1
9272	-1
9273	-1
9274	-1
9275	-1
9276	-1
9277	-1
9278	-1
9279	-1
9280	-1
9281	-1
9282	-1
9283	-1
9284	-1
9285	-1
9286	-1
9287	-1
9288	-1
9289	-1
9290	-1
9291	-1
9292	-1
9293	-1
9294	-1
9295	-1
9296	-1
9297	-1
9298	-1
9299	-1
9300	-1
9301	-1
9302	-1
9303	-1
9304	-1
9305	-1
9306	-1
9307	-1
9308	-1
9309	-1
9310	-1
9311	-1
9312	-1
9313	-1
9314	-1
9315	-1
9316	-1
9317	-1
9318	-1
9319	-1
9320	-1
9321	-1
9322	-1
9323	-1
9324	-1
9325	-1
9326	-1
9327	-1
9328	-1
9329	-1
9330	-1
9331	-1
9332	-1
9333	-1
9334	-1
9335	-1
9336	-1
9337	-1
9338	-1
9339	-1
9340	-1
9341	-1
9342	-1
9343	-1
9344	-1
9345	-1
9346	-1
9347	-1
9348	-1
9349	-1
9350	-1
9351	-1
9352	-1
9353	-1
9354	-1
9355	-1
9356	-1
9357	-1
9358	-1
9359	-1
9360	-1
9361	-1
9362	-1
9363	-1
9364	-1
9365	-1
9366	-1
9367	-1
9368	-1
9369	-1
9370	-1
9371	-1
9372	-1
9373	-1
9374	-1
9375	-1
9376	-1
9377	-1
9378	-1
9379	-1
9380	-1
9381	-1
9382	-1
9383	-1
9384	-1
9385	-1
9386	-1
9387	-1
9388	-1
9389	-1
9390	-1
9391	-1
9392	-1
9393	-1
9394	-1
9395	-1
9396	-1
9397	-1
9398	-1
9399	-1
9400	-1
9401	-1
9402	-1
9403	-1
9404	-1
9405	-1
9406	-1
9407	-1
9408	-1
9409	-1
9410	-1
9411	-1
9412	-1
9413	-1
9414	-1
9415	-1
9416	-1
9417	-1
9418	-1
9419	-1
9420	-1
9421	-1
9422	-1
9423	-1
9424	-1
9425	-1
9426	-1
9427	-1
9428	-1
9429	-1
9430	-1
9431	-1
9432	-1
9433	-1
9434	-1
9435	-1
9436	-1
9437	-1
9438	-1
9439	-1
9440	-1
9441	-1
9442	-1
9443	-1
9444	-1
9445	-1
9446	-1
9447	-1
9448	-1
9449	-1
9450	-1
9451	-1
9452	-1
9453	-1
9454	-1
9455	-1
9456	-1
9457	-1
9458	-1
9459	-1
9460	-1
9461	-1
9462	-1
9463	-1
9464	-1
9465	-1
9466	-1
9467	-1
9468	-1
9469	-1
9470	-1
9471	-1
9472	-1
9473	-1
9474	-1
9475	-1
9476	-1
9477	-1
9478	-1
9479	-1
9480	-1
9481	-1
9482	-1
9483	-1
9484	-1
9485	-1
9486	-1
9487	-1
9488	-1
9489	-1
9490	-1
9491	-1
9492	-1
9493	-1
9494	-1
9495	-1
9496	-1
9497	-1
9498	-1
9499	-1
9500	-1
9501	-1
9502	-1
9503	-1
9504	-1
9505	-1
9506	-1
9507	-1
9508	-1
9509	-1
9510	-1
9511	-1
9512	-1
9513	-1
9514	-1
9515	-1
9516	-1
9517	-1
9518	-1
9519	-1
9520	-1
9521	-1
9522	-1
9523	-1
9524	-1
9525	-1
9526	-1
9527	-1
9528	-1
9529	-1
9530	-1
9531	-1
9532	-1
9533	-1
9534	-1
9535	-1
9536	-1
9537	-1
9538	-1
9539	-1
9540	-1
9541	-1
9542	-1
9543	-1
9544	-1
9545	-1
9546	-1
9547	-1
9548	-1
9549	-1
9550	-1
9551	-1
9552	-1
9553	-1
9554	-1
9555	-1
9556	-1
9557	-1
9558	-1
9559	-1
9560	-1
9561	-1
9562	-1
9563	-1
9564	-1
9565	-1
9566	-1
9567	-1
9568	-1
9569	-1
9570	-1
9571	-1
9572	-1
9573	-1
9574	-1
9575	-1
9576	-1
9577	-1
9578	-1
9579	-1
9580	-1
9581	-1
9582	-1
9583	-1
9584	-1
9585	-1
9586	-1
9587	-1
9588	-1
9589	-1
9590	-1
9591	-1
9592	-1
9593	-1
9594	-1
9595	-1
9596	-1
9597	-1
9598	-1
9599	-1
9600	-1
9601	-1
9602	-1
9603	-1
9604	-1
9605	-1
9606	-1
9607	-1
9608	-1
9609	-1
9610	-1
9611	-1
9612	-1
9613	-1
9614	-1
9615	-1
9616	-1
9617	-1
9618	-1
9619	-1
9620	-1
9621	-1
9622	-1
9623	-1
9624	-1
9625	-1
9626	-1
9627	-1
9628	-1
9629	-1
9630	-1
9631	-1
9632	-1
9633	-1
9634	-1
9635	-1
9636	-1
9637	-1
9638	-1
9639	-1
9640	-1
9641	-1
9642	-1
9643	-1
9644	-1
9645	-1
9646	-1
9647	-1
9648	-1
9649	-1
9650	-1
9651	-1
9652	-1
9653	-1
9654	-1
9655	-1
9656	-1
9657	-1
9658	-1
9659	-1
9660	-1
9661	-1
9662	-1
9663	-1
9664	-1
9665	-1
9666	-1
9667	-1
9668	-1
9669	-1
9670	-1
9671	-1
9672	-1
9673	-1
9674	-1
9675	-1
9676	-1
9677	-1
9678	-1
9679	-1
9680	-1
9681	-1
9682	-1
9683	-1
9684	-1
9685	-1
9686	-1
9687	-1
9688	-1
9689	-1
9690	-1
9691	-1
9692	-1
9693	-1
9694	-1
9695	-1
9696	-1
9697	-1
9698	-1
9699	-1
9700	-1
9701	-1
9702	-1
9703	-1
9704	-1
9705	-1
9706	-1
9707	-1
9708	-1
9709	-1
9710	-1
9711	-1
9712	-1
9713	-1
9714	-1
9715	-1
9716	-1
9717	-1
9718	-1
9719	-1
9720	-1
9721	-1
9722	-1
9723	-1
9724	-1
9725	-1
9726	-1
9727	-1
9728	-1
9729	-1
9730	-1
9731	-1
9732	-1
9733	-1
9734	-1
9735	-1
9736	-1
9737	-1
9738	-1
9739	-1
9740	-1
9741	-1
9742	-1
9743	-1
9744	-1
9745	-1
9746	-1
9747	-1
9748	-1
9749	-1
9750	-1
9751	-1
9752	-1
9753	-1
9754	-1
9755	-1
9756	-1
9757	-1
9758	-1
9759	-1
9760	-1
9761	-1
9762	-1
9763	-1
9764	-1
9765	-1
9766	-1
9767	-1
9768	-1
9769	-1
9770	-1
9771	-1
9772	-1
9773	-1
9774	-1
9775	-1
9776	-1
9777	-1
9778	-1
9779	-1
9780	-1
9781	-1
9782	-1
9783	-1
9784	-1
9785	-1
9786	-1
9787	-1
9788	-1
9789	-1
9790	-1
9791	-1
9792	-1
9793	-1
9794	-1
9795	-1
9796	-1
9797	-1
9798	-1
9799	-1
9800	-1
9801	-1
9802	-1
9803	-1
9804	-1
9805	-1
9806	-1
9807	-1
9808	-1
9809	-1
9810	-1
9811	-1
9812	-1
9813	-1
9814	-1
9815	-1
9816	-1
9817	-1
9818	-1
9819	-1
9820	-1
9821	-1
9822	-1
9823	-1
9824	-1
9825	-1
9826	-1
9827	-1
9828	-1
9829	-1
9830	-1
9831	-1
9832	-1
9833	-1
9834	-1
9835	-1
9836	-1
9837	-1
9838	-1
9839	-1
9840	-1
9841	-1
9842	-1
9843	-1
9844	-1
9845	-1
9846	-1
9847	-1
9848	-1
9849	-1
9850	-1
9851	-1
9852	-1
9853	-1
9854	-1
9855	-1
9856	-1
9857	-1
9858	-1
9859	-1
9860	-1
9861	-1
9862	-1
9863	-1
9864	-1
9865	-1
9866	-1
9867	-1
9868	-1
9869	-1
9870	-1
9871	-1
9872	-1
9873	-1
9874	-1
9875	-1
9876	-1
9877	-1
9878	-1
9879	-1
9880	-1
9881	-1
9882	-1
9883	-1
9884	-1
9885	-1
9886	-1
9887	-1
9888	-1
9889	-1
9890	-1
9891	-1
9892	-1
9893	-1
9894	-1
9895	-1
9896	-1
9897	-1
9898	-1
9899	-1
9900	-1
9901	-1
9902	-1
9903	-1
9904	-1
9905	-1
9906	-1
9907	-1
9908	-1
9909	-1
9910	-1
9911	-1
9912	-1
9913	-1
9914	-1
9915	-1
9916	-1
9917	-1
9918	-1
9919	-1
9920	-1
9921	-1
9922	-1
9923	-1
9924	-1
9925	-1
9926	-1
9927	-1
9928	-1
9929	-1
9930	-1
9931	-1
9932	-1
9933	-1
9934	-1
9935	-1
9936	-1
9937	-1
9938	-1
9939	-1
9940	-1
9941	-1
9942	-1
9943	-1
9944	-1
9945	-1
9946	-1
9947	-1
9948	-1
9949	-1
9950	-1
9951	-1
9952	-1
9953	-1
9954	-1
9955	-1
9956	-1
9957	-1
9958	-1
9959	-1
9960	-1
9961	-1
9962	-1
9963	-1
9964	-1
9965	-1
9966	-1
9967	-1
9968	-1
9969	-1
9970	-1
9971	-1
9972	-1
9973	-1
9974	-1
9975	-1
9976	-1
9977	-1
9978	-1
9979	-1
9980	-1
9981	-1
9982	-1
9983	-1
9984	-1
9985	-1
9986	-1
9987	-1
9988	-1
9989	-1
9990	-1
9991	-1
9992	-1
9993	-1
9994	-1
9995	-1
9996	-1
9997	-1
9998	-1
9999	-1
