0	1009618
1	1012182
2	-1
3	1014746
4	-1
5	-1
6	1017310
7	-1
8	1019874
9	-1
10	-1
11	1022438
12	-1
13	1025002
14	-1
15	-1
16	1027566
17	-1
18	1030130
19	-1
20	-1
21	1032694
22	-1
23	-1
24	1035258
25	-1
26	1037822
27	-1
28	-1
29	1040386
30	-1
31	1042950
32	-1
33	-1
34	1045514
35	-1
36	1048078
37	-1
38	-1
39	1050642
40	-1
41	-1
42	1053206
43	-1
44	1055770
45	-1
46	-1
47	1058334
48	-1
49	1060898
50	-1
51	-1
52	1063462
53	-1
54	1066026
55	-1
56	-1
57	1068590
58	-1
59	-1
60	1071154
61	-1
62	1073718
63	-1
64	-1
65	1076282
66	-1
67	1078846
68	-1
69	-1
70	1081410
71	-1
72	1083974
73	-1
74	-1
75	1086538
76	-1
77	1089102
78	-1
79	-1
80	1091666
81	-1
82	-1
83	1094230
84	-1
85	1096794
86	-1
87	-1
88	1099358
89	-1
90	1101922
91	-1
92	-1
93	1104486
94	-1
95	1107050
96	-1
97	-1
98	1109614
99	-1
100	-1
101	1112178
102	-1
103	1114742
104	-1
105	-1
106	1117306
107	-1
108	1119870
109	-1
110	-1
111	1122434
112	-1
113	1124998
114	-1
115	-1
116	1127562
117	-1
118	1130126
119	-1
120	-1
121	1132690
122	-1
123	-1
124	1135254
125	-1
126	1137818
127	-1
128	-1
129	1140382
130	-1
131	1142946
132	-1
133	-1
134	1145510
135	-1
136	1148074
137	-1
138	-1
139	1150638
140	-1
141	-1
142	1153202
143	-1
144	1155766
145	-1
146	-1
147	1158330
148	-1
149	1160894
150	-1
151	-1
152	1163458
153	-1
154	1166022
155	-1
156	-1
157	1168586
158	-1
159	-1
160	1171150
161	-1
162	1173714
163	-1
164	-1
165	1176278
166	-1
167	1178842
168	-1
169	-1
170	1181406
171	-1
172	1183970
173	-1
174	-1
175	1186534
176	-1
177	1189098
178	-1
179	-1
180	1191662
181	-1
182	-1
183	1194226
184	-1
185	1196790
186	-1
187	-1
188	1199354
189	-1
190	1201918
191	-1
192	-1
193	1204482
194	-1
195	1207046
196	-1
197	-1
198	1209610
199	-1
200	-1
201	1212174
202	-1
203	1214738
204	-1
205	-1
206	1217302
207	-1
208	1219866
209	-1
210	-1
211	1222430
212	-1
213	1224994
214	-1
215	-1
216	1227558
217	-1
218	1230122
219	-1
220	-1
221	1232686
222	-1
223	-1
224	1235250
225	-1
226	1237814
227	-1
228	-1
229	1240378
230	-1
231	1242942
232	-1
233	-1
234	1245506
235	-1
236	1248070
237	-1
238	-1
239	1250634
240	-1
241	-1
242	1253198
243	-1
244	1255762
245	-1
246	-1
247	1258326
248	-1
249	1260890
250	-1
251	-1
252	1263454
253	-1
254	1266018
255	-1
256	-1
257	1268582
258	-1
259	-1
260	1271146
261	-1
262	1273710
263	-1
264	-1
265	1276274
266	-1
267	1278838
268	-1
269	-1
270	1281402
271	-1
272	1283966
273	-1
274	-1
275	1286530
276	-1
277	1289094
278	-1
279	-1
280	1291658
281	-1
282	-1
283	1294222
284	-1
285	1296786
286	-1
287	-1
288	1299350
289	-1
290	1301914
291	-1
292	-1
293	1304478
294	-1
295	1307042
296	-1
297	-1
298	1309606
299	-1
300	-1
301	1312170
302	-1
303	1314734
304	-1
305	-1
306	1317298
307	-1
308	1319862
309	-1
310	-1
311	1322426
312	-1
313	1324990
314	-1
315	-1
316	1327554
317	-1
318	1330118
319	-1
320	-1
321	1332682
322	-1
323	-1
324	1335246
325	-1
326	1337810
327	-1
328	-1
329	1340374
330	-1
331	1342938
332	-1
333	-1
334	1345502
335	-1
336	1348066
337	-1
338	-1
339	1350630
340	-1
341	-1
342	1353194
343	-1
344	1355758
345	-1
346	-1
347	1358322
348	-1
349	1360886
350	-1
351	-1
352	1363450
353	-1
354	1366014
355	-1
356	-1
357	1368578
358	-1
359	-1
360	1371142
361	-1
362	1373706
363	-1
364	-1
365	1376270
366	-1
367	1378834
368	-1
369	-1
370	1381398
371	-1
372	1383962
373	-1
374	-1
375	1386526
376	-1
377	1389090
378	-1
379	-1
380	1391654
381	-1
382	-1
383	1394218
384	-1
385	1396782
386	-1
387	-1
388	1399346
389	-1
390	1401910
391	-1
392	-1
393	1404474
394	-1
395	1407038
396	-1
397	-1
398	1409602
399	-1
400	-1
401	1412166
402	-1
403	1414730
404	-1
405	-1
406	1417294
407	-1
408	1419858
409	-1
410	-1
411	1422422
412	-1
413	1424986
414	-1
415	-1
416	1427550
417	-1
418	1430114
419	-1
420	-1
421	1432678
422	-1
423	-1
424	1435242
425	-1
426	1437806
427	-1
428	-1
429	1440370
430	-1
431	1442934
432	-1
433	-1
434	1445498
435	-1
436	1448062
437	-1
438	-1
439	1450626
440	-1
441	-1
442	1453190
443	-1
444	1455754
445	-1
446	-1
447	1458318
448	-1
449	1460882
450	-1
451	-1
452	1463446
453	-1
454	1466010
455	-1
456	-1
457	1468574
458	-1
459	-1
460	1471138
461	-1
462	1473702
463	-1
464	-1
465	1476266
466	-1
467	1478830
468	-1
469	-1
470	1481394
471	-1
472	1483958
473	-1
474	-1
475	1486522
476	-1
477	1489086
478	-1
479	-1
480	1491650
481	-1
482	-1
483	1494214
484	-1
485	1496778
486	-1
487	-1
488	1499342
489	-1
490	1501906
491	-1
492	-1
493	1504470
494	-1
495	1507034
496	-1
497	-1
498	1509598
499	-1
500	-1
501	1512162
502	-1
503	1514726
504	-1
505	-1
506	1517290
507	-1
508	1519854
509	-1
510	-1
511	1522418
512	-1
513	1524982
514	-1
515	-1
516	1527546
517	-1
518	1530110
519	-1
520	-1
521	1532674
522	-1
523	-1
524	1535238
525	-1
526	1537802
527	-1
528	-1
529	1540366
530	-1
531	1542930
532	-1
533	-1
534	1545494
535	-1
536	1548058
537	-1
538	-1
539	1550622
540	-1
541	-1
542	1553186
543	-1
544	1555750
545	-1
546	-1
547	1558314
548	-1
549	1560878
550	-1
551	-1
552	1563442
553	-1
554	1566006
555	-1
556	-1
557	1568570
558	-1
559	1571134
560	-1
561	-1
562	1573698
563	-1
564	-1
565	1576262
566	-1
567	1578826
568	-1
569	-1
570	1581390
571	-1
572	1583954
573	-1
574	-1
575	1586518
576	-1
577	1589082
578	-1
579	-1
580	1591646
581	-1
582	-1
583	1594210
584	-1
585	1596774
586	-1
587	-1
588	1599338
589	-1
590	1601902
591	-1
592	-1
593	1604466
594	-1
595	1607030
596	-1
597	-1
598	1609594
599	-1
600	-1
601	1612158
602	-1
603	1614722
604	-1
605	-1
606	1617286
607	-1
608	1619850
609	-1
610	-1
611	1622414
612	-1
613	1624978
614	-1
615	-1
616	1627542
617	-1
618	1630106
619	-1
620	-1
621	1632670
622	-1
623	-1
624	1635234
625	-1
626	1637798
627	-1
628	-1
629	1640362
630	-1
631	1642926
632	-1
633	-1
634	1645490
635	-1
636	1648054
637	-1
638	-1
639	1650618
640	-1
641	-1
642	1653182
643	-1
644	1655746
645	-1
646	-1
647	1658310
648	-1
649	1660874
650	-1
651	-1
652	1663438
653	-1
654	1666002
655	-1
656	-1
657	1668566
658	-1
659	1671130
660	-1
661	-1
662	1673694
663	-1
664	-1
665	1676258
666	-1
667	1678822
668	-1
669	-1
670	1681386
671	-1
672	1683950
673	-1
674	-1
675	1686514
676	-1
677	1689078
678	-1
679	-1
680	1691642
681	-1
682	-1
683	1694206
684	-1
685	1696770
686	-1
687	-1
688	1699334
689	-1
690	1701898
691	-1
692	-1
693	1704462
694	-1
695	1707026
696	-1
697	-1
698	1709590
699	-1
700	-1
701	1712154
702	-1
703	1714718
704	-1
705	-1
706	1717282
707	-1
708	1719846
709	-1
710	-1
711	1722410
712	-1
713	1724974
714	-1
715	-1
716	1727538
717	-1
718	1730102
719	-1
720	-1
721	1732666
722	-1
723	-1
724	1735230
725	-1
726	1737794
727	-1
728	-1
729	1740358
730	-1
731	1742922
732	-1
733	-1
734	1745486
735	-1
736	1748050
737	-1
738	-1
739	1750614
740	-1
741	-1
742	1753178
743	-1
744	1755742
745	-1
746	-1
747	1758306
748	-1
749	1760870
750	-1
751	-1
752	1763434
753	-1
754	1765998
755	-1
756	-1
757	1768562
758	-1
759	1771126
760	-1
761	-1
762	1773690
763	-1
764	-1
765	1776254
766	-1
767	1778818
768	-1
769	-1
770	1781382
771	-1
772	1783946
773	-1
774	-1
775	1786510
776	-1
777	1789074
778	-1
779	-1
780	1791638
781	-1
782	-1
783	1794202
784	-1
785	1796766
786	-1
787	-1
788	1799330
789	-1
790	1801894
791	-1
792	-1
793	1804458
794	-1
795	1807022
796	-1
797	-1
798	1809586
799	-1
800	-1
801	1812150
802	-1
803	1814714
804	-1
805	-1
806	1817278
807	-1
808	1819842
809	-1
810	-1
811	1822406
812	-1
813	1824970
814	-1
815	-1
816	1827534
817	-1
818	1830098
819	-1
820	-1
821	1832662
822	-1
823	-1
824	1835226
825	-1
826	1837790
827	-1
828	-1
829	1840354
830	-1
831	1842918
832	-1
833	-1
834	1845482
835	-1
836	1848046
837	-1
838	-1
839	1850610
840	-1
841	-1
842	1853174
843	-1
844	1855738
845	-1
846	-1
847	1858302
848	-1
849	1860866
850	-1
851	-1
852	1863430
853	-1
854	1865994
855	-1
856	-1
857	1868558
858	-1
859	1871122
860	-1
861	-1
862	1873686
863	-1
864	-1
865	1876250
866	-1
867	1878814
868	-1
869	-1
870	1881378
871	-1
872	1883942
873	-1
874	-1
875	1886506
876	-1
877	1889070
878	-1
879	-1
880	1891634
881	-1
882	-1
883	1894198
884	-1
885	1896762
886	-1
887	-1
888	1899326
889	-1
890	1901890
891	-1
892	-1
893	1904454
894	-1
895	1907018
896	-1
897	-1
898	1909582
899	-1
900	-1
901	1912146
902	-1
903	1914710
904	-1
905	-1
906	1917274
907	-1
908	1919838
909	-1
910	-1
911	1922402
912	-1
913	1924966
914	-1
915	-1
916	1927530
917	-1
918	1930094
919	-1
920	-1
921	1932658
922	-1
923	-1
924	1935222
925	-1
926	1937786
927	-1
928	-1
929	1940350
930	-1
931	1942914
932	-1
933	-1
934	1945478
935	-1
936	1948042
937	-1
938	-1
939	1950606
940	-1
941	-1
942	1953170
943	-1
944	1955734
945	-1
946	-1
947	1958298
948	-1
949	1960862
950	-1
951	-1
952	1963426
953	-1
954	1965990
955	-1
956	-1
957	1968554
958	-1
959	1971118
960	-1
961	-1
962	1973682
963	-1
964	-1
965	1976246
966	-1
967	1978810
968	-1
969	-1
970	1981374
971	-1
972	1983938
973	-1
974	-1
975	1986502
976	-1
977	1989066
978	-1
979	-1
980	1991630
981	-1
982	-1
983	1994194
984	-1
985	1996758
986	-1
987	-1
988	1999322
989	-1
990	2001886
991	-1
992	-1
993	2004450
994	-1
995	2007014
996	-1
997	-1
998	2009578
999	-1
1000	-1
1001	2012142
1002	-1
1003	2014706
1004	-1
1005	-1
1006	2017270
1007	-1
1008	2019834
1009	-1
1010	-1
1011	2022398
1012	-1
1013	2024962
1014	-1
1015	-1
1016	2027526
1017	-1
1018	2030090
1019	-1
1020	-1
1021	2032654
1022	-1
1023	-1
1024	2035218
1025	-1
1026	2037782
1027	-1
1028	-1
1029	2040346
1030	-1
1031	2042910
1032	-1
1033	-1
1034	2045474
1035	-1
1036	2048038
1037	-1
1038	-1
1039	2050602
1040	-1
1041	-1
1042	2053166
1043	-1
1044	2055730
1045	-1
1046	-1
1047	2058294
1048	-1
1049	2060858
1050	-1
1051	-1
1052	2063422
1053	-1
1054	2065986
1055	-1
1056	-1
1057	2068550
1058	-1
1059	2071114
1060	-1
1061	-1
1062	2073678
1063	-1
1064	-1
1065	2076242
1066	-1
1067	2078806
1068	-1
1069	-1
1070	2081370
1071	-1
1072	2083934
1073	-1
1074	-1
1075	2086498
1076	-1
1077	2089062
1078	-1
1079	-1
1080	2091626
1081	-1
1082	-1
1083	2094190
1084	-1
1085	2096754
1086	-1
1087	-1
1088	2099318
1089	-1
1090	2101882
1091	-1
1092	-1
1093	2104446
1094	-1
1095	2107010
1096	-1
1097	-1
1098	2109574
1099	-1
1100	-1
1101	2112138
1102	-1
1103	2114702
1104	-1
1105	-1
1106	2117266
1107	-1
1108	2119830
1109	-1
1110	-1
1111	2122394
1112	-1
1113	2124958
1114	-1
1115	-1
1116	2127522
1117	-1
1118	2130086
1119	-1
1120	-1
1121	2132650
1122	-1
1123	-1
1124	2135214
1125	-1
1126	2137778
1127	-1
1128	-1
1129	2140342
1130	-1
1131	2142906
1132	-1
1133	-1
1134	2145470
1135	-1
1136	2148034
1137	-1
1138	-1
1139	2150598
1140	-1
1141	-1
1142	2153162
1143	-1
1144	2155726
1145	-1
1146	-1
1147	2158290
1148	-1
1149	2160854
1150	-1
1151	-1
1152	2163418
1153	-1
1154	2165982
1155	-1
1156	-1
1157	2168546
1158	-1
1159	2171110
1160	-1
1161	-1
1162	2173674
1163	-1
1164	-1
1165	2176238
1166	-1
1167	2178802
1168	-1
1169	-1
1170	2181366
1171	-1
1172	2183930
1173	-1
1174	-1
1175	2186494
1176	-1
1177	2189058
1178	-1
1179	-1
1180	2191622
1181	-1
1182	-1
1183	2194186
1184	-1
1185	2196750
1186	-1
1187	-1
1188	2199314
1189	-1
1190	2201878
1191	-1
1192	-1
1193	2204442
1194	-1
1195	2207006
1196	-1
1197	-1
1198	2209570
1199	-1
1200	2212134
1201	-1
1202	-1
1203	2214698
1204	-1
1205	-1
1206	2217262
1207	-1
1208	2219826
1209	-1
1210	-1
1211	2222390
1212	-1
1213	2224954
1214	-1
1215	-1
1216	2227518
1217	-1
1218	2230082
1219	-1
1220	-1
1221	2232646
1222	-1
1223	-1
1224	2235210
1225	-1
1226	2237774
1227	-1
1228	-1
1229	2240338
1230	-1
1231	2242902
1232	-1
1233	-1
1234	2245466
1235	-1
1236	2248030
1237	-1
1238	-1
1239	2250594
1240	-1
1241	-1
1242	2253158
1243	-1
1244	2255722
1245	-1
1246	-1
1247	2258286
1248	-1
1249	2260850
1250	-1
1251	-1
1252	2263414
1253	-1
1254	2265978
1255	-1
1256	-1
1257	2268542
1258	-1
1259	2271106
1260	-1
1261	-1
1262	2273670
1263	-1
1264	-1
1265	2276234
1266	-1
1267	2278798
1268	-1
1269	-1
1270	2281362
1271	-1
1272	2283926
1273	-1
1274	-1
1275	2286490
1276	-1
1277	2289054
1278	-1
1279	-1
1280	2291618
1281	-1
1282	-1
1283	2294182
1284	-1
1285	2296746
1286	-1
1287	-1
1288	2299310
1289	-1
1290	2301874
1291	-1
1292	-1
1293	2304438
1294	-1
1295	2307002
1296	-1
1297	-1
1298	2309566
1299	-1
1300	2312130
1301	-1
1302	-1
1303	2314694
1304	-1
1305	-1
1306	2317258
1307	-1
1308	2319822
1309	-1
1310	-1
1311	2322386
1312	-1
1313	2324950
1314	-1
1315	-1
1316	2327514
1317	-1
1318	2330078
1319	-1
1320	-1
1321	2332642
1322	-1
1323	-1
1324	2335206
1325	-1
1326	2337770
1327	-1
1328	-1
1329	2340334
1330	-1
1331	2342898
1332	-1
1333	-1
1334	2345462
1335	-1
1336	2348026
1337	-1
1338	-1
1339	2350590
1340	-1
1341	-1
1342	2353154
1343	-1
1344	2355718
1345	-1
1346	-1
1347	2358282
1348	-1
1349	2360846
1350	-1
1351	-1
1352	2363410
1353	-1
1354	2365974
1355	-1
1356	-1
1357	2368538
1358	-1
1359	2371102
1360	-1
1361	-1
1362	2373666
1363	-1
1364	-1
1365	2376230
1366	-1
1367	2378794
1368	-1
1369	-1
1370	2381358
1371	-1
1372	2383922
1373	-1
1374	-1
1375	2386486
1376	-1
1377	2389050
1378	-1
1379	-1
1380	2391614
1381	-1
1382	-1
1383	2394178
1384	-1
1385	2396742
1386	-1
1387	-1
1388	2399306
1389	-1
1390	2401870
1391	-1
1392	-1
1393	2404434
1394	-1
1395	2406998
1396	-1
1397	-1
1398	2409562
1399	-1
1400	2412126
1401	-1
1402	-1
1403	2414690
1404	-1
1405	-1
1406	2417254
1407	-1
1408	2419818
1409	-1
1410	-1
1411	2422382
1412	-1
1413	2424946
1414	-1
1415	-1
1416	2427510
1417	-1
1418	2430074
1419	-1
1420	-1
1421	2432638
1422	-1
1423	-1
1424	2435202
1425	-1
1426	2437766
1427	-1
1428	-1
1429	2440330
1430	-1
1431	2442894
1432	-1
1433	-1
1434	2445458
1435	-1
1436	2448022
1437	-1
1438	-1
1439	2450586
1440	-1
1441	-1
1442	2453150
1443	-1
1444	2455714
1445	-1
1446	-1
1447	2458278
1448	-1
1449	2460842
1450	-1
1451	-1
1452	2463406
1453	-1
1454	2465970
1455	-1
1456	-1
1457	2468534
1458	-1
1459	2471098
1460	-1
1461	-1
1462	2473662
1463	-1
1464	-1
1465	2476226
1466	-1
1467	2478790
1468	-1
1469	-1
1470	2481354
1471	-1
1472	2483918
1473	-1
1474	-1
1475	2486482
1476	-1
1477	2489046
1478	-1
1479	-1
1480	2491610
1481	-1
1482	-1
1483	2494174
1484	-1
1485	2496738
1486	-1
1487	-1
1488	2499302
1489	-1
1490	2501866
1491	-1
1492	-1
1493	2504430
1494	-1
1495	2506994
1496	-1
1497	-1
1498	2509558
1499	-1
1500	2512122
1501	-1
1502	-1
1503	2514686
1504	-1
1505	-1
1506	2517250
1507	-1
1508	2519814
1509	-1
1510	-1
1511	2522378
1512	-1
1513	2524942
1514	-1
1515	-1
1516	2527506
1517	-1
1518	2530070
1519	-1
1520	-1
1521	2532634
1522	-1
1523	-1
1524	2535198
1525	-1
1526	2537762
1527	-1
1528	-1
1529	2540326
1530	-1
1531	2542890
1532	-1
1533	-1
1534	2545454
1535	-1
1536	2548018
1537	-1
1538	-1
1539	2550582
1540	-1
1541	-1
1542	2553146
1543	-1
1544	2555710
1545	-1
1546	-1
1547	2558274
1548	-1
1549	2560838
1550	-1
1551	-1
1552	2563402
1553	-1
1554	2565966
1555	-1
1556	-1
1557	2568530
1558	-1
1559	2571094
1560	-1
1561	-1
1562	2573658
1563	-1
1564	-1
1565	2576222
1566	-1
1567	2578786
1568	-1
1569	-1
1570	2581350
1571	-1
1572	2583914
1573	-1
1574	-1
1575	2586478
1576	-1
1577	2589042
1578	-1
1579	-1
1580	2591606
1581	-1
1582	-1
1583	2594170
1584	-1
1585	2596734
1586	-1
1587	-1
1588	2599298
1589	-1
1590	2601862
1591	-1
1592	-1
1593	2604426
1594	-1
1595	2606990
1596	-1
1597	-1
1598	2609554
1599	-1
1600	2612118
1601	-1
1602	-1
1603	2614682
1604	-1
1605	-1
1606	2617246
1607	-1
1608	2619810
1609	-1
1610	-1
1611	2622374
1612	-1
1613	2624938
1614	-1
1615	-1
1616	2627502
1617	-1
1618	2630066
1619	-1
1620	-1
1621	2632630
1622	-1
1623	-1
1624	2635194
1625	-1
1626	2637758
1627	-1
1628	-1
1629	2640322
1630	-1
1631	2642886
1632	-1
1633	-1
1634	2645450
1635	-1
1636	2648014
1637	-1
1638	-1
1639	2650578
1640	-1
1641	-1
1642	2653142
1643	-1
1644	2655706
1645	-1
1646	-1
1647	2658270
1648	-1
1649	2660834
1650	-1
1651	-1
1652	2663398
1653	-1
1654	2665962
1655	-1
1656	-1
1657	2668526
1658	-1
1659	2671090
1660	-1
1661	-1
1662	2673654
1663	-1
1664	-1
1665	2676218
1666	-1
1667	2678782
1668	-1
1669	-1
1670	2681346
1671	-1
1672	2683910
1673	-1
1674	-1
1675	2686474
1676	-1
1677	2689038
1678	-1
1679	-1
1680	2691602
1681	-1
1682	-1
1683	2694166
1684	-1
1685	2696730
1686	-1
1687	-1
1688	2699294
1689	-1
1690	2701858
1691	-1
1692	-1
1693	2704422
1694	-1
1695	2706986
1696	-1
1697	-1
1698	2709550
1699	-1
1700	2712114
1701	-1
1702	-1
1703	2714678
1704	-1
1705	-1
1706	2717242
1707	-1
1708	2719806
1709	-1
1710	-1
1711	2722370
1712	-1
1713	2724934
1714	-1
1715	-1
1716	2727498
1717	-1
1718	2730062
1719	-1
1720	-1
1721	2732626
1722	-1
1723	-1
1724	2735190
1725	-1
1726	2737754
1727	-1
1728	-1
1729	2740318
1730	-1
1731	2742882
1732	-1
1733	-1
1734	2745446
1735	-1
1736	2748010
1737	-1
1738	-1
1739	2750574
1740	-1
1741	-1
1742	2753138
1743	-1
1744	2755702
1745	-1
1746	-1
1747	2758266
1748	-1
1749	2760830
1750	-1
1751	-1
1752	2763394
1753	-1
1754	2765958
1755	-1
1756	-1
1757	2768522
1758	-1
1759	2771086
1760	-1
1761	-1
1762	2773650
1763	-1
1764	-1
1765	2776214
1766	-1
1767	2778778
1768	-1
1769	-1
1770	2781342
1771	-1
1772	2783906
1773	-1
1774	-1
1775	2786470
1776	-1
1777	2789034
1778	-1
1779	-1
1780	2791598
1781	-1
1782	-1
1783	2794162
1784	-1
1785	2796726
1786	-1
1787	-1
1788	2799290
1789	-1
1790	2801854
1791	-1
1792	-1
1793	2804418
1794	-1
1795	2806982
1796	-1
1797	-1
1798	2809546
1799	-1
1800	2812110
1801	-1
1802	-1
1803	2814674
1804	-1
1805	-1
1806	2817238
1807	-1
1808	2819802
1809	-1
1810	-1
1811	2822366
1812	-1
1813	2824930
1814	-1
1815	-1
1816	2827494
1817	-1
1818	2830058
1819	-1
1820	-1
1821	2832622
1822	-1
1823	-1
1824	2835186
1825	-1
1826	2837750
1827	-1
1828	-1
1829	2840314
1830	-1
1831	2842878
1832	-1
1833	-1
1834	2845442
1835	-1
1836	2848006
1837	-1
1838	-1
1839	2850570
1840	-1
1841	2853134
1842	-1
1843	-1
1844	2855698
1845	-1
1846	-1
1847	2858262
1848	-1
1849	2860826
1850	-1
1851	-1
1852	2863390
1853	-1
1854	2865954
1855	-1
1856	-1
1857	2868518
1858	-1
1859	2871082
1860	-1
1861	-1
1862	2873646
1863	-1
1864	-1
1865	2876210
1866	-1
1867	2878774
1868	-1
1869	-1
1870	2881338
1871	-1
1872	2883902
1873	-1
1874	-1
1875	2886466
1876	-1
1877	2889030
1878	-1
1879	-1
1880	2891594
1881	-1
1882	-1
1883	2894158
1884	-1
1885	2896722
1886	-1
1887	-1
1888	2899286
1889	-1
1890	2901850
1891	-1
1892	-1
1893	2904414
1894	-1
1895	2906978
1896	-1
1897	-1
1898	2909542
1899	-1
1900	2912106
1901	-1
1902	-1
1903	2914670
1904	-1
1905	-1
1906	2917234
1907	-1
1908	2919798
1909	-1
1910	-1
1911	2922362
1912	-1
1913	2924926
1914	-1
1915	-1
1916	2927490
1917	-1
1918	2930054
1919	-1
1920	-1
1921	2932618
1922	-1
1923	-1
1924	2935182
1925	-1
1926	2937746
1927	-1
1928	-1
1929	2940310
1930	-1
1931	2942874
1932	-1
1933	-1
1934	2945438
1935	-1
1936	2948002
1937	-1
1938	-1
1939	2950566
1940	-1
1941	2953130
1942	-1
1943	-1
1944	2955694
1945	-1
1946	-1
1947	2958258
1948	-1
1949	2960822
1950	-1
1951	-1
1952	2963386
1953	-1
1954	2965950
1955	-1
1956	-1
1957	2968514
1958	-1
1959	2971078
1960	-1
1961	-1
1962	2973642
1963	-1
1964	-1
1965	2976206
1966	-1
1967	2978770
1968	-1
1969	-1
1970	2981334
1971	-1
1972	2983898
1973	-1
1974	-1
1975	2986462
1976	-1
1977	2989026
1978	-1
1979	-1
1980	2991590
1981	-1
1982	-1
1983	2994154
1984	-1
1985	2996718
1986	-1
1987	-1
1988	2999282
1989	-1
1990	3001846
1991	-1
1992	-1
1993	3004410
1994	-1
1995	3006974
1996	-1
1997	-1
1998	3009538
1999	-1
2000	3012102
2001	-1
2002	-1
2003	3014666
2004	-1
2005	-1
2006	3017230
2007	-1
2008	3019794
2009	-1
2010	-1
2011	3022358
2012	-1
2013	3024922
2014	-1
2015	-1
2016	3027486
2017	-1
2018	3030050
2019	-1
2020	-1
2021	3032614
2022	-1
2023	-1
2024	3035178
2025	-1
2026	3037742
2027	-1
2028	-1
2029	3040306
2030	-1
2031	3042870
2032	-1
2033	-1
2034	3045434
2035	-1
2036	3047998
2037	-1
2038	-1
2039	3050562
2040	-1
2041	3053126
2042	-1
2043	-1
2044	3055690
2045	-1
2046	-1
2047	3058254
2048	-1
2049	3060818
2050	-1
2051	-1
2052	3063382
2053	-1
2054	3065946
2055	-1
2056	-1
2057	3068510
2058	-1
2059	3071074
2060	-1
2061	-1
2062	3073638
2063	-1
2064	-1
2065	3076202
2066	-1
2067	3078766
2068	-1
2069	-1
2070	3081330
2071	-1
2072	3083894
2073	-1
2074	-1
2075	3086458
2076	-1
2077	3089022
2078	-1
2079	-1
2080	3091586
2081	-1
2082	-1
2083	3094150
2084	-1
2085	3096714
2086	-1
2087	-1
2088	3099278
2089	-1
2090	3101842
2091	-1
2092	-1
2093	3104406
2094	-1
2095	3106970
2096	-1
2097	-1
2098	3109534
2099	-1
2100	3112098
2101	-1
2102	-1
2103	3114662
2104	-1
2105	-1
2106	3117226
2107	-1
2108	3119790
2109	-1
2110	-1
2111	3122354
2112	-1
2113	3124918
2114	-1
2115	-1
2116	3127482
2117	-1
2118	3130046
2119	-1
2120	-1
2121	3132610
2122	-1
2123	-1
2124	3135174
2125	-1
2126	3137738
2127	-1
2128	-1
2129	3140302
2130	-1
2131	3142866
2132	-1
2133	-1
2134	3145430
2135	-1
2136	3147994
2137	-1
2138	-1
2139	3150558
2140	-1
2141	3153122
2142	-1
2143	-1
2144	3155686
2145	-1
2146	-1
2147	3158250
2148	-1
2149	3160814
2150	-1
2151	-1
2152	3163378
2153	-1
2154	3165942
2155	-1
2156	-1
2157	3168506
2158	-1
2159	3171070
2160	-1
2161	-1
2162	3173634
2163	-1
2164	-1
2165	3176198
2166	-1
2167	3178762
2168	-1
2169	-1
2170	3181326
2171	-1
2172	3183890
2173	-1
2174	-1
2175	3186454
2176	-1
2177	3189018
2178	-1
2179	-1
2180	3191582
2181	-1
2182	-1
2183	3194146
2184	-1
2185	3196710
2186	-1
2187	-1
2188	3199274
2189	-1
2190	3201838
2191	-1
2192	-1
2193	3204402
2194	-1
2195	3206966
2196	-1
2197	-1
2198	3209530
2199	-1
2200	3212094
2201	-1
2202	-1
2203	3214658
2204	-1
2205	-1
2206	3217222
2207	-1
2208	3219786
2209	-1
2210	-1
2211	3222350
2212	-1
2213	3224914
2214	-1
2215	-1
2216	3227478
2217	-1
2218	3230042
2219	-1
2220	-1
2221	3232606
2222	-1
2223	-1
2224	3235170
2225	-1
2226	3237734
2227	-1
2228	-1
2229	3240298
2230	-1
2231	3242862
2232	-1
2233	-1
2234	3245426
2235	-1
2236	3247990
2237	-1
2238	-1
2239	3250554
2240	-1
2241	3253118
2242	-1
2243	-1
2244	3255682
2245	-1
2246	-1
2247	3258246
2248	-1
2249	3260810
2250	-1
2251	-1
2252	3263374
2253	-1
2254	3265938
2255	-1
2256	-1
2257	3268502
2258	-1
2259	3271066
2260	-1
2261	-1
2262	3273630
2263	-1
2264	-1
2265	3276194
2266	-1
2267	3278758
2268	-1
2269	-1
2270	3281322
2271	-1
2272	3283886
2273	-1
2274	-1
2275	3286450
2276	-1
2277	3289014
2278	-1
2279	-1
2280	3291578
2281	-1
2282	-1
2283	3294142
2284	-1
2285	3296706
2286	-1
2287	-1
2288	3299270
2289	-1
2290	3301834
2291	-1
2292	-1
2293	3304398
2294	-1
2295	3306962
2296	-1
2297	-1
2298	3309526
2299	-1
2300	3312090
2301	-1
2302	-1
2303	3314654
2304	-1
2305	-1
2306	3317218
2307	-1
2308	3319782
2309	-1
2310	-1
2311	3322346
2312	-1
2313	3324910
2314	-1
2315	-1
2316	3327474
2317	-1
2318	3330038
2319	-1
2320	-1
2321	3332602
2322	-1
2323	-1
2324	3335166
2325	-1
2326	3337730
2327	-1
2328	-1
2329	3340294
2330	-1
2331	3342858
2332	-1
2333	-1
2334	3345422
2335	-1
2336	3347986
2337	-1
2338	-1
2339	3350550
2340	-1
2341	3353114
2342	-1
2343	-1
2344	3355678
2345	-1
2346	-1
2347	3358242
2348	-1
2349	3360806
2350	-1
2351	-1
2352	3363370
2353	-1
2354	3365934
2355	-1
2356	-1
2357	3368498
2358	-1
2359	3371062
2360	-1
2361	-1
2362	3373626
2363	-1
2364	-1
2365	3376190
2366	-1
2367	3378754
2368	-1
2369	-1
2370	3381318
2371	-1
2372	3383882
2373	-1
2374	-1
2375	3386446
2376	-1
2377	3389010
2378	-1
2379	-1
2380	3391574
2381	-1
2382	-1
2383	3394138
2384	-1
2385	3396702
2386	-1
2387	-1
2388	3399266
2389	-1
2390	3401830
2391	-1
2392	-1
2393	3404394
2394	-1
2395	3406958
2396	-1
2397	-1
2398	3409522
2399	-1
2400	3412086
2401	-1
2402	-1
2403	3414650
2404	-1
2405	-1
2406	3417214
2407	-1
2408	3419778
2409	-1
2410	-1
2411	3422342
2412	-1
2413	3424906
2414	-1
2415	-1
2416	3427470
2417	-1
2418	3430034
2419	-1
2420	-1
2421	3432598
2422	-1
2423	-1
2424	3435162
2425	-1
2426	3437726
2427	-1
2428	-1
2429	3440290
2430	-1
2431	3442854
2432	-1
2433	-1
2434	3445418
2435	-1
2436	3447982
2437	-1
2438	-1
2439	3450546
2440	-1
2441	3453110
2442	-1
2443	-1
2444	3455674
2445	-1
2446	-1
2447	3458238
2448	-1
2449	3460802
2450	-1
2451	-1
2452	3463366
2453	-1
2454	3465930
2455	-1
2456	-1
2457	3468494
2458	-1
2459	3471058
2460	-1
2461	-1
2462	3473622
2463	-1
2464	-1
2465	3476186
2466	-1
2467	3478750
2468	-1
2469	-1
2470	3481314
2471	-1
2472	3483878
2473	-1
2474	-1
2475	3486442
2476	-1
2477	3489006
2478	-1
2479	-1
2480	3491570
2481	-1
2482	3494134
2483	-1
2484	-1
2485	3496698
2486	-1
2487	-1
2488	3499262
2489	-1
2490	3501826
2491	-1
2492	-1
2493	3504390
2494	-1
2495	3506954
2496	-1
2497	-1
2498	3509518
2499	-1
2500	3512082
2501	-1
2502	-1
2503	3514646
2504	-1
2505	-1
2506	3517210
2507	-1
2508	3519774
2509	-1
2510	-1
2511	3522338
2512	-1
2513	3524902
2514	-1
2515	-1
2516	3527466
2517	-1
2518	3530030
2519	-1
2520	-1
2521	3532594
2522	-1
2523	-1
2524	3535158
2525	-1
2526	3537722
2527	-1
2528	-1
2529	3540286
2530	-1
2531	3542850
2532	-1
2533	-1
2534	3545414
2535	-1
2536	3547978
2537	-1
2538	-1
2539	3550542
2540	-1
2541	3553106
2542	-1
2543	-1
2544	3555670
2545	-1
2546	-1
2547	3558234
2548	-1
2549	3560798
2550	-1
2551	-1
2552	3563362
2553	-1
2554	3565926
2555	-1
2556	-1
2557	3568490
2558	-1
2559	3571054
2560	-1
2561	-1
2562	3573618
2563	-1
2564	-1
2565	3576182
2566	-1
2567	3578746
2568	-1
2569	-1
2570	3581310
2571	-1
2572	3583874
2573	-1
2574	-1
2575	3586438
2576	-1
2577	3589002
2578	-1
2579	-1
2580	3591566
2581	-1
2582	3594130
2583	-1
2584	-1
2585	3596694
2586	-1
2587	-1
2588	3599258
2589	-1
2590	3601822
2591	-1
2592	-1
2593	3604386
2594	-1
2595	3606950
2596	-1
2597	-1
2598	3609514
2599	-1
2600	3612078
2601	-1
2602	-1
2603	3614642
2604	-1
2605	-1
2606	3617206
2607	-1
2608	3619770
2609	-1
2610	-1
2611	3622334
2612	-1
2613	3624898
2614	-1
2615	-1
2616	3627462
2617	-1
2618	3630026
2619	-1
2620	-1
2621	3632590
2622	-1
2623	-1
2624	3635154
2625	-1
2626	3637718
2627	-1
2628	-1
2629	3640282
2630	-1
2631	3642846
2632	-1
2633	-1
2634	3645410
2635	-1
2636	3647974
2637	-1
2638	-1
2639	3650538
2640	-1
2641	3653102
2642	-1
2643	-1
2644	3655666
2645	-1
2646	-1
2647	3658230
2648	-1
2649	3660794
2650	-1
2651	-1
2652	3663358
2653	-1
2654	3665922
2655	-1
2656	-1
2657	3668486
2658	-1
2659	3671050
2660	-1
2661	-1
2662	3673614
2663	-1
2664	-1
2665	3676178
2666	-1
2667	3678742
2668	-1
2669	-1
2670	3681306
2671	-1
2672	3683870
2673	-1
2674	-1
2675	3686434
2676	-1
2677	3688998
2678	-1
2679	-1
2680	3691562
2681	-1
2682	3694126
2683	-1
2684	-1
2685	3696690
2686	-1
2687	-1
2688	3699254
2689	-1
2690	3701818
2691	-1
2692	-1
2693	3704382
2694	-1
2695	3706946
2696	-1
2697	-1
2698	3709510
2699	-1
2700	3712074
2701	-1
2702	-1
2703	3714638
2704	-1
2705	-1
2706	3717202
2707	-1
2708	3719766
2709	-1
2710	-1
2711	3722330
2712	-1
2713	3724894
2714	-1
2715	-1
2716	3727458
2717	-1
2718	3730022
2719	-1
2720	-1
2721	3732586
2722	-1
2723	-1
2724	3735150
2725	-1
2726	3737714
2727	-1
2728	-1
2729	3740278
2730	-1
2731	3742842
2732	-1
2733	-1
2734	3745406
2735	-1
2736	3747970
2737	-1
2738	-1
2739	3750534
2740	-1
2741	3753098
2742	-1
2743	-1
2744	3755662
2745	-1
2746	-1
2747	3758226
2748	-1
2749	3760790
2750	-1
2751	-1
2752	3763354
2753	-1
2754	3765918
2755	-1
2756	-1
2757	3768482
2758	-1
2759	3771046
2760	-1
2761	-1
2762	3773610
2763	-1
2764	-1
2765	3776174
2766	-1
2767	3778738
2768	-1
2769	-1
2770	3781302
2771	-1
2772	3783866
2773	-1
2774	-1
2775	3786430
2776	-1
2777	3788994
2778	-1
2779	-1
2780	3791558
2781	-1
2782	3794122
2783	-1
2784	-1
2785	3796686
2786	-1
2787	-1
2788	3799250
2789	-1
2790	3801814
2791	-1
2792	-1
2793	3804378
2794	-1
2795	3806942
2796	-1
2797	-1
2798	3809506
2799	-1
2800	3812070
2801	-1
2802	-1
2803	3814634
2804	-1
2805	-1
2806	3817198
2807	-1
2808	3819762
2809	-1
2810	-1
2811	3822326
2812	-1
2813	3824890
2814	-1
2815	-1
2816	3827454
2817	-1
2818	3830018
2819	-1
2820	-1
2821	3832582
2822	-1
2823	-1
2824	3835146
2825	-1
2826	3837710
2827	-1
2828	-1
2829	3840274
2830	-1
2831	3842838
2832	-1
2833	-1
2834	3845402
2835	-1
2836	3847966
2837	-1
2838	-1
2839	3850530
2840	-1
2841	3853094
2842	-1
2843	-1
2844	3855658
2845	-1
2846	-1
2847	3858222
2848	-1
2849	3860786
2850	-1
2851	-1
2852	3863350
2853	-1
2854	3865914
2855	-1
2856	-1
2857	3868478
2858	-1
2859	3871042
2860	-1
2861	-1
2862	3873606
2863	-1
2864	-1
2865	3876170
2866	-1
2867	3878734
2868	-1
2869	-1
2870	3881298
2871	-1
2872	3883862
2873	-1
2874	-1
2875	3886426
2876	-1
2877	3888990
2878	-1
2879	-1
2880	3891554
2881	-1
2882	3894118
2883	-1
2884	-1
2885	3896682
2886	-1
2887	-1
2888	3899246
2889	-1
2890	3901810
2891	-1
2892	-1
2893	3904374
2894	-1
2895	3906938
2896	-1
2897	-1
2898	3909502
2899	-1
2900	3912066
2901	-1
2902	-1
2903	3914630
2904	-1
2905	-1
2906	3917194
2907	-1
2908	3919758
2909	-1
2910	-1
2911	3922322
2912	-1
2913	3924886
2914	-1
2915	-1
2916	3927450
2917	-1
2918	3930014
2919	-1
2920	-1
2921	3932578
2922	-1
2923	-1
2924	3935142
2925	-1
2926	3937706
2927	-1
2928	-1
2929	3940270
2930	-1
2931	3942834
2932	-1
2933	-1
2934	3945398
2935	-1
2936	3947962
2937	-1
2938	-1
2939	3950526
2940	-1
2941	3953090
2942	-1
2943	-1
2944	3955654
2945	-1
2946	-1
2947	3958218
2948	-1
2949	3960782
2950	-1
2951	-1
2952	3963346
2953	-1
2954	3965910
2955	-1
2956	-1
2957	3968474
2958	-1
2959	3971038
2960	-1
2961	-1
2962	3973602
2963	-1
2964	-1
2965	3976166
2966	-1
2967	3978730
2968	-1
2969	-1
2970	3981294
2971	-1
2972	3983858
2973	-1
2974	-1
2975	3986422
2976	-1
2977	3988986
2978	-1
2979	-1
2980	3991550
2981	-1
2982	3994114
2983	-1
2984	-1
2985	3996678
2986	-1
2987	-1
2988	3999242
2989	-1
2990	4001806
2991	-1
2992	-1
2993	4004370
2994	-1
2995	4006934
2996	-1
2997	-1
2998	4009498
2999	-1
3000	4012062
3001	-1
3002	-1
3003	4014626
3004	-1
3005	-1
3006	4017190
3007	-1
3008	4019754
3009	-1
3010	-1
3011	4022318
3012	-1
3013	4024882
3014	-1
3015	-1
3016	4027446
3017	-1
3018	4030010
3019	-1
3020	-1
3021	4032574
3022	-1
3023	-1
3024	4035138
3025	-1
3026	4037702
3027	-1
3028	-1
3029	4040266
3030	-1
3031	4042830
3032	-1
3033	-1
3034	4045394
3035	-1
3036	4047958
3037	-1
3038	-1
3039	4050522
3040	-1
3041	4053086
3042	-1
3043	-1
3044	4055650
3045	-1
3046	-1
3047	4058214
3048	-1
3049	4060778
3050	-1
3051	-1
3052	4063342
3053	-1
3054	4065906
3055	-1
3056	-1
3057	4068470
3058	-1
3059	4071034
3060	-1
3061	-1
3062	4073598
3063	-1
3064	-1
3065	4076162
3066	-1
3067	4078726
3068	-1
3069	-1
3070	4081290
3071	-1
3072	4083854
3073	-1
3074	-1
3075	4086418
3076	-1
3077	4088982
3078	-1
3079	-1
3080	4091546
3081	-1
3082	4094110
3083	-1
3084	-1
3085	4096674
3086	-1
3087	-1
3088	4099238
3089	-1
3090	4101802
3091	-1
3092	-1
3093	4104366
3094	-1
3095	4106930
3096	-1
3097	-1
3098	4109494
3099	-1
3100	4112058
3101	-1
3102	-1
3103	4114622
3104	-1
3105	-1
3106	4117186
3107	-1
3108	4119750
3109	-1
3110	-1
3111	4122314
3112	-1
3113	4124878
3114	-1
3115	-1
3116	4127442
3117	-1
3118	4130006
3119	-1
3120	-1
3121	4132570
3122	-1
3123	4135134
3124	-1
3125	-1
3126	4137698
3127	-1
3128	-1
3129	4140262
3130	-1
3131	4142826
3132	-1
3133	-1
3134	4145390
3135	-1
3136	4147954
3137	-1
3138	-1
3139	4150518
3140	-1
3141	4153082
3142	-1
3143	-1
3144	4155646
3145	-1
3146	-1
3147	4158210
3148	-1
3149	4160774
3150	-1
3151	-1
3152	4163338
3153	-1
3154	4165902
3155	-1
3156	-1
3157	4168466
3158	-1
3159	4171030
3160	-1
3161	-1
3162	4173594
3163	-1
3164	-1
3165	4176158
3166	-1
3167	4178722
3168	-1
3169	-1
3170	4181286
3171	-1
3172	4183850
3173	-1
3174	-1
3175	4186414
3176	-1
3177	4188978
3178	-1
3179	-1
3180	4191542
3181	-1
3182	4194106
3183	-1
3184	-1
3185	4196670
3186	-1
3187	-1
3188	4199234
3189	-1
3190	4201798
3191	-1
3192	-1
3193	4204362
3194	-1
3195	4206926
3196	-1
3197	-1
3198	4209490
3199	-1
3200	4212054
3201	-1
3202	-1
3203	4214618
3204	-1
3205	-1
3206	4217182
3207	-1
3208	4219746
3209	-1
3210	-1
3211	4222310
3212	-1
3213	4224874
3214	-1
3215	-1
3216	4227438
3217	-1
3218	4230002
3219	-1
3220	-1
3221	4232566
3222	-1
3223	4235130
3224	-1
3225	-1
3226	4237694
3227	-1
3228	-1
3229	4240258
3230	-1
3231	4242822
3232	-1
3233	-1
3234	4245386
3235	-1
3236	4247950
3237	-1
3238	-1
3239	4250514
3240	-1
3241	4253078
3242	-1
3243	-1
3244	4255642
3245	-1
3246	-1
3247	4258206
3248	-1
3249	4260770
3250	-1
3251	-1
3252	4263334
3253	-1
3254	4265898
3255	-1
3256	-1
3257	4268462
3258	-1
3259	4271026
3260	-1
3261	-1
3262	4273590
3263	-1
3264	-1
3265	4276154
3266	-1
3267	4278718
3268	-1
3269	-1
3270	4281282
3271	-1
3272	4283846
3273	-1
3274	-1
3275	4286410
3276	-1
3277	4288974
3278	-1
3279	-1
3280	4291538
3281	-1
3282	4294102
3283	-1
3284	-1
3285	4296666
3286	-1
3287	-1
3288	4299230
3289	-1
3290	4301794
3291	-1
3292	-1
3293	4304358
3294	-1
3295	4306922
3296	-1
3297	-1
3298	4309486
3299	-1
3300	4312050
3301	-1
3302	-1
3303	4314614
3304	-1
3305	-1
3306	4317178
3307	-1
3308	4319742
3309	-1
3310	-1
3311	4322306
3312	-1
3313	4324870
3314	-1
3315	-1
3316	4327434
3317	-1
3318	4329998
3319	-1
3320	-1
3321	4332562
3322	-1
3323	4335126
3324	-1
3325	-1
3326	4337690
3327	-1
3328	-1
3329	4340254
3330	-1
3331	4342818
3332	-1
3333	-1
3334	4345382
3335	-1
3336	4347946
3337	-1
3338	-1
3339	4350510
3340	-1
3341	4353074
3342	-1
3343	-1
3344	4355638
3345	-1
3346	-1
3347	4358202
3348	-1
3349	4360766
3350	-1
3351	-1
3352	4363330
3353	-1
3354	4365894
3355	-1
3356	-1
3357	4368458
3358	-1
3359	4371022
3360	-1
3361	-1
3362	4373586
3363	-1
3364	-1
3365	4376150
3366	-1
3367	4378714
3368	-1
3369	-1
3370	4381278
3371	-1
3372	4383842
3373	-1
3374	-1
3375	4386406
3376	-1
3377	4388970
3378	-1
3379	-1
3380	4391534
3381	-1
3382	4394098
3383	-1
3384	-1
3385	4396662
3386	-1
3387	-1
3388	4399226
3389	-1
3390	4401790
3391	-1
3392	-1
3393	4404354
3394	-1
3395	4406918
3396	-1
3397	-1
3398	4409482
3399	-1
3400	4412046
3401	-1
3402	-1
3403	4414610
3404	-1
3405	-1
3406	4417174
3407	-1
3408	4419738
3409	-1
3410	-1
3411	4422302
3412	-1
3413	4424866
3414	-1
3415	-1
3416	4427430
3417	-1
3418	4429994
3419	-1
3420	-1
3421	4432558
3422	-1
3423	4435122
3424	-1
3425	-1
3426	4437686
3427	-1
3428	-1
3429	4440250
3430	-1
3431	4442814
3432	-1
3433	-1
3434	4445378
3435	-1
3436	4447942
3437	-1
3438	-1
3439	4450506
3440	-1
3441	4453070
3442	-1
3443	-1
3444	4455634
3445	-1
3446	-1
3447	4458198
3448	-1
3449	4460762
3450	-1
3451	-1
3452	4463326
3453	-1
3454	4465890
3455	-1
3456	-1
3457	4468454
3458	-1
3459	4471018
3460	-1
3461	-1
3462	4473582
3463	-1
3464	-1
3465	4476146
3466	-1
3467	4478710
3468	-1
3469	-1
3470	4481274
3471	-1
3472	4483838
3473	-1
3474	-1
3475	4486402
3476	-1
3477	4488966
3478	-1
3479	-1
3480	4491530
3481	-1
3482	4494094
3483	-1
3484	-1
3485	4496658
3486	-1
3487	-1
3488	4499222
3489	-1
3490	4501786
3491	-1
3492	-1
3493	4504350
3494	-1
3495	4506914
3496	-1
3497	-1
3498	4509478
3499	-1
3500	4512042
3501	-1
3502	-1
3503	4514606
3504	-1
3505	-1
3506	4517170
3507	-1
3508	4519734
3509	-1
3510	-1
3511	4522298
3512	-1
3513	4524862
3514	-1
3515	-1
3516	4527426
3517	-1
3518	4529990
3519	-1
3520	-1
3521	4532554
3522	-1
3523	4535118
3524	-1
3525	-1
3526	4537682
3527	-1
3528	-1
3529	4540246
3530	-1
3531	4542810
3532	-1
3533	-1
3534	4545374
3535	-1
3536	4547938
3537	-1
3538	-1
3539	4550502
3540	-1
3541	4553066
3542	-1
3543	-1
3544	4555630
3545	-1
3546	-1
3547	4558194
3548	-1
3549	4560758
3550	-1
3551	-1
3552	4563322
3553	-1
3554	4565886
3555	-1
3556	-1
3557	4568450
3558	-1
3559	4571014
3560	-1
3561	-1
3562	4573578
3563	-1
3564	-1
3565	4576142
3566	-1
3567	4578706
3568	-1
3569	-1
3570	4581270
3571	-1
3572	4583834
3573	-1
3574	-1
3575	4586398
3576	-1
3577	4588962
3578	-1
3579	-1
3580	4591526
3581	-1
3582	4594090
3583	-1
3584	-1
3585	4596654
3586	-1
3587	-1
3588	4599218
3589	-1
3590	4601782
3591	-1
3592	-1
3593	4604346
3594	-1
3595	4606910
3596	-1
3597	-1
3598	4609474
3599	-1
3600	4612038
3601	-1
3602	-1
3603	4614602
3604	-1
3605	-1
3606	4617166
3607	-1
3608	4619730
3609	-1
3610	-1
3611	4622294
3612	-1
3613	4624858
3614	-1
3615	-1
3616	4627422
3617	-1
3618	4629986
3619	-1
3620	-1
3621	4632550
3622	-1
3623	4635114
3624	-1
3625	-1
3626	4637678
3627	-1
3628	-1
3629	4640242
3630	-1
3631	4642806
3632	-1
3633	-1
3634	4645370
3635	-1
3636	4647934
3637	-1
3638	-1
3639	4650498
3640	-1
3641	4653062
3642	-1
3643	-1
3644	4655626
3645	-1
3646	-1
3647	4658190
3648	-1
3649	4660754
3650	-1
3651	-1
3652	4663318
3653	-1
3654	4665882
3655	-1
3656	-1
3657	4668446
3658	-1
3659	4671010
3660	-1
3661	-1
3662	4673574
3663	-1
3664	-1
3665	4676138
3666	-1
3667	4678702
3668	-1
3669	-1
3670	4681266
3671	-1
3672	4683830
3673	-1
3674	-1
3675	4686394
3676	-1
3677	4688958
3678	-1
3679	-1
3680	4691522
3681	-1
3682	4694086
3683	-1
3684	-1
3685	4696650
3686	-1
3687	-1
3688	4699214
3689	-1
3690	4701778
3691	-1
3692	-1
3693	4704342
3694	-1
3695	4706906
3696	-1
3697	-1
3698	4709470
3699	-1
3700	4712034
3701	-1
3702	-1
3703	4714598
3704	-1
3705	-1
3706	4717162
3707	-1
3708	4719726
3709	-1
3710	-1
3711	4722290
3712	-1
3713	4724854
3714	-1
3715	-1
3716	4727418
3717	-1
3718	4729982
3719	-1
3720	-1
3721	4732546
3722	-1
3723	4735110
3724	-1
3725	-1
3726	4737674
3727	-1
3728	-1
3729	4740238
3730	-1
3731	4742802
3732	-1
3733	-1
3734	4745366
3735	-1
3736	4747930
3737	-1
3738	-1
3739	4750494
3740	-1
3741	4753058
3742	-1
3743	-1
3744	4755622
3745	-1
3746	-1
3747	4758186
3748	-1
3749	4760750
3750	-1
3751	-1
3752	4763314
3753	-1
3754	4765878
3755	-1
3756	-1
3757	4768442
3758	-1
3759	4771006
3760	-1
3761	-1
3762	4773570
3763	-1
3764	4776134
3765	-1
3766	-1
3767	4778698
3768	-1
3769	-1
3770	4781262
3771	-1
3772	4783826
3773	-1
3774	-1
3775	4786390
3776	-1
3777	4788954
3778	-1
3779	-1
3780	4791518
3781	-1
3782	4794082
3783	-1
3784	-1
3785	4796646
3786	-1
3787	-1
3788	4799210
3789	-1
3790	4801774
3791	-1
3792	-1
3793	4804338
3794	-1
3795	4806902
3796	-1
3797	-1
3798	4809466
3799	-1
3800	4812030
3801	-1
3802	-1
3803	4814594
3804	-1
3805	-1
3806	4817158
3807	-1
3808	4819722
3809	-1
3810	-1
3811	4822286
3812	-1
3813	4824850
3814	-1
3815	-1
3816	4827414
3817	-1
3818	4829978
3819	-1
3820	-1
3821	4832542
3822	-1
3823	4835106
3824	-1
3825	-1
3826	4837670
3827	-1
3828	-1
3829	4840234
3830	-1
3831	4842798
3832	-1
3833	-1
3834	4845362
3835	-1
3836	4847926
3837	-1
3838	-1
3839	4850490
3840	-1
3841	4853054
3842	-1
3843	-1
3844	4855618
3845	-1
3846	-1
3847	4858182
3848	-1
3849	4860746
3850	-1
3851	-1
3852	4863310
3853	-1
3854	4865874
3855	-1
3856	-1
3857	4868438
3858	-1
3859	4871002
3860	-1
3861	-1
3862	4873566
3863	-1
3864	4876130
3865	-1
3866	-1
3867	4878694
3868	-1
3869	-1
3870	4881258
3871	-1
3872	4883822
3873	-1
3874	-1
3875	4886386
3876	-1
3877	4888950
3878	-1
3879	-1
3880	4891514
3881	-1
3882	4894078
3883	-1
3884	-1
3885	4896642
3886	-1
3887	-1
3888	4899206
3889	-1
3890	4901770
3891	-1
3892	-1
3893	4904334
3894	-1
3895	4906898
3896	-1
3897	-1
3898	4909462
3899	-1
3900	4912026
3901	-1
3902	-1
3903	4914590
3904	-1
3905	-1
3906	4917154
3907	-1
3908	4919718
3909	-1
3910	-1
3911	4922282
3912	-1
3913	4924846
3914	-1
3915	-1
3916	4927410
3917	-1
3918	4929974
3919	-1
3920	-1
3921	4932538
3922	-1
3923	4935102
3924	-1
3925	-1
3926	4937666
3927	-1
3928	-1
3929	4940230
3930	-1
3931	4942794
3932	-1
3933	-1
3934	4945358
3935	-1
3936	4947922
3937	-1
3938	-1
3939	4950486
3940	-1
3941	4953050
3942	-1
3943	-1
3944	4955614
3945	-1
3946	-1
3947	4958178
3948	-1
3949	4960742
3950	-1
3951	-1
3952	4963306
3953	-1
3954	4965870
3955	-1
3956	-1
3957	4968434
3958	-1
3959	4970998
3960	-1
3961	-1
3962	4973562
3963	-1
3964	4976126
3965	-1
3966	-1
3967	4978690
3968	-1
3969	-1
3970	4981254
3971	-1
3972	4983818
3973	-1
3974	-1
3975	4986382
3976	-1
3977	4988946
3978	-1
3979	-1
3980	4991510
3981	-1
3982	4994074
3983	-1
3984	-1
3985	4996638
3986	-1
3987	-1
3988	4999202
3989	-1
3990	5001766
3991	-1
3992	-1
3993	5004330
3994	-1
3995	5006894
3996	-1
3997	-1
3998	5009458
3999	-1
4000	5012022
4001	-1
4002	-1
4003	5014586
4004	-1
4005	-1
4006	5017150
4007	-1
4008	5019714
4009	-1
4010	-1
4011	5022278
4012	-1
4013	5024842
4014	-1
4015	-1
4016	5027406
4017	-1
4018	5029970
4019	-1
4020	-1
4021	5032534
4022	-1
4023	5035098
4024	-1
4025	-1
4026	5037662
4027	-1
4028	-1
4029	5040226
4030	-1
4031	5042790
4032	-1
4033	-1
4034	5045354
4035	-1
4036	5047918
4037	-1
4038	-1
4039	5050482
4040	-1
4041	5053046
4042	-1
4043	-1
4044	5055610
4045	-1
4046	-1
4047	5058174
4048	-1
4049	5060738
4050	-1
4051	-1
4052	5063302
4053	-1
4054	5065866
4055	-1
4056	-1
4057	5068430
4058	-1
4059	5070994
4060	-1
4061	-1
4062	5073558
4063	-1
4064	5076122
4065	-1
4066	-1
4067	5078686
4068	-1
4069	-1
4070	5081250
4071	-1
4072	5083814
4073	-1
4074	-1
4075	5086378
4076	-1
4077	5088942
4078	-1
4079	-1
4080	5091506
4081	-1
4082	5094070
4083	-1
4084	-1
4085	5096634
4086	-1
4087	-1
4088	5099198
4089	-1
4090	5101762
4091	-1
4092	-1
4093	5104326
4094	-1
4095	5106890
4096	-1
4097	-1
4098	5109454
4099	-1
4100	5112018
4101	-1
4102	-1
4103	5114582
4104	-1
4105	-1
4106	5117146
4107	-1
4108	5119710
4109	-1
4110	-1
4111	5122274
4112	-1
4113	5124838
4114	-1
4115	-1
4116	5127402
4117	-1
4118	5129966
4119	-1
4120	-1
4121	5132530
4122	-1
4123	5135094
4124	-1
4125	-1
4126	5137658
4127	-1
4128	-1
4129	5140222
4130	-1
4131	5142786
4132	-1
4133	-1
4134	5145350
4135	-1
4136	5147914
4137	-1
4138	-1
4139	5150478
4140	-1
4141	5153042
4142	-1
4143	-1
4144	5155606
4145	-1
4146	-1
4147	5158170
4148	-1
4149	5160734
4150	-1
4151	-1
4152	5163298
4153	-1
4154	5165862
4155	-1
4156	-1
4157	5168426
4158	-1
4159	5170990
4160	-1
4161	-1
4162	5173554
4163	-1
4164	5176118
4165	-1
4166	-1
4167	5178682
4168	-1
4169	-1
4170	5181246
4171	-1
4172	5183810
4173	-1
4174	-1
4175	5186374
4176	-1
4177	5188938
4178	-1
4179	-1
4180	5191502
4181	-1
4182	5194066
4183	-1
4184	-1
4185	5196630
4186	-1
4187	-1
4188	5199194
4189	-1
4190	5201758
4191	-1
4192	-1
4193	5204322
4194	-1
4195	5206886
4196	-1
4197	-1
4198	5209450
4199	-1
4200	5212014
4201	-1
4202	-1
4203	5214578
4204	-1
4205	-1
4206	5217142
4207	-1
4208	5219706
4209	-1
4210	-1
4211	5222270
4212	-1
4213	5224834
4214	-1
4215	-1
4216	5227398
4217	-1
4218	5229962
4219	-1
4220	-1
4221	5232526
4222	-1
4223	5235090
4224	-1
4225	-1
4226	5237654
4227	-1
4228	-1
4229	5240218
4230	-1
4231	5242782
4232	-1
4233	-1
4234	5245346
4235	-1
4236	5247910
4237	-1
4238	-1
4239	5250474
4240	-1
4241	5253038
4242	-1
4243	-1
4244	5255602
4245	-1
4246	-1
4247	5258166
4248	-1
4249	5260730
4250	-1
4251	-1
4252	5263294
4253	-1
4254	5265858
4255	-1
4256	-1
4257	5268422
4258	-1
4259	5270986
4260	-1
4261	-1
4262	5273550
4263	-1
4264	5276114
4265	-1
4266	-1
4267	5278678
4268	-1
4269	-1
4270	5281242
4271	-1
4272	5283806
4273	-1
4274	-1
4275	5286370
4276	-1
4277	5288934
4278	-1
4279	-1
4280	5291498
4281	-1
4282	5294062
4283	-1
4284	-1
4285	5296626
4286	-1
4287	-1
4288	5299190
4289	-1
4290	5301754
4291	-1
4292	-1
4293	5304318
4294	-1
4295	5306882
4296	-1
4297	-1
4298	5309446
4299	-1
4300	5312010
4301	-1
4302	-1
4303	5314574
4304	-1
4305	-1
4306	5317138
4307	-1
4308	5319702
4309	-1
4310	-1
4311	5322266
4312	-1
4313	5324830
4314	-1
4315	-1
4316	5327394
4317	-1
4318	5329958
4319	-1
4320	-1
4321	5332522
4322	-1
4323	5335086
4324	-1
4325	-1
4326	5337650
4327	-1
4328	-1
4329	5340214
4330	-1
4331	5342778
4332	-1
4333	-1
4334	5345342
4335	-1
4336	5347906
4337	-1
4338	-1
4339	5350470
4340	-1
4341	5353034
4342	-1
4343	-1
4344	5355598
4345	-1
4346	-1
4347	5358162
4348	-1
4349	5360726
4350	-1
4351	-1
4352	5363290
4353	-1
4354	5365854
4355	-1
4356	-1
4357	5368418
4358	-1
4359	5370982
4360	-1
4361	-1
4362	5373546
4363	-1
4364	5376110
4365	-1
4366	-1
4367	5378674
4368	-1
4369	-1
4370	5381238
4371	-1
4372	5383802
4373	-1
4374	-1
4375	5386366
4376	-1
4377	5388930
4378	-1
4379	-1
4380	5391494
4381	-1
4382	5394058
4383	-1
4384	-1
4385	5396622
4386	-1
4387	-1
4388	5399186
4389	-1
4390	5401750
4391	-1
4392	-1
4393	5404314
4394	-1
4395	5406878
4396	-1
4397	-1
4398	5409442
4399	-1
4400	5412006
4401	-1
4402	-1
4403	5414570
4404	-1
4405	5417134
4406	-1
4407	-1
4408	5419698
4409	-1
4410	-1
4411	5422262
4412	-1
4413	5424826
4414	-1
4415	-1
4416	5427390
4417	-1
4418	5429954
4419	-1
4420	-1
4421	5432518
4422	-1
4423	5435082
4424	-1
4425	-1
4426	5437646
4427	-1
4428	-1
4429	5440210
4430	-1
4431	5442774
4432	-1
4433	-1
4434	5445338
4435	-1
4436	5447902
4437	-1
4438	-1
4439	5450466
4440	-1
4441	5453030
4442	-1
4443	-1
4444	5455594
4445	-1
4446	-1
4447	5458158
4448	-1
4449	5460722
4450	-1
4451	-1
4452	5463286
4453	-1
4454	5465850
4455	-1
4456	-1
4457	5468414
4458	-1
4459	5470978
4460	-1
4461	-1
4462	5473542
4463	-1
4464	5476106
4465	-1
4466	-1
4467	5478670
4468	-1
4469	-1
4470	5481234
4471	-1
4472	5483798
4473	-1
4474	-1
4475	5486362
4476	-1
4477	5488926
4478	-1
4479	-1
4480	5491490
4481	-1
4482	5494054
4483	-1
4484	-1
4485	5496618
4486	-1
4487	-1
4488	5499182
4489	-1
4490	5501746
4491	-1
4492	-1
4493	5504310
4494	-1
4495	5506874
4496	-1
4497	-1
4498	5509438
4499	-1
4500	5512002
4501	-1
4502	-1
4503	5514566
4504	-1
4505	5517130
4506	-1
4507	-1
4508	5519694
4509	-1
4510	-1
4511	5522258
4512	-1
4513	5524822
4514	-1
4515	-1
4516	5527386
4517	-1
4518	5529950
4519	-1
4520	-1
4521	5532514
4522	-1
4523	5535078
4524	-1
4525	-1
4526	5537642
4527	-1
4528	-1
4529	5540206
4530	-1
4531	5542770
4532	-1
4533	-1
4534	5545334
4535	-1
4536	5547898
4537	-1
4538	-1
4539	5550462
4540	-1
4541	5553026
4542	-1
4543	-1
4544	5555590
4545	-1
4546	-1
4547	5558154
4548	-1
4549	5560718
4550	-1
4551	-1
4552	5563282
4553	-1
4554	5565846
4555	-1
4556	-1
4557	5568410
4558	-1
4559	5570974
4560	-1
4561	-1
4562	5573538
4563	-1
4564	5576102
4565	-1
4566	-1
4567	5578666
4568	-1
4569	-1
4570	5581230
4571	-1
4572	5583794
4573	-1
4574	-1
4575	5586358
4576	-1
4577	5588922
4578	-1
4579	-1
4580	5591486
4581	-1
4582	5594050
4583	-1
4584	-1
4585	5596614
4586	-1
4587	-1
4588	5599178
4589	-1
4590	5601742
4591	-1
4592	-1
4593	5604306
4594	-1
4595	5606870
4596	-1
4597	-1
4598	5609434
4599	-1
4600	5611998
4601	-1
4602	-1
4603	5614562
4604	-1
4605	5617126
4606	-1
4607	-1
4608	5619690
4609	-1
4610	-1
4611	5622254
4612	-1
4613	5624818
4614	-1
4615	-1
4616	5627382
4617	-1
4618	5629946
4619	-1
4620	-1
4621	5632510
4622	-1
4623	5635074
4624	-1
4625	-1
4626	5637638
4627	-1
4628	-1
4629	5640202
4630	-1
4631	5642766
4632	-1
4633	-1
4634	5645330
4635	-1
4636	5647894
4637	-1
4638	-1
4639	5650458
4640	-1
4641	5653022
4642	-1
4643	-1
4644	5655586
4645	-1
4646	-1
4647	5658150
4648	-1
4649	5660714
4650	-1
4651	-1
4652	5663278
4653	-1
4654	5665842
4655	-1
4656	-1
4657	5668406
4658	-1
4659	5670970
4660	-1
4661	-1
4662	5673534
4663	-1
4664	5676098
4665	-1
4666	-1
4667	5678662
4668	-1
4669	-1
4670	5681226
4671	-1
4672	5683790
4673	-1
4674	-1
4675	5686354
4676	-1
4677	5688918
4678	-1
4679	-1
4680	5691482
4681	-1
4682	5694046
4683	-1
4684	-1
4685	5696610
4686	-1
4687	-1
4688	5699174
4689	-1
4690	5701738
4691	-1
4692	-1
4693	5704302
4694	-1
4695	5706866
4696	-1
4697	-1
4698	5709430
4699	-1
4700	5711994
4701	-1
4702	-1
4703	5714558
4704	-1
4705	5717122
4706	-1
4707	-1
4708	5719686
4709	-1
4710	-1
4711	5722250
4712	-1
4713	5724814
4714	-1
4715	-1
4716	5727378
4717	-1
4718	5729942
4719	-1
4720	-1
4721	5732506
4722	-1
4723	5735070
4724	-1
4725	-1
4726	5737634
4727	-1
4728	-1
4729	5740198
4730	-1
4731	5742762
4732	-1
4733	-1
4734	5745326
4735	-1
4736	5747890
4737	-1
4738	-1
4739	5750454
4740	-1
4741	5753018
4742	-1
4743	-1
4744	5755582
4745	-1
4746	-1
4747	5758146
4748	-1
4749	5760710
4750	-1
4751	-1
4752	5763274
4753	-1
4754	5765838
4755	-1
4756	-1
4757	5768402
4758	-1
4759	5770966
4760	-1
4761	-1
4762	5773530
4763	-1
4764	5776094
4765	-1
4766	-1
4767	5778658
4768	-1
4769	-1
4770	5781222
4771	-1
4772	5783786
4773	-1
4774	-1
4775	5786350
4776	-1
4777	5788914
4778	-1
4779	-1
4780	5791478
4781	-1
4782	5794042
4783	-1
4784	-1
4785	5796606
4786	-1
4787	-1
4788	5799170
4789	-1
4790	5801734
4791	-1
4792	-1
4793	5804298
4794	-1
4795	5806862
4796	-1
4797	-1
4798	5809426
4799	-1
4800	5811990
4801	-1
4802	-1
4803	5814554
4804	-1
4805	5817118
4806	-1
4807	-1
4808	5819682
4809	-1
4810	-1
4811	5822246
4812	-1
4813	5824810
4814	-1
4815	-1
4816	5827374
4817	-1
4818	5829938
4819	-1
4820	-1
4821	5832502
4822	-1
4823	5835066
4824	-1
4825	-1
4826	5837630
4827	-1
4828	-1
4829	5840194
4830	-1
4831	5842758
4832	-1
4833	-1
4834	5845322
4835	-1
4836	5847886
4837	-1
4838	-1
4839	5850450
4840	-1
4841	5853014
4842	-1
4843	-1
4844	5855578
4845	-1
4846	-1
4847	5858142
4848	-1
4849	5860706
4850	-1
4851	-1
4852	5863270
4853	-1
4854	5865834
4855	-1
4856	-1
4857	5868398
4858	-1
4859	5870962
4860	-1
4861	-1
4862	5873526
4863	-1
4864	5876090
4865	-1
4866	-1
4867	5878654
4868	-1
4869	-1
4870	5881218
4871	-1
4872	5883782
4873	-1
4874	-1
4875	5886346
4876	-1
4877	5888910
4878	-1
4879	-1
4880	5891474
4881	-1
4882	5894038
4883	-1
4884	-1
4885	5896602
4886	-1
4887	-1
4888	5899166
4889	-1
4890	5901730
4891	-1
4892	-1
4893	5904294
4894	-1
4895	5906858
4896	-1
4897	-1
4898	5909422
4899	-1
4900	5911986
4901	-1
4902	-1
4903	5914550
4904	-1
4905	5917114
4906	-1
4907	-1
4908	5919678
4909	-1
4910	-1
4911	5922242
4912	-1
4913	5924806
4914	-1
4915	-1
4916	5927370
4917	-1
4918	5929934
4919	-1
4920	-1
4921	5932498
4922	-1
4923	5935062
4924	-1
4925	-1
4926	5937626
4927	-1
4928	-1
4929	5940190
4930	-1
4931	5942754
4932	-1
4933	-1
4934	5945318
4935	-1
4936	5947882
4937	-1
4938	-1
4939	5950446
4940	-1
4941	5953010
4942	-1
4943	-1
4944	5955574
4945	-1
4946	-1
4947	5958138
4948	-1
4949	5960702
4950	-1
4951	-1
4952	5963266
4953	-1
4954	5965830
4955	-1
4956	-1
4957	5968394
4958	-1
4959	5970958
4960	-1
4961	-1
4962	5973522
4963	-1
4964	5976086
4965	-1
4966	-1
4967	5978650
4968	-1
4969	-1
4970	5981214
4971	-1
4972	5983778
4973	-1
4974	-1
4975	5986342
4976	-1
4977	5988906
4978	-1
4979	-1
4980	5991470
4981	-1
4982	5994034
4983	-1
4984	-1
4985	5996598
4986	-1
4987	-1
4988	5999162
4989	-1
4990	6001726
4991	-1
4992	-1
4993	6004290
4994	-1
4995	6006854
4996	-1
4997	-1
4998	6009418
4999	-1
5000	6011982
5001	-1
5002	-1
5003	6014546
5004	-1
5005	6017110
5006	-1
5007	-1
5008	6019674
5009	-1
5010	-1
5011	6022238
5012	-1
5013	6024802
5014	-1
5015	-1
5016	6027366
5017	-1
5018	6029930
5019	-1
5020	-1
5021	6032494
5022	-1
5023	6035058
5024	-1
5025	-1
5026	6037622
5027	-1
5028	-1
5029	6040186
5030	-1
5031	6042750
5032	-1
5033	-1
5034	6045314
5035	-1
5036	6047878
5037	-1
5038	-1
5039	6050442
5040	-1
5041	6053006
5042	-1
5043	-1
5044	6055570
5045	-1
5046	6058134
5047	-1
5048	-1
5049	6060698
5050	-1
5051	-1
5052	6063262
5053	-1
5054	6065826
5055	-1
5056	-1
5057	6068390
5058	-1
5059	6070954
5060	-1
5061	-1
5062	6073518
5063	-1
5064	6076082
5065	-1
5066	-1
5067	6078646
5068	-1
5069	-1
5070	6081210
5071	-1
5072	6083774
5073	-1
5074	-1
5075	6086338
5076	-1
5077	6088902
5078	-1
5079	-1
5080	6091466
5081	-1
5082	6094030
5083	-1
5084	-1
5085	6096594
5086	-1
5087	-1
5088	6099158
5089	-1
5090	6101722
5091	-1
5092	-1
5093	6104286
5094	-1
5095	6106850
5096	-1
5097	-1
5098	6109414
5099	-1
5100	6111978
5101	-1
5102	-1
5103	6114542
5104	-1
5105	6117106
5106	-1
5107	-1
5108	6119670
5109	-1
5110	-1
5111	6122234
5112	-1
5113	6124798
5114	-1
5115	-1
5116	6127362
5117	-1
5118	6129926
5119	-1
5120	-1
5121	6132490
5122	-1
5123	6135054
5124	-1
5125	-1
5126	6137618
5127	-1
5128	-1
5129	6140182
5130	-1
5131	6142746
5132	-1
5133	-1
5134	6145310
5135	-1
5136	6147874
5137	-1
5138	-1
5139	6150438
5140	-1
5141	6153002
5142	-1
5143	-1
5144	6155566
5145	-1
5146	6158130
5147	-1
5148	-1
5149	6160694
5150	-1
5151	-1
5152	6163258
5153	-1
5154	6165822
5155	-1
5156	-1
5157	6168386
5158	-1
5159	6170950
5160	-1
5161	-1
5162	6173514
5163	-1
5164	6176078
5165	-1
5166	-1
5167	6178642
5168	-1
5169	-1
5170	6181206
5171	-1
5172	6183770
5173	-1
5174	-1
5175	6186334
5176	-1
5177	6188898
5178	-1
5179	-1
5180	6191462
5181	-1
5182	6194026
5183	-1
5184	-1
5185	6196590
5186	-1
5187	-1
5188	6199154
5189	-1
5190	6201718
5191	-1
5192	-1
5193	6204282
5194	-1
5195	6206846
5196	-1
5197	-1
5198	6209410
5199	-1
5200	6211974
5201	-1
5202	-1
5203	6214538
5204	-1
5205	6217102
5206	-1
5207	-1
5208	6219666
5209	-1
5210	-1
5211	6222230
5212	-1
5213	6224794
5214	-1
5215	-1
5216	6227358
5217	-1
5218	6229922
5219	-1
5220	-1
5221	6232486
5222	-1
5223	6235050
5224	-1
5225	-1
5226	6237614
5227	-1
5228	-1
5229	6240178
5230	-1
5231	6242742
5232	-1
5233	-1
5234	6245306
5235	-1
5236	6247870
5237	-1
5238	-1
5239	6250434
5240	-1
5241	6252998
5242	-1
5243	-1
5244	6255562
5245	-1
5246	6258126
5247	-1
5248	-1
5249	6260690
5250	-1
5251	-1
5252	6263254
5253	-1
5254	6265818
5255	-1
5256	-1
5257	6268382
5258	-1
5259	6270946
5260	-1
5261	-1
5262	6273510
5263	-1
5264	6276074
5265	-1
5266	-1
5267	6278638
5268	-1
5269	-1
5270	6281202
5271	-1
5272	6283766
5273	-1
5274	-1
5275	6286330
5276	-1
5277	6288894
5278	-1
5279	-1
5280	6291458
5281	-1
5282	6294022
5283	-1
5284	-1
5285	6296586
5286	-1
5287	-1
5288	6299150
5289	-1
5290	6301714
5291	-1
5292	-1
5293	6304278
5294	-1
5295	6306842
5296	-1
5297	-1
5298	6309406
5299	-1
5300	6311970
5301	-1
5302	-1
5303	6314534
5304	-1
5305	6317098
5306	-1
5307	-1
5308	6319662
5309	-1
5310	-1
5311	6322226
5312	-1
5313	6324790
5314	-1
5315	-1
5316	6327354
5317	-1
5318	6329918
5319	-1
5320	-1
5321	6332482
5322	-1
5323	6335046
5324	-1
5325	-1
5326	6337610
5327	-1
5328	-1
5329	6340174
5330	-1
5331	6342738
5332	-1
5333	-1
5334	6345302
5335	-1
5336	6347866
5337	-1
5338	-1
5339	6350430
5340	-1
5341	6352994
5342	-1
5343	-1
5344	6355558
5345	-1
5346	6358122
5347	-1
5348	-1
5349	6360686
5350	-1
5351	-1
5352	6363250
5353	-1
5354	6365814
5355	-1
5356	-1
5357	6368378
5358	-1
5359	6370942
5360	-1
5361	-1
5362	6373506
5363	-1
5364	6376070
5365	-1
5366	-1
5367	6378634
5368	-1
5369	-1
5370	6381198
5371	-1
5372	6383762
5373	-1
5374	-1
5375	6386326
5376	-1
5377	6388890
5378	-1
5379	-1
5380	6391454
5381	-1
5382	6394018
5383	-1
5384	-1
5385	6396582
5386	-1
5387	-1
5388	6399146
5389	-1
5390	6401710
5391	-1
5392	-1
5393	6404274
5394	-1
5395	6406838
5396	-1
5397	-1
5398	6409402
5399	-1
5400	6411966
5401	-1
5402	-1
5403	6414530
5404	-1
5405	6417094
5406	-1
5407	-1
5408	6419658
5409	-1
5410	-1
5411	6422222
5412	-1
5413	6424786
5414	-1
5415	-1
5416	6427350
5417	-1
5418	6429914
5419	-1
5420	-1
5421	6432478
5422	-1
5423	6435042
5424	-1
5425	-1
5426	6437606
5427	-1
5428	-1
5429	6440170
5430	-1
5431	6442734
5432	-1
5433	-1
5434	6445298
5435	-1
5436	6447862
5437	-1
5438	-1
5439	6450426
5440	-1
5441	6452990
5442	-1
5443	-1
5444	6455554
5445	-1
5446	6458118
5447	-1
5448	-1
5449	6460682
5450	-1
5451	-1
5452	6463246
5453	-1
5454	6465810
5455	-1
5456	-1
5457	6468374
5458	-1
5459	6470938
5460	-1
5461	-1
5462	6473502
5463	-1
5464	6476066
5465	-1
5466	-1
5467	6478630
5468	-1
5469	-1
5470	6481194
5471	-1
5472	6483758
5473	-1
5474	-1
5475	6486322
5476	-1
5477	6488886
5478	-1
5479	-1
5480	6491450
5481	-1
5482	6494014
5483	-1
5484	-1
5485	6496578
5486	-1
5487	-1
5488	6499142
5489	-1
5490	6501706
5491	-1
5492	-1
5493	6504270
5494	-1
5495	6506834
5496	-1
5497	-1
5498	6509398
5499	-1
5500	6511962
5501	-1
5502	-1
5503	6514526
5504	-1
5505	6517090
5506	-1
5507	-1
5508	6519654
5509	-1
5510	-1
5511	6522218
5512	-1
5513	6524782
5514	-1
5515	-1
5516	6527346
5517	-1
5518	6529910
5519	-1
5520	-1
5521	6532474
5522	-1
5523	6535038
5524	-1
5525	-1
5526	6537602
5527	-1
5528	-1
5529	6540166
5530	-1
5531	6542730
5532	-1
5533	-1
5534	6545294
5535	-1
5536	6547858
5537	-1
5538	-1
5539	6550422
5540	-1
5541	6552986
5542	-1
5543	-1
5544	6555550
5545	-1
5546	6558114
5547	-1
5548	-1
5549	6560678
5550	-1
5551	-1
5552	6563242
5553	-1
5554	6565806
5555	-1
5556	-1
5557	6568370
5558	-1
5559	6570934
5560	-1
5561	-1
5562	6573498
5563	-1
5564	6576062
5565	-1
5566	-1
5567	6578626
5568	-1
5569	-1
5570	6581190
5571	-1
5572	6583754
5573	-1
5574	-1
5575	6586318
5576	-1
5577	6588882
5578	-1
5579	-1
5580	6591446
5581	-1
5582	6594010
5583	-1
5584	-1
5585	6596574
5586	-1
5587	-1
5588	6599138
5589	-1
5590	6601702
5591	-1
5592	-1
5593	6604266
5594	-1
5595	6606830
5596	-1
5597	-1
5598	6609394
5599	-1
5600	6611958
5601	-1
5602	-1
5603	6614522
5604	-1
5605	6617086
5606	-1
5607	-1
5608	6619650
5609	-1
5610	-1
5611	6622214
5612	-1
5613	6624778
5614	-1
5615	-1
5616	6627342
5617	-1
5618	6629906
5619	-1
5620	-1
5621	6632470
5622	-1
5623	6635034
5624	-1
5625	-1
5626	6637598
5627	-1
5628	-1
5629	6640162
5630	-1
5631	6642726
5632	-1
5633	-1
5634	6645290
5635	-1
5636	6647854
5637	-1
5638	-1
5639	6650418
5640	-1
5641	6652982
5642	-1
5643	-1
5644	6655546
5645	-1
5646	6658110
5647	-1
5648	-1
5649	6660674
5650	-1
5651	-1
5652	6663238
5653	-1
5654	6665802
5655	-1
5656	-1
5657	6668366
5658	-1
5659	6670930
5660	-1
5661	-1
5662	6673494
5663	-1
5664	6676058
5665	-1
5666	-1
5667	6678622
5668	-1
5669	-1
5670	6681186
5671	-1
5672	6683750
5673	-1
5674	-1
5675	6686314
5676	-1
5677	6688878
5678	-1
5679	-1
5680	6691442
5681	-1
5682	6694006
5683	-1
5684	-1
5685	6696570
5686	-1
5687	6699134
5688	-1
5689	-1
5690	6701698
5691	-1
5692	-1
5693	6704262
5694	-1
5695	6706826
5696	-1
5697	-1
5698	6709390
5699	-1
5700	6711954
5701	-1
5702	-1
5703	6714518
5704	-1
5705	6717082
5706	-1
5707	-1
5708	6719646
5709	-1
5710	-1
5711	6722210
5712	-1
5713	6724774
5714	-1
5715	-1
5716	6727338
5717	-1
5718	6729902
5719	-1
5720	-1
5721	6732466
5722	-1
5723	6735030
5724	-1
5725	-1
5726	6737594
5727	-1
5728	-1
5729	6740158
5730	-1
5731	6742722
5732	-1
5733	-1
5734	6745286
5735	-1
5736	6747850
5737	-1
5738	-1
5739	6750414
5740	-1
5741	6752978
5742	-1
5743	-1
5744	6755542
5745	-1
5746	6758106
5747	-1
5748	-1
5749	6760670
5750	-1
5751	-1
5752	6763234
5753	-1
5754	6765798
5755	-1
5756	-1
5757	6768362
5758	-1
5759	6770926
5760	-1
5761	-1
5762	6773490
5763	-1
5764	6776054
5765	-1
5766	-1
5767	6778618
5768	-1
5769	-1
5770	6781182
5771	-1
5772	6783746
5773	-1
5774	-1
5775	6786310
5776	-1
5777	6788874
5778	-1
5779	-1
5780	6791438
5781	-1
5782	6794002
5783	-1
5784	-1
5785	6796566
5786	-1
5787	6799130
5788	-1
5789	-1
5790	6801694
5791	-1
5792	-1
5793	6804258
5794	-1
5795	6806822
5796	-1
5797	-1
5798	6809386
5799	-1
5800	6811950
5801	-1
5802	-1
5803	6814514
5804	-1
5805	6817078
5806	-1
5807	-1
5808	6819642
5809	-1
5810	-1
5811	6822206
5812	-1
5813	6824770
5814	-1
5815	-1
5816	6827334
5817	-1
5818	6829898
5819	-1
5820	-1
5821	6832462
5822	-1
5823	6835026
5824	-1
5825	-1
5826	6837590
5827	-1
5828	-1
5829	6840154
5830	-1
5831	6842718
5832	-1
5833	-1
5834	6845282
5835	-1
5836	6847846
5837	-1
5838	-1
5839	6850410
5840	-1
5841	6852974
5842	-1
5843	-1
5844	6855538
5845	-1
5846	6858102
5847	-1
5848	-1
5849	6860666
5850	-1
5851	-1
5852	6863230
5853	-1
5854	6865794
5855	-1
5856	-1
5857	6868358
5858	-1
5859	6870922
5860	-1
5861	-1
5862	6873486
5863	-1
5864	6876050
5865	-1
5866	-1
5867	6878614
5868	-1
5869	-1
5870	6881178
5871	-1
5872	6883742
5873	-1
5874	-1
5875	6886306
5876	-1
5877	6888870
5878	-1
5879	-1
5880	6891434
5881	-1
5882	6893998
5883	-1
5884	-1
5885	6896562
5886	-1
5887	6899126
5888	-1
5889	-1
5890	6901690
5891	-1
5892	-1
5893	6904254
5894	-1
5895	6906818
5896	-1
5897	-1
5898	6909382
5899	-1
5900	6911946
5901	-1
5902	-1
5903	6914510
5904	-1
5905	6917074
5906	-1
5907	-1
5908	6919638
5909	-1
5910	-1
5911	6922202
5912	-1
5913	6924766
5914	-1
5915	-1
5916	6927330
5917	-1
5918	6929894
5919	-1
5920	-1
5921	6932458
5922	-1
5923	6935022
5924	-1
5925	-1
5926	6937586
5927	-1
5928	-1
5929	6940150
5930	-1
5931	6942714
5932	-1
5933	-1
5934	6945278
5935	-1
5936	6947842
5937	-1
5938	-1
5939	6950406
5940	-1
5941	6952970
5942	-1
5943	-1
5944	6955534
5945	-1
5946	6958098
5947	-1
5948	-1
5949	6960662
5950	-1
5951	-1
5952	6963226
5953	-1
5954	6965790
5955	-1
5956	-1
5957	6968354
5958	-1
5959	6970918
5960	-1
5961	-1
5962	6973482
5963	-1
5964	6976046
5965	-1
5966	-1
5967	6978610
5968	-1
5969	-1
5970	6981174
5971	-1
5972	6983738
5973	-1
5974	-1
5975	6986302
5976	-1
5977	6988866
5978	-1
5979	-1
5980	6991430
5981	-1
5982	6993994
5983	-1
5984	-1
5985	6996558
5986	-1
5987	6999122
5988	-1
5989	-1
5990	7001686
5991	-1
5992	-1
5993	7004250
5994	-1
5995	7006814
5996	-1
5997	-1
5998	7009378
5999	-1
6000	7011942
6001	-1
6002	-1
6003	7014506
6004	-1
6005	7017070
6006	-1
6007	-1
6008	7019634
6009	-1
6010	-1
6011	7022198
6012	-1
6013	7024762
6014	-1
6015	-1
6016	7027326
6017	-1
6018	7029890
6019	-1
6020	-1
6021	7032454
6022	-1
6023	7035018
6024	-1
6025	-1
6026	7037582
6027	-1
6028	-1
6029	7040146
6030	-1
6031	7042710
6032	-1
6033	-1
6034	7045274
6035	-1
6036	7047838
6037	-1
6038	-1
6039	7050402
6040	-1
6041	7052966
6042	-1
6043	-1
6044	7055530
6045	-1
6046	7058094
6047	-1
6048	-1
6049	7060658
6050	-1
6051	-1
6052	7063222
6053	-1
6054	7065786
6055	-1
6056	-1
6057	7068350
6058	-1
6059	7070914
6060	-1
6061	-1
6062	7073478
6063	-1
6064	7076042
6065	-1
6066	-1
6067	7078606
6068	-1
6069	-1
6070	7081170
6071	-1
6072	7083734
6073	-1
6074	-1
6075	7086298
6076	-1
6077	7088862
6078	-1
6079	-1
6080	7091426
6081	-1
6082	7093990
6083	-1
6084	-1
6085	7096554
6086	-1
6087	7099118
6088	-1
6089	-1
6090	7101682
6091	-1
6092	-1
6093	7104246
6094	-1
6095	7106810
6096	-1
6097	-1
6098	7109374
6099	-1
6100	7111938
6101	-1
6102	-1
6103	7114502
6104	-1
6105	7117066
6106	-1
6107	-1
6108	7119630
6109	-1
6110	-1
6111	7122194
6112	-1
6113	7124758
6114	-1
6115	-1
6116	7127322
6117	-1
6118	7129886
6119	-1
6120	-1
6121	7132450
6122	-1
6123	7135014
6124	-1
6125	-1
6126	7137578
6127	-1
6128	-1
6129	7140142
6130	-1
6131	7142706
6132	-1
6133	-1
6134	7145270
6135	-1
6136	7147834
6137	-1
6138	-1
6139	7150398
6140	-1
6141	7152962
6142	-1
6143	-1
6144	7155526
6145	-1
6146	7158090
6147	-1
6148	-1
6149	7160654
6150	-1
6151	-1
6152	7163218
6153	-1
6154	7165782
6155	-1
6156	-1
6157	7168346
6158	-1
6159	7170910
6160	-1
6161	-1
6162	7173474
6163	-1
6164	7176038
6165	-1
6166	-1
6167	7178602
6168	-1
6169	-1
6170	7181166
6171	-1
6172	7183730
6173	-1
6174	-1
6175	7186294
6176	-1
6177	7188858
6178	-1
6179	-1
6180	7191422
6181	-1
6182	7193986
6183	-1
6184	-1
6185	7196550
6186	-1
6187	7199114
6188	-1
6189	-1
6190	7201678
6191	-1
6192	-1
6193	7204242
6194	-1
6195	7206806
6196	-1
6197	-1
6198	7209370
6199	-1
6200	7211934
6201	-1
6202	-1
6203	7214498
6204	-1
6205	7217062
6206	-1
6207	-1
6208	7219626
6209	-1
6210	-1
6211	7222190
6212	-1
6213	7224754
6214	-1
6215	-1
6216	7227318
6217	-1
6218	7229882
6219	-1
6220	-1
6221	7232446
6222	-1
6223	7235010
6224	-1
6225	-1
6226	7237574
6227	-1
6228	-1
6229	7240138
6230	-1
6231	7242702
6232	-1
6233	-1
6234	7245266
6235	-1
6236	7247830
6237	-1
6238	-1
6239	7250394
6240	-1
6241	7252958
6242	-1
6243	-1
6244	7255522
6245	-1
6246	7258086
6247	-1
6248	-1
6249	7260650
6250	-1
6251	-1
6252	7263214
6253	-1
6254	7265778
6255	-1
6256	-1
6257	7268342
6258	-1
6259	7270906
6260	-1
6261	-1
6262	7273470
6263	-1
6264	7276034
6265	-1
6266	-1
6267	7278598
6268	-1
6269	-1
6270	7281162
6271	-1
6272	7283726
6273	-1
6274	-1
6275	7286290
6276	-1
6277	7288854
6278	-1
6279	-1
6280	7291418
6281	-1
6282	7293982
6283	-1
6284	-1
6285	7296546
6286	-1
6287	7299110
6288	-1
6289	-1
6290	7301674
6291	-1
6292	-1
6293	7304238
6294	-1
6295	7306802
6296	-1
6297	-1
6298	7309366
6299	-1
6300	7311930
6301	-1
6302	-1
6303	7314494
6304	-1
6305	7317058
6306	-1
6307	-1
6308	7319622
6309	-1
6310	-1
6311	7322186
6312	-1
6313	7324750
6314	-1
6315	-1
6316	7327314
6317	-1
6318	7329878
6319	-1
6320	-1
6321	7332442
6322	-1
6323	7335006
6324	-1
6325	-1
6326	7337570
6327	-1
6328	7340134
6329	-1
6330	-1
6331	7342698
6332	-1
6333	-1
6334	7345262
6335	-1
6336	7347826
6337	-1
6338	-1
6339	7350390
6340	-1
6341	7352954
6342	-1
6343	-1
6344	7355518
6345	-1
6346	7358082
6347	-1
6348	-1
6349	7360646
6350	-1
6351	-1
6352	7363210
6353	-1
6354	7365774
6355	-1
6356	-1
6357	7368338
6358	-1
6359	7370902
6360	-1
6361	-1
6362	7373466
6363	-1
6364	7376030
6365	-1
6366	-1
6367	7378594
6368	-1
6369	-1
6370	7381158
6371	-1
6372	7383722
6373	-1
6374	-1
6375	7386286
6376	-1
6377	7388850
6378	-1
6379	-1
6380	7391414
6381	-1
6382	7393978
6383	-1
6384	-1
6385	7396542
6386	-1
6387	7399106
6388	-1
6389	-1
6390	7401670
6391	-1
6392	-1
6393	7404234
6394	-1
6395	7406798
6396	-1
6397	-1
6398	7409362
6399	-1
6400	7411926
6401	-1
6402	-1
6403	7414490
6404	-1
6405	7417054
6406	-1
6407	-1
6408	7419618
6409	-1
6410	-1
6411	7422182
6412	-1
6413	7424746
6414	-1
6415	-1
6416	7427310
6417	-1
6418	7429874
6419	-1
6420	-1
6421	7432438
6422	-1
6423	7435002
6424	-1
6425	-1
6426	7437566
6427	-1
6428	7440130
6429	-1
6430	-1
6431	7442694
6432	-1
6433	-1
6434	7445258
6435	-1
6436	7447822
6437	-1
6438	-1
6439	7450386
6440	-1
6441	7452950
6442	-1
6443	-1
6444	7455514
6445	-1
6446	7458078
6447	-1
6448	-1
6449	7460642
6450	-1
6451	-1
6452	7463206
6453	-1
6454	7465770
6455	-1
6456	-1
6457	7468334
6458	-1
6459	7470898
6460	-1
6461	-1
6462	7473462
6463	-1
6464	7476026
6465	-1
6466	-1
6467	7478590
6468	-1
6469	-1
6470	7481154
6471	-1
6472	7483718
6473	-1
6474	-1
6475	7486282
6476	-1
6477	7488846
6478	-1
6479	-1
6480	7491410
6481	-1
6482	7493974
6483	-1
6484	-1
6485	7496538
6486	-1
6487	7499102
6488	-1
6489	-1
6490	7501666
6491	-1
6492	-1
6493	7504230
6494	-1
6495	7506794
6496	-1
6497	-1
6498	7509358
6499	-1
6500	7511922
6501	-1
6502	-1
6503	7514486
6504	-1
6505	7517050
6506	-1
6507	-1
6508	7519614
6509	-1
6510	-1
6511	7522178
6512	-1
6513	7524742
6514	-1
6515	-1
6516	7527306
6517	-1
6518	7529870
6519	-1
6520	-1
6521	7532434
6522	-1
6523	7534998
6524	-1
6525	-1
6526	7537562
6527	-1
6528	7540126
6529	-1
6530	-1
6531	7542690
6532	-1
6533	-1
6534	7545254
6535	-1
6536	7547818
6537	-1
6538	-1
6539	7550382
6540	-1
6541	7552946
6542	-1
6543	-1
6544	7555510
6545	-1
6546	7558074
6547	-1
6548	-1
6549	7560638
6550	-1
6551	-1
6552	7563202
6553	-1
6554	7565766
6555	-1
6556	-1
6557	7568330
6558	-1
6559	7570894
6560	-1
6561	-1
6562	7573458
6563	-1
6564	7576022
6565	-1
6566	-1
6567	7578586
6568	-1
6569	-1
6570	7581150
6571	-1
6572	7583714
6573	-1
6574	-1
6575	7586278
6576	-1
6577	7588842
6578	-1
6579	-1
6580	7591406
6581	-1
6582	7593970
6583	-1
6584	-1
6585	7596534
6586	-1
6587	7599098
6588	-1
6589	-1
6590	7601662
6591	-1
6592	-1
6593	7604226
6594	-1
6595	7606790
6596	-1
6597	-1
6598	7609354
6599	-1
6600	7611918
6601	-1
6602	-1
6603	7614482
6604	-1
6605	7617046
6606	-1
6607	-1
6608	7619610
6609	-1
6610	-1
6611	7622174
6612	-1
6613	7624738
6614	-1
6615	-1
6616	7627302
6617	-1
6618	7629866
6619	-1
6620	-1
6621	7632430
6622	-1
6623	7634994
6624	-1
6625	-1
6626	7637558
6627	-1
6628	7640122
6629	-1
6630	-1
6631	7642686
6632	-1
6633	-1
6634	7645250
6635	-1
6636	7647814
6637	-1
6638	-1
6639	7650378
6640	-1
6641	7652942
6642	-1
6643	-1
6644	7655506
6645	-1
6646	7658070
6647	-1
6648	-1
6649	7660634
6650	-1
6651	-1
6652	7663198
6653	-1
6654	7665762
6655	-1
6656	-1
6657	7668326
6658	-1
6659	7670890
6660	-1
6661	-1
6662	7673454
6663	-1
6664	7676018
6665	-1
6666	-1
6667	7678582
6668	-1
6669	-1
6670	7681146
6671	-1
6672	7683710
6673	-1
6674	-1
6675	7686274
6676	-1
6677	7688838
6678	-1
6679	-1
6680	7691402
6681	-1
6682	7693966
6683	-1
6684	-1
6685	7696530
6686	-1
6687	7699094
6688	-1
6689	-1
6690	7701658
6691	-1
6692	-1
6693	7704222
6694	-1
6695	7706786
6696	-1
6697	-1
6698	7709350
6699	-1
6700	7711914
6701	-1
6702	-1
6703	7714478
6704	-1
6705	7717042
6706	-1
6707	-1
6708	7719606
6709	-1
6710	-1
6711	7722170
6712	-1
6713	7724734
6714	-1
6715	-1
6716	7727298
6717	-1
6718	7729862
6719	-1
6720	-1
6721	7732426
6722	-1
6723	7734990
6724	-1
6725	-1
6726	7737554
6727	-1
6728	7740118
6729	-1
6730	-1
6731	7742682
6732	-1
6733	-1
6734	7745246
6735	-1
6736	7747810
6737	-1
6738	-1
6739	7750374
6740	-1
6741	7752938
6742	-1
6743	-1
6744	7755502
6745	-1
6746	7758066
6747	-1
6748	-1
6749	7760630
6750	-1
6751	-1
6752	7763194
6753	-1
6754	7765758
6755	-1
6756	-1
6757	7768322
6758	-1
6759	7770886
6760	-1
6761	-1
6762	7773450
6763	-1
6764	7776014
6765	-1
6766	-1
6767	7778578
6768	-1
6769	-1
6770	7781142
6771	-1
6772	7783706
6773	-1
6774	-1
6775	7786270
6776	-1
6777	7788834
6778	-1
6779	-1
6780	7791398
6781	-1
6782	7793962
6783	-1
6784	-1
6785	7796526
6786	-1
6787	7799090
6788	-1
6789	-1
6790	7801654
6791	-1
6792	-1
6793	7804218
6794	-1
6795	7806782
6796	-1
6797	-1
6798	7809346
6799	-1
6800	7811910
6801	-1
6802	-1
6803	7814474
6804	-1
6805	7817038
6806	-1
6807	-1
6808	7819602
6809	-1
6810	-1
6811	7822166
6812	-1
6813	7824730
6814	-1
6815	-1
6816	7827294
6817	-1
6818	7829858
6819	-1
6820	-1
6821	7832422
6822	-1
6823	7834986
6824	-1
6825	-1
6826	7837550
6827	-1
6828	7840114
6829	-1
6830	-1
6831	7842678
6832	-1
6833	-1
6834	7845242
6835	-1
6836	7847806
6837	-1
6838	-1
6839	7850370
6840	-1
6841	7852934
6842	-1
6843	-1
6844	7855498
6845	-1
6846	7858062
6847	-1
6848	-1
6849	7860626
6850	-1
6851	-1
6852	7863190
6853	-1
6854	7865754
6855	-1
6856	-1
6857	7868318
6858	-1
6859	7870882
6860	-1
6861	-1
6862	7873446
6863	-1
6864	7876010
6865	-1
6866	-1
6867	7878574
6868	-1
6869	-1
6870	7881138
6871	-1
6872	7883702
6873	-1
6874	-1
6875	7886266
6876	-1
6877	7888830
6878	-1
6879	-1
6880	7891394
6881	-1
6882	7893958
6883	-1
6884	-1
6885	7896522
6886	-1
6887	7899086
6888	-1
6889	-1
6890	7901650
6891	-1
6892	-1
6893	7904214
6894	-1
6895	7906778
6896	-1
6897	-1
6898	7909342
6899	-1
6900	7911906
6901	-1
6902	-1
6903	7914470
6904	-1
6905	7917034
6906	-1
6907	-1
6908	7919598
6909	-1
6910	-1
6911	7922162
6912	-1
6913	7924726
6914	-1
6915	-1
6916	7927290
6917	-1
6918	7929854
6919	-1
6920	-1
6921	7932418
6922	-1
6923	7934982
6924	-1
6925	-1
6926	7937546
6927	-1
6928	7940110
6929	-1
6930	-1
6931	7942674
6932	-1
6933	-1
6934	7945238
6935	-1
6936	7947802
6937	-1
6938	-1
6939	7950366
6940	-1
6941	7952930
6942	-1
6943	-1
6944	7955494
6945	-1
6946	7958058
6947	-1
6948	-1
6949	7960622
6950	-1
6951	-1
6952	7963186
6953	-1
6954	7965750
6955	-1
6956	-1
6957	7968314
6958	-1
6959	7970878
6960	-1
6961	-1
6962	7973442
6963	-1
6964	7976006
6965	-1
6966	-1
6967	7978570
6968	-1
6969	7981134
6970	-1
6971	-1
6972	7983698
6973	-1
6974	-1
6975	7986262
6976	-1
6977	7988826
6978	-1
6979	-1
6980	7991390
6981	-1
6982	7993954
6983	-1
6984	-1
6985	7996518
6986	-1
6987	7999082
6988	-1
6989	-1
6990	8001646
6991	-1
6992	-1
6993	8004210
6994	-1
6995	8006774
6996	-1
6997	-1
6998	8009338
6999	-1
7000	8011902
7001	-1
7002	-1
7003	8014466
7004	-1
7005	8017030
7006	-1
7007	-1
7008	8019594
7009	-1
7010	-1
7011	8022158
7012	-1
7013	8024722
7014	-1
7015	-1
7016	8027286
7017	-1
7018	8029850
7019	-1
7020	-1
7021	8032414
7022	-1
7023	8034978
7024	-1
7025	-1
7026	8037542
7027	-1
7028	8040106
7029	-1
7030	-1
7031	8042670
7032	-1
7033	-1
7034	8045234
7035	-1
7036	8047798
7037	-1
7038	-1
7039	8050362
7040	-1
7041	8052926
7042	-1
7043	-1
7044	8055490
7045	-1
7046	8058054
7047	-1
7048	-1
7049	8060618
7050	-1
7051	-1
7052	8063182
7053	-1
7054	8065746
7055	-1
7056	-1
7057	8068310
7058	-1
7059	8070874
7060	-1
7061	-1
7062	8073438
7063	-1
7064	8076002
7065	-1
7066	-1
7067	8078566
7068	-1
7069	8081130
7070	-1
7071	-1
7072	8083694
7073	-1
7074	-1
7075	8086258
7076	-1
7077	8088822
7078	-1
7079	-1
7080	8091386
7081	-1
7082	8093950
7083	-1
7084	-1
7085	8096514
7086	-1
7087	8099078
7088	-1
7089	-1
7090	8101642
7091	-1
7092	-1
7093	8104206
7094	-1
7095	8106770
7096	-1
7097	-1
7098	8109334
7099	-1
7100	8111898
7101	-1
7102	-1
7103	8114462
7104	-1
7105	8117026
7106	-1
7107	-1
7108	8119590
7109	-1
7110	-1
7111	8122154
7112	-1
7113	8124718
7114	-1
7115	-1
7116	8127282
7117	-1
7118	8129846
7119	-1
7120	-1
7121	8132410
7122	-1
7123	8134974
7124	-1
7125	-1
7126	8137538
7127	-1
7128	8140102
7129	-1
7130	-1
7131	8142666
7132	-1
7133	-1
7134	8145230
7135	-1
7136	8147794
7137	-1
7138	-1
7139	8150358
7140	-1
7141	8152922
7142	-1
7143	-1
7144	8155486
7145	-1
7146	8158050
7147	-1
7148	-1
7149	8160614
7150	-1
7151	-1
7152	8163178
7153	-1
7154	8165742
7155	-1
7156	-1
7157	8168306
7158	-1
7159	8170870
7160	-1
7161	-1
7162	8173434
7163	-1
7164	8175998
7165	-1
7166	-1
7167	8178562
7168	-1
7169	8181126
7170	-1
7171	-1
7172	8183690
7173	-1
7174	-1
7175	8186254
7176	-1
7177	8188818
7178	-1
7179	-1
7180	8191382
7181	-1
7182	8193946
7183	-1
7184	-1
7185	8196510
7186	-1
7187	8199074
7188	-1
7189	-1
7190	8201638
7191	-1
7192	-1
7193	8204202
7194	-1
7195	8206766
7196	-1
7197	-1
7198	8209330
7199	-1
7200	8211894
7201	-1
7202	-1
7203	8214458
7204	-1
7205	8217022
7206	-1
7207	-1
7208	8219586
7209	-1
7210	-1
7211	8222150
7212	-1
7213	8224714
7214	-1
7215	-1
7216	8227278
7217	-1
7218	8229842
7219	-1
7220	-1
7221	8232406
7222	-1
7223	8234970
7224	-1
7225	-1
7226	8237534
7227	-1
7228	8240098
7229	-1
7230	-1
7231	8242662
7232	-1
7233	-1
7234	8245226
7235	-1
7236	8247790
7237	-1
7238	-1
7239	8250354
7240	-1
7241	8252918
7242	-1
7243	-1
7244	8255482
7245	-1
7246	8258046
7247	-1
7248	-1
7249	8260610
7250	-1
7251	-1
7252	8263174
7253	-1
7254	8265738
7255	-1
7256	-1
7257	8268302
7258	-1
7259	8270866
7260	-1
7261	-1
7262	8273430
7263	-1
7264	8275994
7265	-1
7266	-1
7267	8278558
7268	-1
7269	8281122
7270	-1
7271	-1
7272	8283686
7273	-1
7274	-1
7275	8286250
7276	-1
7277	8288814
7278	-1
7279	-1
7280	8291378
7281	-1
7282	8293942
7283	-1
7284	-1
7285	8296506
7286	-1
7287	8299070
7288	-1
7289	-1
7290	8301634
7291	-1
7292	-1
7293	8304198
7294	-1
7295	8306762
7296	-1
7297	-1
7298	8309326
7299	-1
7300	8311890
7301	-1
7302	-1
7303	8314454
7304	-1
7305	8317018
7306	-1
7307	-1
7308	8319582
7309	-1
7310	-1
7311	8322146
7312	-1
7313	8324710
7314	-1
7315	-1
7316	8327274
7317	-1
7318	8329838
7319	-1
7320	-1
7321	8332402
7322	-1
7323	8334966
7324	-1
7325	-1
7326	8337530
7327	-1
7328	8340094
7329	-1
7330	-1
7331	8342658
7332	-1
7333	-1
7334	8345222
7335	-1
7336	8347786
7337	-1
7338	-1
7339	8350350
7340	-1
7341	8352914
7342	-1
7343	-1
7344	8355478
7345	-1
7346	8358042
7347	-1
7348	-1
7349	8360606
7350	-1
7351	-1
7352	8363170
7353	-1
7354	8365734
7355	-1
7356	-1
7357	8368298
7358	-1
7359	8370862
7360	-1
7361	-1
7362	8373426
7363	-1
7364	8375990
7365	-1
7366	-1
7367	8378554
7368	-1
7369	8381118
7370	-1
7371	-1
7372	8383682
7373	-1
7374	-1
7375	8386246
7376	-1
7377	8388810
7378	-1
7379	-1
7380	8391374
7381	-1
7382	8393938
7383	-1
7384	-1
7385	8396502
7386	-1
7387	8399066
7388	-1
7389	-1
7390	8401630
7391	-1
7392	-1
7393	8404194
7394	-1
7395	8406758
7396	-1
7397	-1
7398	8409322
7399	-1
7400	8411886
7401	-1
7402	-1
7403	8414450
7404	-1
7405	8417014
7406	-1
7407	-1
7408	8419578
7409	-1
7410	-1
7411	8422142
7412	-1
7413	8424706
7414	-1
7415	-1
7416	8427270
7417	-1
7418	8429834
7419	-1
7420	-1
7421	8432398
7422	-1
7423	8434962
7424	-1
7425	-1
7426	8437526
7427	-1
7428	8440090
7429	-1
7430	-1
7431	8442654
7432	-1
7433	-1
7434	8445218
7435	-1
7436	8447782
7437	-1
7438	-1
7439	8450346
7440	-1
7441	8452910
7442	-1
7443	-1
7444	8455474
7445	-1
7446	8458038
7447	-1
7448	-1
7449	8460602
7450	-1
7451	-1
7452	8463166
7453	-1
7454	8465730
7455	-1
7456	-1
7457	8468294
7458	-1
7459	8470858
7460	-1
7461	-1
7462	8473422
7463	-1
7464	8475986
7465	-1
7466	-1
7467	8478550
7468	-1
7469	8481114
7470	-1
7471	-1
7472	8483678
7473	-1
7474	-1
7475	8486242
7476	-1
7477	8488806
7478	-1
7479	-1
7480	8491370
7481	-1
7482	8493934
7483	-1
7484	-1
7485	8496498
7486	-1
7487	8499062
7488	-1
7489	-1
7490	8501626
7491	-1
7492	-1
7493	8504190
7494	-1
7495	8506754
7496	-1
7497	-1
7498	8509318
7499	-1
7500	8511882
7501	-1
7502	-1
7503	8514446
7504	-1
7505	8517010
7506	-1
7507	-1
7508	8519574
7509	-1
7510	-1
7511	8522138
7512	-1
7513	8524702
7514	-1
7515	-1
7516	8527266
7517	-1
7518	8529830
7519	-1
7520	-1
7521	8532394
7522	-1
7523	8534958
7524	-1
7525	-1
7526	8537522
7527	-1
7528	8540086
7529	-1
7530	-1
7531	8542650
7532	-1
7533	-1
7534	8545214
7535	-1
7536	8547778
7537	-1
7538	-1
7539	8550342
7540	-1
7541	8552906
7542	-1
7543	-1
7544	8555470
7545	-1
7546	8558034
7547	-1
7548	-1
7549	8560598
7550	-1
7551	-1
7552	8563162
7553	-1
7554	8565726
7555	-1
7556	-1
7557	8568290
7558	-1
7559	8570854
7560	-1
7561	-1
7562	8573418
7563	-1
7564	8575982
7565	-1
7566	-1
7567	8578546
7568	-1
7569	8581110
7570	-1
7571	-1
7572	8583674
7573	-1
7574	-1
7575	8586238
7576	-1
7577	8588802
7578	-1
7579	-1
7580	8591366
7581	-1
7582	8593930
7583	-1
7584	-1
7585	8596494
7586	-1
7587	8599058
7588	-1
7589	-1
7590	8601622
7591	-1
7592	-1
7593	8604186
7594	-1
7595	8606750
7596	-1
7597	-1
7598	8609314
7599	-1
7600	8611878
7601	-1
7602	-1
7603	8614442
7604	-1
7605	8617006
7606	-1
7607	-1
7608	8619570
7609	-1
7610	8622134
7611	-1
7612	-1
7613	8624698
7614	-1
7615	-1
7616	8627262
7617	-1
7618	8629826
7619	-1
7620	-1
7621	8632390
7622	-1
7623	8634954
7624	-1
7625	-1
7626	8637518
7627	-1
7628	8640082
7629	-1
7630	-1
7631	8642646
7632	-1
7633	-1
7634	8645210
7635	-1
7636	8647774
7637	-1
7638	-1
7639	8650338
7640	-1
7641	8652902
7642	-1
7643	-1
7644	8655466
7645	-1
7646	8658030
7647	-1
7648	-1
7649	8660594
7650	-1
7651	-1
7652	8663158
7653	-1
7654	8665722
7655	-1
7656	-1
7657	8668286
7658	-1
7659	8670850
7660	-1
7661	-1
7662	8673414
7663	-1
7664	8675978
7665	-1
7666	-1
7667	8678542
7668	-1
7669	8681106
7670	-1
7671	-1
7672	8683670
7673	-1
7674	-1
7675	8686234
7676	-1
7677	8688798
7678	-1
7679	-1
7680	8691362
7681	-1
7682	8693926
7683	-1
7684	-1
7685	8696490
7686	-1
7687	8699054
7688	-1
7689	-1
7690	8701618
7691	-1
7692	-1
7693	8704182
7694	-1
7695	8706746
7696	-1
7697	-1
7698	8709310
7699	-1
7700	8711874
7701	-1
7702	-1
7703	8714438
7704	-1
7705	8717002
7706	-1
7707	-1
7708	8719566
7709	-1
7710	8722130
7711	-1
7712	-1
7713	8724694
7714	-1
7715	-1
7716	8727258
7717	-1
7718	8729822
7719	-1
7720	-1
7721	8732386
7722	-1
7723	8734950
7724	-1
7725	-1
7726	8737514
7727	-1
7728	8740078
7729	-1
7730	-1
7731	8742642
7732	-1
7733	-1
7734	8745206
7735	-1
7736	8747770
7737	-1
7738	-1
7739	8750334
7740	-1
7741	8752898
7742	-1
7743	-1
7744	8755462
7745	-1
7746	8758026
7747	-1
7748	-1
7749	8760590
7750	-1
7751	-1
7752	8763154
7753	-1
7754	8765718
7755	-1
7756	-1
7757	8768282
7758	-1
7759	8770846
7760	-1
7761	-1
7762	8773410
7763	-1
7764	8775974
7765	-1
7766	-1
7767	8778538
7768	-1
7769	8781102
7770	-1
7771	-1
7772	8783666
7773	-1
7774	-1
7775	8786230
7776	-1
7777	8788794
7778	-1
7779	-1
7780	8791358
7781	-1
7782	8793922
7783	-1
7784	-1
7785	8796486
7786	-1
7787	8799050
7788	-1
7789	-1
7790	8801614
7791	-1
7792	-1
7793	8804178
7794	-1
7795	8806742
7796	-1
7797	-1
7798	8809306
7799	-1
7800	8811870
7801	-1
7802	-1
7803	8814434
7804	-1
7805	8816998
7806	-1
7807	-1
7808	8819562
7809	-1
7810	8822126
7811	-1
7812	-1
7813	8824690
7814	-1
7815	-1
7816	8827254
7817	-1
7818	8829818
7819	-1
7820	-1
7821	8832382
7822	-1
7823	8834946
7824	-1
7825	-1
7826	8837510
7827	-1
7828	8840074
7829	-1
7830	-1
7831	8842638
7832	-1
7833	-1
7834	8845202
7835	-1
7836	8847766
7837	-1
7838	-1
7839	8850330
7840	-1
7841	8852894
7842	-1
7843	-1
7844	8855458
7845	-1
7846	8858022
7847	-1
7848	-1
7849	8860586
7850	-1
7851	-1
7852	8863150
7853	-1
7854	8865714
7855	-1
7856	-1
7857	8868278
7858	-1
7859	8870842
7860	-1
7861	-1
7862	8873406
7863	-1
7864	8875970
7865	-1
7866	-1
7867	8878534
7868	-1
7869	8881098
7870	-1
7871	-1
7872	8883662
7873	-1
7874	-1
7875	8886226
7876	-1
7877	8888790
7878	-1
7879	-1
7880	8891354
7881	-1
7882	8893918
7883	-1
7884	-1
7885	8896482
7886	-1
7887	8899046
7888	-1
7889	-1
7890	8901610
7891	-1
7892	-1
7893	8904174
7894	-1
7895	8906738
7896	-1
7897	-1
7898	8909302
7899	-1
7900	8911866
7901	-1
7902	-1
7903	8914430
7904	-1
7905	8916994
7906	-1
7907	-1
7908	8919558
7909	-1
7910	8922122
7911	-1
7912	-1
7913	8924686
7914	-1
7915	-1
7916	8927250
7917	-1
7918	8929814
7919	-1
7920	-1
7921	8932378
7922	-1
7923	8934942
7924	-1
7925	-1
7926	8937506
7927	-1
7928	8940070
7929	-1
7930	-1
7931	8942634
7932	-1
7933	-1
7934	8945198
7935	-1
7936	8947762
7937	-1
7938	-1
7939	8950326
7940	-1
7941	8952890
7942	-1
7943	-1
7944	8955454
7945	-1
7946	8958018
7947	-1
7948	-1
7949	8960582
7950	-1
7951	-1
7952	8963146
7953	-1
7954	8965710
7955	-1
7956	-1
7957	8968274
7958	-1
7959	8970838
7960	-1
7961	-1
7962	8973402
7963	-1
7964	8975966
7965	-1
7966	-1
7967	8978530
7968	-1
7969	8981094
7970	-1
7971	-1
7972	8983658
7973	-1
7974	-1
7975	8986222
7976	-1
7977	8988786
7978	-1
7979	-1
7980	8991350
7981	-1
7982	8993914
7983	-1
7984	-1
7985	8996478
7986	-1
7987	8999042
7988	-1
7989	-1
7990	9001606
7991	-1
7992	-1
7993	9004170
7994	-1
7995	9006734
7996	-1
7997	-1
7998	9009298
7999	-1
8000	9011862
8001	-1
8002	-1
8003	9014426
8004	-1
8005	9016990
8006	-1
8007	-1
8008	9019554
8009	-1
8010	9022118
8011	-1
8012	-1
8013	9024682
8014	-1
8015	-1
8016	9027246
8017	-1
8018	9029810
8019	-1
8020	-1
8021	9032374
8022	-1
8023	9034938
8024	-1
8025	-1
8026	9037502
8027	-1
8028	9040066
8029	-1
8030	-1
8031	9042630
8032	-1
8033	-1
8034	9045194
8035	-1
8036	9047758
8037	-1
8038	-1
8039	9050322
8040	-1
8041	9052886
8042	-1
8043	-1
8044	9055450
8045	-1
8046	9058014
8047	-1
8048	-1
8049	9060578
8050	-1
8051	-1
8052	9063142
8053	-1
8054	9065706
8055	-1
8056	-1
8057	9068270
8058	-1
8059	9070834
8060	-1
8061	-1
8062	9073398
8063	-1
8064	9075962
8065	-1
8066	-1
8067	9078526
8068	-1
8069	9081090
8070	-1
8071	-1
8072	9083654
8073	-1
8074	-1
8075	9086218
8076	-1
8077	9088782
8078	-1
8079	-1
8080	9091346
8081	-1
8082	9093910
8083	-1
8084	-1
8085	9096474
8086	-1
8087	9099038
8088	-1
8089	-1
8090	9101602
8091	-1
8092	-1
8093	9104166
8094	-1
8095	9106730
8096	-1
8097	-1
8098	9109294
8099	-1
8100	9111858
8101	-1
8102	-1
8103	9114422
8104	-1
8105	9116986
8106	-1
8107	-1
8108	9119550
8109	-1
8110	9122114
8111	-1
8112	-1
8113	9124678
8114	-1
8115	-1
8116	9127242
8117	-1
8118	9129806
8119	-1
8120	-1
8121	9132370
8122	-1
8123	9134934
8124	-1
8125	-1
8126	9137498
8127	-1
8128	9140062
8129	-1
8130	-1
8131	9142626
8132	-1
8133	-1
8134	9145190
8135	-1
8136	9147754
8137	-1
8138	-1
8139	9150318
8140	-1
8141	9152882
8142	-1
8143	-1
8144	9155446
8145	-1
8146	9158010
8147	-1
8148	-1
8149	9160574
8150	-1
8151	-1
8152	9163138
8153	-1
8154	9165702
8155	-1
8156	-1
8157	9168266
8158	-1
8159	9170830
8160	-1
8161	-1
8162	9173394
8163	-1
8164	9175958
8165	-1
8166	-1
8167	9178522
8168	-1
8169	9181086
8170	-1
8171	-1
8172	9183650
8173	-1
8174	-1
8175	9186214
8176	-1
8177	9188778
8178	-1
8179	-1
8180	9191342
8181	-1
8182	9193906
8183	-1
8184	-1
8185	9196470
8186	-1
8187	9199034
8188	-1
8189	-1
8190	9201598
8191	-1
8192	-1
8193	9204162
8194	-1
8195	9206726
8196	-1
8197	-1
8198	9209290
8199	-1
8200	9211854
8201	-1
8202	-1
8203	9214418
8204	-1
8205	9216982
8206	-1
8207	-1
8208	9219546
8209	-1
8210	9222110
8211	-1
8212	-1
8213	9224674
8214	-1
8215	-1
8216	9227238
8217	-1
8218	9229802
8219	-1
8220	-1
8221	9232366
8222	-1
8223	9234930
8224	-1
8225	-1
8226	9237494
8227	-1
8228	9240058
8229	-1
8230	-1
8231	9242622
8232	-1
8233	-1
8234	9245186
8235	-1
8236	9247750
8237	-1
8238	-1
8239	9250314
8240	-1
8241	9252878
8242	-1
8243	-1
8244	9255442
8245	-1
8246	9258006
8247	-1
8248	-1
8249	9260570
8250	-1
8251	9263134
8252	-1
8253	-1
8254	9265698
8255	-1
8256	-1
8257	9268262
8258	-1
8259	9270826
8260	-1
8261	-1
8262	9273390
8263	-1
8264	9275954
8265	-1
8266	-1
8267	9278518
8268	-1
8269	9281082
8270	-1
8271	-1
8272	9283646
8273	-1
8274	-1
8275	9286210
8276	-1
8277	9288774
8278	-1
8279	-1
8280	9291338
8281	-1
8282	9293902
8283	-1
8284	-1
8285	9296466
8286	-1
8287	9299030
8288	-1
8289	-1
8290	9301594
8291	-1
8292	-1
8293	9304158
8294	-1
8295	9306722
8296	-1
8297	-1
8298	9309286
8299	-1
8300	9311850
8301	-1
8302	-1
8303	9314414
8304	-1
8305	9316978
8306	-1
8307	-1
8308	9319542
8309	-1
8310	9322106
8311	-1
8312	-1
8313	9324670
8314	-1
8315	-1
8316	9327234
8317	-1
8318	9329798
8319	-1
8320	-1
8321	9332362
8322	-1
8323	9334926
8324	-1
8325	-1
8326	9337490
8327	-1
8328	9340054
8329	-1
8330	-1
8331	9342618
8332	-1
8333	-1
8334	9345182
8335	-1
8336	9347746
8337	-1
8338	-1
8339	9350310
8340	-1
8341	9352874
8342	-1
8343	-1
8344	9355438
8345	-1
8346	9358002
8347	-1
8348	-1
8349	9360566
8350	-1
8351	9363130
8352	-1
8353	-1
8354	9365694
8355	-1
8356	-1
8357	9368258
8358	-1
8359	9370822
8360	-1
8361	-1
8362	9373386
8363	-1
8364	9375950
8365	-1
8366	-1
8367	9378514
8368	-1
8369	9381078
8370	-1
8371	-1
8372	9383642
8373	-1
8374	-1
8375	9386206
8376	-1
8377	9388770
8378	-1
8379	-1
8380	9391334
8381	-1
8382	9393898
8383	-1
8384	-1
8385	9396462
8386	-1
8387	9399026
8388	-1
8389	-1
8390	9401590
8391	-1
8392	-1
8393	9404154
8394	-1
8395	9406718
8396	-1
8397	-1
8398	9409282
8399	-1
8400	9411846
8401	-1
8402	-1
8403	9414410
8404	-1
8405	9416974
8406	-1
8407	-1
8408	9419538
8409	-1
8410	9422102
8411	-1
8412	-1
8413	9424666
8414	-1
8415	-1
8416	9427230
8417	-1
8418	9429794
8419	-1
8420	-1
8421	9432358
8422	-1
8423	9434922
8424	-1
8425	-1
8426	9437486
8427	-1
8428	9440050
8429	-1
8430	-1
8431	9442614
8432	-1
8433	-1
8434	9445178
8435	-1
8436	9447742
8437	-1
8438	-1
8439	9450306
8440	-1
8441	9452870
8442	-1
8443	-1
8444	9455434
8445	-1
8446	9457998
8447	-1
8448	-1
8449	9460562
8450	-1
8451	9463126
8452	-1
8453	-1
8454	9465690
8455	-1
8456	-1
8457	9468254
8458	-1
8459	9470818
8460	-1
8461	-1
8462	9473382
8463	-1
8464	9475946
8465	-1
8466	-1
8467	9478510
8468	-1
8469	9481074
8470	-1
8471	-1
8472	9483638
8473	-1
8474	-1
8475	9486202
8476	-1
8477	9488766
8478	-1
8479	-1
8480	9491330
8481	-1
8482	9493894
8483	-1
8484	-1
8485	9496458
8486	-1
8487	9499022
8488	-1
8489	-1
8490	9501586
8491	-1
8492	-1
8493	9504150
8494	-1
8495	9506714
8496	-1
8497	-1
8498	9509278
8499	-1
8500	9511842
8501	-1
8502	-1
8503	9514406
8504	-1
8505	9516970
8506	-1
8507	-1
8508	9519534
8509	-1
8510	9522098
8511	-1
8512	-1
8513	9524662
8514	-1
8515	-1
8516	9527226
8517	-1
8518	9529790
8519	-1
8520	-1
8521	9532354
8522	-1
8523	9534918
8524	-1
8525	-1
8526	9537482
8527	-1
8528	9540046
8529	-1
8530	-1
8531	9542610
8532	-1
8533	-1
8534	9545174
8535	-1
8536	9547738
8537	-1
8538	-1
8539	9550302
8540	-1
8541	9552866
8542	-1
8543	-1
8544	9555430
8545	-1
8546	9557994
8547	-1
8548	-1
8549	9560558
8550	-1
8551	9563122
8552	-1
8553	-1
8554	9565686
8555	-1
8556	-1
8557	9568250
8558	-1
8559	9570814
8560	-1
8561	-1
8562	9573378
8563	-1
8564	9575942
8565	-1
8566	-1
8567	9578506
8568	-1
8569	9581070
8570	-1
8571	-1
8572	9583634
8573	-1
8574	-1
8575	9586198
8576	-1
8577	9588762
8578	-1
8579	-1
8580	9591326
8581	-1
8582	9593890
8583	-1
8584	-1
8585	9596454
8586	-1
8587	9599018
8588	-1
8589	-1
8590	9601582
8591	-1
8592	-1
8593	9604146
8594	-1
8595	9606710
8596	-1
8597	-1
8598	9609274
8599	-1
8600	9611838
8601	-1
8602	-1
8603	9614402
8604	-1
8605	9616966
8606	-1
8607	-1
8608	9619530
8609	-1
8610	9622094
8611	-1
8612	-1
8613	9624658
8614	-1
8615	-1
8616	9627222
8617	-1
8618	9629786
8619	-1
8620	-1
8621	9632350
8622	-1
8623	9634914
8624	-1
8625	-1
8626	9637478
8627	-1
8628	9640042
8629	-1
8630	-1
8631	9642606
8632	-1
8633	-1
8634	9645170
8635	-1
8636	9647734
8637	-1
8638	-1
8639	9650298
8640	-1
8641	9652862
8642	-1
8643	-1
8644	9655426
8645	-1
8646	9657990
8647	-1
8648	-1
8649	9660554
8650	-1
8651	9663118
8652	-1
8653	-1
8654	9665682
8655	-1
8656	-1
8657	9668246
8658	-1
8659	9670810
8660	-1
8661	-1
8662	9673374
8663	-1
8664	9675938
8665	-1
8666	-1
8667	9678502
8668	-1
8669	9681066
8670	-1
8671	-1
8672	9683630
8673	-1
8674	-1
8675	9686194
8676	-1
8677	9688758
8678	-1
8679	-1
8680	9691322
8681	-1
8682	9693886
8683	-1
8684	-1
8685	9696450
8686	-1
8687	9699014
8688	-1
8689	-1
8690	9701578
8691	-1
8692	-1
8693	9704142
8694	-1
8695	9706706
8696	-1
8697	-1
8698	9709270
8699	-1
8700	9711834
8701	-1
8702	-1
8703	9714398
8704	-1
8705	9716962
8706	-1
8707	-1
8708	9719526
8709	-1
8710	9722090
8711	-1
8712	-1
8713	9724654
8714	-1
8715	-1
8716	9727218
8717	-1
8718	9729782
8719	-1
8720	-1
8721	9732346
8722	-1
8723	9734910
8724	-1
8725	-1
8726	9737474
8727	-1
8728	9740038
8729	-1
8730	-1
8731	9742602
8732	-1
8733	-1
8734	9745166
8735	-1
8736	9747730
8737	-1
8738	-1
8739	9750294
8740	-1
8741	9752858
8742	-1
8743	-1
8744	9755422
8745	-1
8746	9757986
8747	-1
8748	-1
8749	9760550
8750	-1
8751	9763114
8752	-1
8753	-1
8754	9765678
8755	-1
8756	-1
8757	9768242
8758	-1
8759	9770806
8760	-1
8761	-1
8762	9773370
8763	-1
8764	9775934
8765	-1
8766	-1
8767	9778498
8768	-1
8769	9781062
8770	-1
8771	-1
8772	9783626
8773	-1
8774	-1
8775	9786190
8776	-1
8777	9788754
8778	-1
8779	-1
8780	9791318
8781	-1
8782	9793882
8783	-1
8784	-1
8785	9796446
8786	-1
8787	9799010
8788	-1
8789	-1
8790	9801574
8791	-1
8792	-1
8793	9804138
8794	-1
8795	9806702
8796	-1
8797	-1
8798	9809266
8799	-1
8800	9811830
8801	-1
8802	-1
8803	9814394
8804	-1
8805	9816958
8806	-1
8807	-1
8808	9819522
8809	-1
8810	9822086
8811	-1
8812	-1
8813	9824650
8814	-1
8815	-1
8816	9827214
8817	-1
8818	9829778
8819	-1
8820	-1
8821	9832342
8822	-1
8823	9834906
8824	-1
8825	-1
8826	9837470
8827	-1
8828	9840034
8829	-1
8830	-1
8831	9842598
8832	-1
8833	-1
8834	9845162
8835	-1
8836	9847726
8837	-1
8838	-1
8839	9850290
8840	-1
8841	9852854
8842	-1
8843	-1
8844	9855418
8845	-1
8846	9857982
8847	-1
8848	-1
8849	9860546
8850	-1
8851	9863110
8852	-1
8853	-1
8854	9865674
8855	-1
8856	-1
8857	9868238
8858	-1
8859	9870802
8860	-1
8861	-1
8862	9873366
8863	-1
8864	9875930
8865	-1
8866	-1
8867	9878494
8868	-1
8869	9881058
8870	-1
8871	-1
8872	9883622
8873	-1
8874	-1
8875	9886186
8876	-1
8877	9888750
8878	-1
8879	-1
8880	9891314
8881	-1
8882	9893878
8883	-1
8884	-1
8885	9896442
8886	-1
8887	9899006
8888	-1
8889	-1
8890	9901570
8891	-1
8892	9904134
8893	-1
8894	-1
8895	9906698
8896	-1
8897	-1
8898	9909262
8899	-1
8900	9911826
8901	-1
8902	-1
8903	9914390
8904	-1
8905	9916954
8906	-1
8907	-1
8908	9919518
8909	-1
8910	9922082
8911	-1
8912	-1
8913	9924646
8914	-1
8915	-1
8916	9927210
8917	-1
8918	9929774
8919	-1
8920	-1
8921	9932338
8922	-1
8923	9934902
8924	-1
8925	-1
8926	9937466
8927	-1
8928	9940030
8929	-1
8930	-1
8931	9942594
8932	-1
8933	-1
8934	9945158
8935	-1
8936	9947722
8937	-1
8938	-1
8939	9950286
8940	-1
8941	9952850
8942	-1
8943	-1
8944	9955414
8945	-1
8946	9957978
8947	-1
8948	-1
8949	9960542
8950	-1
8951	9963106
8952	-1
8953	-1
8954	9965670
8955	-1
8956	-1
8957	9968234
8958	-1
8959	9970798
8960	-1
8961	-1
8962	9973362
8963	-1
8964	9975926
8965	-1
8966	-1
8967	9978490
8968	-1
8969	9981054
8970	-1
8971	-1
8972	9983618
8973	-1
8974	-1
8975	9986182
8976	-1
8977	9988746
8978	-1
8979	-1
8980	9991310
8981	-1
8982	9993874
8983	-1
8984	-1
8985	9996438
8986	-1
8987	9999002
8988	-1
8989	-1
8990	-1
8991	-1
8992	-1
8993	-1
8994	-1
8995	-1
8996	-1
8997	-1
8998	-1
8999	-1
9000	-1
9001	-1
9002	-1
9003	-1
9004	-1
9005	-1
9006	-1
9007	-1
9008	-1
9009	-1
9010	-1
9011	-1
9012	-1
9013	-1
9014	-1
9015	-1
9016	-1
9017	-1
9018	-1
9019	-1
9020	-1
9021	-1
9022	-1
9023	-1
9024	-1
9025	-1
9026	-1
9027	-1
9028	-1
9029	-1
9030	-1
9031	-1
9032	-1
9033	-1
9034	-1
9035	-1
9036	-1
9037	-1
9038	-1
9039	-1
9040	-1
9041	-1
9042	-1
9043	-1
9044	-1
9045	-1
9046	-1
9047	-1
9048	-1
9049	-1
9050	-1
9051	-1
9052	-1
9053	-1
9054	-1
9055	-1
9056	-1
9057	-1
9058	-1
9059	-1
9060	-1
9061	-1
9062	-1
9063	-1
9064	-1
9065	-1
9066	-1
9067	-1
9068	-1
9069	-1
9070	-1
9071	-1
9072	-1
9073	-1
9074	-1
9075	-1
9076	-1
9077	-1
9078	-1
9079	-1
9080	-1
9081	-1
9082	-1
9083	-1
9084	-1
9085	-1
9086	-1
9087	-1
9088	-1
9089	-1
9090	-1
9091	-1
9092	-1
9093	-1
9094	-1
9095	-1
9096	-1
9097	-1
9098	-1
9099	-1
9100	-1
9101	-1
9102	-1
9103	-1
9104	-1
9105	-1
9106	-1
9107	-1
9108	-1
9109	-1
9110	-1
9111	-1
9112	-1
9113	-1
9114	-1
9115	-1
9116	-1
9117	-1
9118	-1
9119	-1
9120	-1
9121	-1
9122	-1
9123	-1
9124	-1
9125	-1
9126	-1
9127	-1
9128	-1
9129	-1
9130	-1
9131	-1
9132	-1
9133	-1
9134	-1
9135	-1
9136	-1
9137	-1
9138	-1
9139	-1
9140	-1
9141	-1
9142	-1
9143	-1
9144	-1
9145	-1
9146	-1
9147	-1
9148	-1
9149	-1
9150	-1
9151	-1
9152	-1
9153	-1
9154	-1
9155	-1
9156	-1
9157	-1
9158	-1
9159	-1
9160	-1
9161	-1
9162	-1
9163	-1
9164	-1
9165	-1
9166	-1
9167	-1
9168	-1
9169	-1
9170	-1
9171	-1
9172	-1
9173	-1
9174	-1
9175	-1
9176	-1
9177	-1
9178	-1
9179	-1
9180	-1
9181	-1
9182	-1
9183	-1
9184	-1
9185	-1
9186	-1
9187	-1
9188	-1
9189	-1
9190	-1
9191	-1
9192	-1
9193	-1
9194	-1
9195	-1
9196	-1
9197	-1
9198	-1
9199	-1
9200	-1
9201	-1
9202	-1
9203	-1
9204	-1
9205	-1
9206	-1
9207	-1
9208	-1
9209	-1
9210	-1
9211	-1
9212	-1
9213	-1
9214	-1
9215	-1
9216	-1
9217	-1
9218	-1
9219	-1
9220	-1
9221	-1
9222	-1
9223	-1
9224	-1
9225	-1
9226	-1
9227	-1
9228	-1
9229	-1
9230	-1
9231	-1
9232	-1
9233	-1
9234	-1
9235	-1
9236	-1
9237	-1
9238	-1
9239	-1
9240	-1
9241	-1
9242	-1
9243	-1
9244	-1
9245	-1
9246	-1
9247	-1
9248	-1
9249	-1
9250	-1
9251	-1
9252	-1
9253	-1
9254	-1
9255	-1
9256	-1
9257	-1
9258	-1
9259	-1
9260	-1
9261	-1
9262	-1
9263	-1
9264	-1
9265	-1
9266	-1
9267	-1
9268	-1
9269	-1
9270	-1
9271	-1
9272	-1
9273	-1
9274	-1
9275	-1
9276	-1
9277	-1
9278	-1
9279	-1
9280	-1
9281	-1
9282	-1
9283	-1
9284	-1
9285	-1
9286	-1
9287	-1
9288	-1
9289	-1
9290	-1
9291	-1
9292	-1
9293	-1
9294	-1
9295	-1
9296	-1
9297	-1
9298	-1
9299	-1
9300	-1
9301	-1
9302	-1
9303	-1
9304	-1
9305	-1
9306	-1
9307	-1
9308	-1
9309	-1
9310	-1
9311	-1
9312	-1
9313	-1
9314	-1
9315	-1
9316	-1
9317	-1
9318	-1
9319	-1
9320	-1
9321	-1
9322	-1
9323	-1
9324	-1
9325	-1
9326	-1
9327	-1
9328	-1
9329	-1
9330	-1
9331	-1
9332	-1
9333	-1
9334	-1
9335	-1
9336	-1
9337	-1
9338	-1
9339	-1
9340	-1
9341	-1
9342	-1
9343	-1
9344	-1
9345	-1
9346	-1
9347	-1
9348	-1
9349	-1
9350	-1
9351	-1
9352	-1
9353	-1
9354	-1
9355	-1
9356	-1
9357	-1
9358	-1
9359	-1
9360	-1
9361	-1
9362	-1
9363	-1
9364	-1
9365	-1
9366	-1
9367	-1
9368	-1
9369	-1
9370	-1
9371	-1
9372	-1
9373	-1
9374	-1
9375	-1
9376	-1
9377	-1
9378	-1
9379	-1
9380	-1
9381	-1
9382	-1
9383	-1
9384	-1
9385	-1
9386	-1
9387	-1
9388	-1
9389	-1
9390	-1
9391	-1
9392	-1
9393	-1
9394	-1
9395	-1
9396	-1
9397	-1
9398	-1
9399	-1
9400	-1
9401	-1
9402	-1
9403	-1
9404	-1
9405	-1
9406	-1
9407	-1
9408	-1
9409	-1
9410	-1
9411	-1
9412	-1
9413	-1
9414	-1
9415	-1
9416	-1
9417	-1
9418	-1
9419	-1
9420	-1
9421	-1
9422	-1
9423	-1
9424	-1
9425	-1
9426	-1
9427	-1
9428	-1
9429	-1
9430	-1
9431	-1
9432	-1
9433	-1
9434	-1
9435	-1
9436	-1
9437	-1
9438	-1
9439	-1
9440	-1
9441	-1
9442	-1
9443	-1
9444	-1
9445	-1
9446	-1
9447	-1
9448	-1
9449	-1
9450	-1
9451	-1
9452	-1
9453	-1
9454	-1
9455	-1
9456	-1
9457	-1
9458	-1
9459	-1
9460	-1
9461	-1
9462	-1
9463	-1
9464	-1
9465	-1
9466	-1
9467	-1
9468	-1
9469	-1
9470	-1
9471	-1
9472	-1
9473	-1
9474	-1
9475	-1
9476	-1
9477	-1
9478	-1
9479	-1
9480	-1
9481	-1
9482	-1
9483	-1
9484	-1
9485	-1
9486	-1
9487	-1
9488	-1
9489	-1
9490	-1
9491	-1
9492	-1
9493	-1
9494	-1
9495	-1
9496	-1
9497	-1
9498	-1
9499	-1
9500	-1
9501	-1
9502	-1
9503	-1
9504	-1
9505	-1
9506	-1
9507	-1
9508	-1
9509	-1
9510	-1
9511	-1
9512	-1
9513	-1
9514	-1
9515	-1
9516	-1
9517	-1
9518	-1
9519	-1
9520	-1
9521	-1
9522	-1
9523	-1
9524	-1
9525	-1
9526	-1
9527	-1
9528	-1
9529	-1
9530	-1
9531	-1
9532	-1
9533	-1
9534	-1
9535	-1
9536	-1
9537	-1
9538	-1
9539	-1
9540	-1
9541	-1
9542	-1
9543	-1
9544	-1
9545	-1
9546	-1
9547	-1
9548	-1
9549	-1
9550	-1
9551	-1
9552	-1
9553	-1
9554	-1
9555	-1
9556	-1
9557	-1
9558	-1
9559	-1
9560	-1
9561	-1
9562	-1
9563	-1
9564	-1
9565	-1
9566	-1
9567	-1
9568	-1
9569	-1
9570	-1
9571	-1
9572	-1
9573	-1
9574	-1
9575	-1
9576	-1
9577	-1
9578	-1
9579	-1
9580	-1
9581	-1
9582	-1
9583	-1
9584	-1
9585	-1
9586	-1
9587	-1
9588	-1
9589	-1
9590	-1
9591	-1
9592	-1
9593	-1
9594	-1
9595	-1
9596	-1
9597	-1
9598	-1
9599	-1
9600	-1
9601	-1
9602	-1
9603	-1
9604	-1
9605	-1
9606	-1
9607	-1
9608	-1
9609	-1
9610	-1
9611	-1
9612	-1
9613	-1
9614	-1
9615	-1
9616	-1
9617	-1
9618	-1
9619	-1
9620	-1
9621	-1
9622	-1
9623	-1
9624	-1
9625	-1
9626	-1
9627	-1
9628	-1
9629	-1
9630	-1
9631	-1
9632	-1
9633	-1
9634	-1
9635	-1
9636	-1
9637	-1
9638	-1
9639	-1
9640	-1
9641	-1
9642	-1
9643	-1
9644	-1
9645	-1
9646	-1
9647	-1
9648	-1
9649	-1
9650	-1
9651	-1
9652	-1
9653	-1
9654	-1
9655	-1
9656	-1
9657	-1
9658	-1
9659	-1
9660	-1
9661	-1
9662	-1
9663	-1
9664	-1
9665	-1
9666	-1
9667	-1
9668	-1
9669	-1
9670	-1
9671	-1
9672	-1
9673	-1
9674	-1
9675	-1
9676	-1
9677	-1
9678	-1
9679	-1
9680	-1
9681	-1
9682	-1
9683	-1
9684	-1
9685	-1
9686	-1
9687	-1
9688	-1
9689	-1
9690	-1
9691	-1
9692	-1
9693	-1
9694	-1
9695	-1
9696	-1
9697	-1
9698	-1
9699	-1
9700	-1
9701	-1
9702	-1
9703	-1
9704	-1
9705	-1
9706	-1
9707	-1
9708	-1
9709	-1
9710	-1
9711	-1
9712	-1
9713	-1
9714	-1
9715	-1
9716	-1
9717	-1
9718	-1
9719	-1
9720	-1
9721	-1
9722	-1
9723	-1
9724	-1
9725	-1
9726	-1
9727	-1
9728	-1
9729	-1
9730	-1
9731	-1
9732	-1
9733	-1
9734	-1
9735	-1
9736	-1
9737	-1
9738	-1
9739	-1
9740	-1
9741	-1
9742	-1
9743	-1
9744	-1
9745	-1
9746	-1
9747	-1
9748	-1
9749	-1
9750	-1
9751	-1
9752	-1
9753	-1
9754	-1
9755	-1
9756	-1
9757	-1
9758	-1
9759	-1
9760	-1
9761	-1
9762	-1
9763	-1
9764	-1
9765	-1
9766	-1
9767	-1
9768	-1
9769	-1
9770	-1
9771	-1
9772	-1
9773	-1
9774	-1
9775	-1
9776	-1
9777	-1
9778	-1
9779	-1
9780	-1
9781	-1
9782	-1
9783	-1
9784	-1
9785	-1
9786	-1
9787	-1
9788	-1
9789	-1
9790	-1
9791	-1
9792	-1
9793	-1
9794	-1
9795	-1
9796	-1
9797	-1
9798	-1
9799	-1
9800	-1
9801	-1
9802	-1
9803	-1
9804	-1
9805	-1
9806	-1
9807	-1
9808	-1
9809	-1
9810	-1
9811	-1
9812	-1
9813	-1
9814	-1
9815	-1
9816	-1
9817	-1
9818	-1
9819	-1
9820	-1
9821	-1
9822	-1
9823	-1
9824	-1
9825	-1
9826	-1
9827	-1
9828	-1
9829	-1
9830	-1
9831	-1
9832	-1
9833	-1
9834	-1
9835	-1
9836	-1
9837	-1
9838	-1
9839	-1
9840	-1
9841	-1
9842	-1
9843	-1
9844	-1
9845	-1
9846	-1
9847	-1
9848	-1
9849	-1
9850	-1
9851	-1
9852	-1
9853	-1
9854	-1
9855	-1
9856	-1
9857	-1
9858	-1
9859	-1
9860	-1
9861	-1
9862	-1
9863	-1
9864	-1
9865	-1
9866	-1
9867	-1
9868	-1
9869	-1
9870	-1
9871	-1
9872	-1
9873	-1
9874	-1
9875	-1
9876	-1
9877	-1
9878	-1
9879	-1
9880	-1
9881	-1
9882	-1
9883	-1
9884	-1
9885	-1
9886	-1
9887	-1
9888	-1
9889	-1
9890	-1
9891	-1
9892	-1
9893	-1
9894	-1
9895	-1
9896	-1
9897	-1
9898	-1
9899	-1
9900	-1
9901	-1
9902	-1
9903	-1
9904	-1
9905	-1
9906	-1
9907	-1
9908	-1
9909	-1
9910	-1
9911	-1
9912	-1
9913	-1
9914	-1
9915	-1
9916	-1
9917	-1
9918	-1
9919	-1
9920	-1
9921	-1
9922	-1
9923	-1
9924	-1
9925	-1
9926	-1
9927	-1
9928	-1
9929	-1
9930	-1
9931	-1
9932	-1
9933	-1
9934	-1
9935	-1
9936	-1
9937	-1
9938	-1
9939	-1
9940	-1
9941	-1
9942	-1
9943	-1
9944	-1
9945	-1
9946	-1
9947	-1
9948	-1
9949	-1
9950	-1
9951	-1
9952	-1
9953	-1
9954	-1
9955	-1
9956	-1
9957	-1
9958	-1
9959	-1
9960	-1
9961	-1
9962	-1
9963	-1
9964	-1
9965	-1
9966	-1
9967	-1
9968	-1
9969	-1
9970	-1
9971	-1
9972	-1
9973	-1
9974	-1
9975	-1
9976	-1
9977	-1
9978	-1
9979	-1
9980	-1
9981	-1
9982	-1
9983	-1
9984	-1
9985	-1
9986	-1
9987	-1
9988	-1
9989	-1
9990	-1
9991	-1
9992	-1
9993	-1
9994	-1
9995	-1
9996	-1
9997	-1
9998	-1
9999	-1
