0	1015990
1	1020510
2	-1
3	-1
4	-1
5	1025030
6	-1
7	-1
8	-1
9	-1
10	1029550
11	-1
12	-1
13	-1
14	1034070
15	-1
16	-1
17	-1
18	-1
19	1038590
20	-1
21	-1
22	-1
23	1043110
24	-1
25	-1
26	-1
27	-1
28	1047630
29	-1
30	-1
31	-1
32	1052150
33	-1
34	-1
35	-1
36	-1
37	1056670
38	-1
39	-1
40	-1
41	1061190
42	-1
43	-1
44	-1
45	-1
46	1065710
47	-1
48	-1
49	-1
50	1070230
51	-1
52	-1
53	-1
54	-1
55	1074750
56	-1
57	-1
58	-1
59	1079270
60	-1
61	-1
62	-1
63	-1
64	1083790
65	-1
66	-1
67	-1
68	1088310
69	-1
70	-1
71	-1
72	-1
73	1092830
74	-1
75	-1
76	-1
77	1097350
78	-1
79	-1
80	-1
81	-1
82	1101870
83	-1
84	-1
85	-1
86	1106390
87	-1
88	-1
89	-1
90	-1
91	1110910
92	-1
93	-1
94	-1
95	1115430
96	-1
97	-1
98	-1
99	-1
100	1119950
101	-1
102	-1
103	-1
104	-1
105	1124470
106	-1
107	-1
108	-1
109	1128990
110	-1
111	-1
112	-1
113	-1
114	1133510
115	-1
116	-1
117	-1
118	1138030
119	-1
120	-1
121	-1
122	-1
123	1142550
124	-1
125	-1
126	-1
127	1147070
128	-1
129	-1
130	-1
131	-1
132	1151590
133	-1
134	-1
135	-1
136	1156110
137	-1
138	-1
139	-1
140	-1
141	1160630
142	-1
143	-1
144	-1
145	1165150
146	-1
147	-1
148	-1
149	-1
150	1169670
151	-1
152	-1
153	-1
154	1174190
155	-1
156	-1
157	-1
158	-1
159	1178710
160	-1
161	-1
162	-1
163	1183230
164	-1
165	-1
166	-1
167	-1
168	1187750
169	-1
170	-1
171	-1
172	1192270
173	-1
174	-1
175	-1
176	-1
177	1196790
178	-1
179	-1
180	-1
181	1201310
182	-1
183	-1
184	-1
185	-1
186	1205830
187	-1
188	-1
189	-1
190	1210350
191	-1
192	-1
193	-1
194	-1
195	1214870
196	-1
197	-1
198	-1
199	1219390
200	-1
201	-1
202	-1
203	-1
204	1223910
205	-1
206	-1
207	-1
208	1228430
209	-1
210	-1
211	-1
212	-1
213	1232950
214	-1
215	-1
216	-1
217	-1
218	1237470
219	-1
220	-1
221	-1
222	1241990
223	-1
224	-1
225	-1
226	-1
227	1246510
228	-1
229	-1
230	-1
231	1251030
232	-1
233	-1
234	-1
235	-1
236	1255550
237	-1
238	-1
239	-1
240	1260070
241	-1
242	-1
243	-1
244	-1
245	1264590
246	-1
247	-1
248	-1
249	1269110
250	-1
251	-1
252	-1
253	-1
254	1273630
255	-1
256	-1
257	-1
258	1278150
259	-1
260	-1
261	-1
262	-1
263	1282670
264	-1
265	-1
266	-1
267	1287190
268	-1
269	-1
270	-1
271	-1
272	1291710
273	-1
274	-1
275	-1
276	1296230
277	-1
278	-1
279	-1
280	-1
281	1300750
282	-1
283	-1
284	-1
285	1305270
286	-1
287	-1
288	-1
289	-1
290	1309790
291	-1
292	-1
293	-1
294	1314310
295	-1
296	-1
297	-1
298	-1
299	1318830
300	-1
301	-1
302	-1
303	1323350
304	-1
305	-1
306	-1
307	-1
308	1327870
309	-1
310	-1
311	-1
312	1332390
313	-1
314	-1
315	-1
316	-1
317	1336910
318	-1
319	-1
320	-1
321	1341430
322	-1
323	-1
324	-1
325	-1
326	1345950
327	-1
328	-1
329	-1
330	-1
331	1350470
332	-1
333	-1
334	-1
335	1354990
336	-1
337	-1
338	-1
339	-1
340	1359510
341	-1
342	-1
343	-1
344	1364030
345	-1
346	-1
347	-1
348	-1
349	1368550
350	-1
351	-1
352	-1
353	1373070
354	-1
355	-1
356	-1
357	-1
358	1377590
359	-1
360	-1
361	-1
362	1382110
363	-1
364	-1
365	-1
366	-1
367	1386630
368	-1
369	-1
370	-1
371	1391150
372	-1
373	-1
374	-1
375	-1
376	1395670
377	-1
378	-1
379	-1
380	1400190
381	-1
382	-1
383	-1
384	-1
385	1404710
386	-1
387	-1
388	-1
389	1409230
390	-1
391	-1
392	-1
393	-1
394	1413750
395	-1
396	-1
397	-1
398	1418270
399	-1
400	-1
401	-1
402	-1
403	1422790
404	-1
405	-1
406	-1
407	1427310
408	-1
409	-1
410	-1
411	-1
412	1431830
413	-1
414	-1
415	-1
416	1436350
417	-1
418	-1
419	-1
420	-1
421	1440870
422	-1
423	-1
424	-1
425	1445390
426	-1
427	-1
428	-1
429	-1
430	1449910
431	-1
432	-1
433	-1
434	1454430
435	-1
436	-1
437	-1
438	-1
439	1458950
440	-1
441	-1
442	-1
443	-1
444	1463470
445	-1
446	-1
447	-1
448	1467990
449	-1
450	-1
451	-1
452	-1
453	1472510
454	-1
455	-1
456	-1
457	1477030
458	-1
459	-1
460	-1
461	-1
462	1481550
463	-1
464	-1
465	-1
466	1486070
467	-1
468	-1
469	-1
470	-1
471	1490590
472	-1
473	-1
474	-1
475	1495110
476	-1
477	-1
478	-1
479	-1
480	1499630
481	-1
482	-1
483	-1
484	1504150
485	-1
486	-1
487	-1
488	-1
489	1508670
490	-1
491	-1
492	-1
493	1513190
494	-1
495	-1
496	-1
497	-1
498	1517710
499	-1
500	-1
501	-1
502	1522230
503	-1
504	-1
505	-1
506	-1
507	1526750
508	-1
509	-1
510	-1
511	1531270
512	-1
513	-1
514	-1
515	-1
516	1535790
517	-1
518	-1
519	-1
520	1540310
521	-1
522	-1
523	-1
524	-1
525	1544830
526	-1
527	-1
528	-1
529	1549350
530	-1
531	-1
532	-1
533	-1
534	1553870
535	-1
536	-1
537	-1
538	1558390
539	-1
540	-1
541	-1
542	-1
543	1562910
544	-1
545	-1
546	-1
547	1567430
548	-1
549	-1
550	-1
551	-1
552	1571950
553	-1
554	-1
555	-1
556	-1
557	1576470
558	-1
559	-1
560	-1
561	1580990
562	-1
563	-1
564	-1
565	-1
566	1585510
567	-1
568	-1
569	-1
570	1590030
571	-1
572	-1
573	-1
574	-1
575	1594550
576	-1
577	-1
578	-1
579	1599070
580	-1
581	-1
582	-1
583	-1
584	1603590
585	-1
586	-1
587	-1
588	1608110
589	-1
590	-1
591	-1
592	-1
593	1612630
594	-1
595	-1
596	-1
597	1617150
598	-1
599	-1
600	-1
601	-1
602	1621670
603	-1
604	-1
605	-1
606	1626190
607	-1
608	-1
609	-1
610	-1
611	1630710
612	-1
613	-1
614	-1
615	1635230
616	-1
617	-1
618	-1
619	-1
620	1639750
621	-1
622	-1
623	-1
624	1644270
625	-1
626	-1
627	-1
628	-1
629	1648790
630	-1
631	-1
632	-1
633	1653310
634	-1
635	-1
636	-1
637	-1
638	1657830
639	-1
640	-1
641	-1
642	1662350
643	-1
644	-1
645	-1
646	-1
647	1666870
648	-1
649	-1
650	-1
651	1671390
652	-1
653	-1
654	-1
655	-1
656	1675910
657	-1
658	-1
659	-1
660	1680430
661	-1
662	-1
663	-1
664	-1
665	1684950
666	-1
667	-1
668	-1
669	-1
670	1689470
671	-1
672	-1
673	-1
674	1693990
675	-1
676	-1
677	-1
678	-1
679	1698510
680	-1
681	-1
682	-1
683	1703030
684	-1
685	-1
686	-1
687	-1
688	1707550
689	-1
690	-1
691	-1
692	1712070
693	-1
694	-1
695	-1
696	-1
697	1716590
698	-1
699	-1
700	-1
701	1721110
702	-1
703	-1
704	-1
705	-1
706	1725630
707	-1
708	-1
709	-1
710	1730150
711	-1
712	-1
713	-1
714	-1
715	1734670
716	-1
717	-1
718	-1
719	1739190
720	-1
721	-1
722	-1
723	-1
724	1743710
725	-1
726	-1
727	-1
728	1748230
729	-1
730	-1
731	-1
732	-1
733	1752750
734	-1
735	-1
736	-1
737	1757270
738	-1
739	-1
740	-1
741	-1
742	1761790
743	-1
744	-1
745	-1
746	1766310
747	-1
748	-1
749	-1
750	-1
751	1770830
752	-1
753	-1
754	-1
755	1775350
756	-1
757	-1
758	-1
759	-1
760	1779870
761	-1
762	-1
763	-1
764	1784390
765	-1
766	-1
767	-1
768	-1
769	1788910
770	-1
771	-1
772	-1
773	1793430
774	-1
775	-1
776	-1
777	-1
778	1797950
779	-1
780	-1
781	-1
782	-1
783	1802470
784	-1
785	-1
786	-1
787	1806990
788	-1
789	-1
790	-1
791	-1
792	1811510
793	-1
794	-1
795	-1
796	1816030
797	-1
798	-1
799	-1
800	-1
801	1820550
802	-1
803	-1
804	-1
805	1825070
806	-1
807	-1
808	-1
809	-1
810	1829590
811	-1
812	-1
813	-1
814	1834110
815	-1
816	-1
817	-1
818	-1
819	1838630
820	-1
821	-1
822	-1
823	1843150
824	-1
825	-1
826	-1
827	-1
828	1847670
829	-1
830	-1
831	-1
832	1852190
833	-1
834	-1
835	-1
836	-1
837	1856710
838	-1
839	-1
840	-1
841	1861230
842	-1
843	-1
844	-1
845	-1
846	1865750
847	-1
848	-1
849	-1
850	1870270
851	-1
852	-1
853	-1
854	-1
855	1874790
856	-1
857	-1
858	-1
859	1879310
860	-1
861	-1
862	-1
863	-1
864	1883830
865	-1
866	-1
867	-1
868	1888350
869	-1
870	-1
871	-1
872	-1
873	1892870
874	-1
875	-1
876	-1
877	1897390
878	-1
879	-1
880	-1
881	-1
882	1901910
883	-1
884	-1
885	-1
886	1906430
887	-1
888	-1
889	-1
890	-1
891	1910950
892	-1
893	-1
894	-1
895	-1
896	1915470
897	-1
898	-1
899	-1
900	1919990
901	-1
902	-1
903	-1
904	-1
905	1924510
906	-1
907	-1
908	-1
909	1929030
910	-1
911	-1
912	-1
913	-1
914	1933550
915	-1
916	-1
917	-1
918	1938070
919	-1
920	-1
921	-1
922	-1
923	1942590
924	-1
925	-1
926	-1
927	1947110
928	-1
929	-1
930	-1
931	-1
932	1951630
933	-1
934	-1
935	-1
936	1956150
937	-1
938	-1
939	-1
940	-1
941	1960670
942	-1
943	-1
944	-1
945	1965190
946	-1
947	-1
948	-1
949	-1
950	1969710
951	-1
952	-1
953	-1
954	1974230
955	-1
956	-1
957	-1
958	-1
959	1978750
960	-1
961	-1
962	-1
963	1983270
964	-1
965	-1
966	-1
967	-1
968	1987790
969	-1
970	-1
971	-1
972	1992310
973	-1
974	-1
975	-1
976	-1
977	1996830
978	-1
979	-1
980	-1
981	2001350
982	-1
983	-1
984	-1
985	-1
986	2005870
987	-1
988	-1
989	-1
990	2010390
991	-1
992	-1
993	-1
994	-1
995	2014910
996	-1
997	-1
998	-1
999	2019430
1000	-1
1001	-1
1002	-1
1003	-1
1004	2023950
1005	-1
1006	-1
1007	-1
1008	-1
1009	2028470
1010	-1
1011	-1
1012	-1
1013	2032990
1014	-1
1015	-1
1016	-1
1017	-1
1018	2037510
1019	-1
1020	-1
1021	-1
1022	2042030
1023	-1
1024	-1
1025	-1
1026	-1
1027	2046550
1028	-1
1029	-1
1030	-1
1031	2051070
1032	-1
1033	-1
1034	-1
1035	-1
1036	2055590
1037	-1
1038	-1
1039	-1
1040	2060110
1041	-1
1042	-1
1043	-1
1044	-1
1045	2064630
1046	-1
1047	-1
1048	-1
1049	2069150
1050	-1
1051	-1
1052	-1
1053	-1
1054	2073670
1055	-1
1056	-1
1057	-1
1058	2078190
1059	-1
1060	-1
1061	-1
1062	-1
1063	2082710
1064	-1
1065	-1
1066	-1
1067	2087230
1068	-1
1069	-1
1070	-1
1071	-1
1072	2091750
1073	-1
1074	-1
1075	-1
1076	2096270
1077	-1
1078	-1
1079	-1
1080	-1
1081	2100790
1082	-1
1083	-1
1084	-1
1085	2105310
1086	-1
1087	-1
1088	-1
1089	-1
1090	2109830
1091	-1
1092	-1
1093	-1
1094	2114350
1095	-1
1096	-1
1097	-1
1098	-1
1099	2118870
1100	-1
1101	-1
1102	-1
1103	2123390
1104	-1
1105	-1
1106	-1
1107	-1
1108	2127910
1109	-1
1110	-1
1111	-1
1112	2132430
1113	-1
1114	-1
1115	-1
1116	-1
1117	2136950
1118	-1
1119	-1
1120	-1
1121	-1
1122	2141470
1123	-1
1124	-1
1125	-1
1126	2145990
1127	-1
1128	-1
1129	-1
1130	-1
1131	2150510
1132	-1
1133	-1
1134	-1
1135	2155030
1136	-1
1137	-1
1138	-1
1139	-1
1140	2159550
1141	-1
1142	-1
1143	-1
1144	2164070
1145	-1
1146	-1
1147	-1
1148	-1
1149	2168590
1150	-1
1151	-1
1152	-1
1153	2173110
1154	-1
1155	-1
1156	-1
1157	-1
1158	2177630
1159	-1
1160	-1
1161	-1
1162	2182150
1163	-1
1164	-1
1165	-1
1166	-1
1167	2186670
1168	-1
1169	-1
1170	-1
1171	2191190
1172	-1
1173	-1
1174	-1
1175	-1
1176	2195710
1177	-1
1178	-1
1179	-1
1180	2200230
1181	-1
1182	-1
1183	-1
1184	-1
1185	2204750
1186	-1
1187	-1
1188	-1
1189	2209270
1190	-1
1191	-1
1192	-1
1193	-1
1194	2213790
1195	-1
1196	-1
1197	-1
1198	2218310
1199	-1
1200	-1
1201	-1
1202	-1
1203	2222830
1204	-1
1205	-1
1206	-1
1207	2227350
1208	-1
1209	-1
1210	-1
1211	-1
1212	2231870
1213	-1
1214	-1
1215	-1
1216	2236390
1217	-1
1218	-1
1219	-1
1220	-1
1221	2240910
1222	-1
1223	-1
1224	-1
1225	2245430
1226	-1
1227	-1
1228	-1
1229	-1
1230	2249950
1231	-1
1232	-1
1233	-1
1234	-1
1235	2254470
1236	-1
1237	-1
1238	-1
1239	2258990
1240	-1
1241	-1
1242	-1
1243	-1
1244	2263510
1245	-1
1246	-1
1247	-1
1248	2268030
1249	-1
1250	-1
1251	-1
1252	-1
1253	2272550
1254	-1
1255	-1
1256	-1
1257	2277070
1258	-1
1259	-1
1260	-1
1261	-1
1262	2281590
1263	-1
1264	-1
1265	-1
1266	2286110
1267	-1
1268	-1
1269	-1
1270	-1
1271	2290630
1272	-1
1273	-1
1274	-1
1275	2295150
1276	-1
1277	-1
1278	-1
1279	-1
1280	2299670
1281	-1
1282	-1
1283	-1
1284	2304190
1285	-1
1286	-1
1287	-1
1288	-1
1289	2308710
1290	-1
1291	-1
1292	-1
1293	2313230
1294	-1
1295	-1
1296	-1
1297	-1
1298	2317750
1299	-1
1300	-1
1301	-1
1302	2322270
1303	-1
1304	-1
1305	-1
1306	-1
1307	2326790
1308	-1
1309	-1
1310	-1
1311	2331310
1312	-1
1313	-1
1314	-1
1315	-1
1316	2335830
1317	-1
1318	-1
1319	-1
1320	2340350
1321	-1
1322	-1
1323	-1
1324	-1
1325	2344870
1326	-1
1327	-1
1328	-1
1329	2349390
1330	-1
1331	-1
1332	-1
1333	-1
1334	2353910
1335	-1
1336	-1
1337	-1
1338	2358430
1339	-1
1340	-1
1341	-1
1342	-1
1343	2362950
1344	-1
1345	-1
1346	-1
1347	-1
1348	2367470
1349	-1
1350	-1
1351	-1
1352	2371990
1353	-1
1354	-1
1355	-1
1356	-1
1357	2376510
1358	-1
1359	-1
1360	-1
1361	2381030
1362	-1
1363	-1
1364	-1
1365	-1
1366	2385550
1367	-1
1368	-1
1369	-1
1370	2390070
1371	-1
1372	-1
1373	-1
1374	-1
1375	2394590
1376	-1
1377	-1
1378	-1
1379	2399110
1380	-1
1381	-1
1382	-1
1383	-1
1384	2403630
1385	-1
1386	-1
1387	-1
1388	2408150
1389	-1
1390	-1
1391	-1
1392	-1
1393	2412670
1394	-1
1395	-1
1396	-1
1397	2417190
1398	-1
1399	-1
1400	-1
1401	-1
1402	2421710
1403	-1
1404	-1
1405	-1
1406	2426230
1407	-1
1408	-1
1409	-1
1410	-1
1411	2430750
1412	-1
1413	-1
1414	-1
1415	2435270
1416	-1
1417	-1
1418	-1
1419	-1
1420	2439790
1421	-1
1422	-1
1423	-1
1424	2444310
1425	-1
1426	-1
1427	-1
1428	-1
1429	2448830
1430	-1
1431	-1
1432	-1
1433	2453350
1434	-1
1435	-1
1436	-1
1437	-1
1438	2457870
1439	-1
1440	-1
1441	-1
1442	2462390
1443	-1
1444	-1
1445	-1
1446	-1
1447	2466910
1448	-1
1449	-1
1450	-1
1451	2471430
1452	-1
1453	-1
1454	-1
1455	-1
1456	2475950
1457	-1
1458	-1
1459	-1
1460	-1
1461	2480470
1462	-1
1463	-1
1464	-1
1465	2484990
1466	-1
1467	-1
1468	-1
1469	-1
1470	2489510
1471	-1
1472	-1
1473	-1
1474	2494030
1475	-1
1476	-1
1477	-1
1478	-1
1479	2498550
1480	-1
1481	-1
1482	-1
1483	2503070
1484	-1
1485	-1
1486	-1
1487	-1
1488	2507590
1489	-1
1490	-1
1491	-1
1492	2512110
1493	-1
1494	-1
1495	-1
1496	-1
1497	2516630
1498	-1
1499	-1
