0	1012418
1	1016982
2	-1
3	-1
4	-1
5	1021546
6	-1
7	-1
8	-1
9	-1
10	1026110
11	-1
12	-1
13	-1
14	1030674
15	-1
16	-1
17	-1
18	-1
19	1035238
20	-1
21	-1
22	-1
23	1039802
24	-1
25	-1
26	-1
27	-1
28	1044366
29	-1
30	-1
31	-1
32	1048930
33	-1
34	-1
35	-1
36	-1
37	1053494
38	-1
39	-1
40	-1
41	-1
42	1058058
43	-1
44	-1
45	-1
46	1062622
47	-1
48	-1
49	-1
50	-1
51	1067186
52	-1
53	-1
54	-1
55	1071750
56	-1
57	-1
58	-1
59	-1
60	1076314
61	-1
62	-1
63	-1
64	1080878
65	-1
66	-1
67	-1
68	-1
69	1085442
70	-1
71	-1
72	-1
73	-1
74	1090006
75	-1
76	-1
77	-1
78	1094570
79	-1
80	-1
81	-1
82	-1
83	1099134
84	-1
85	-1
86	-1
87	1103698
88	-1
89	-1
90	-1
91	-1
92	1108262
93	-1
94	-1
95	-1
96	1112826
97	-1
98	-1
99	-1
100	-1
101	1117390
102	-1
103	-1
104	-1
105	-1
106	1121954
107	-1
108	-1
109	-1
110	1126518
111	-1
112	-1
113	-1
114	-1
115	1131082
116	-1
117	-1
118	-1
119	1135646
120	-1
121	-1
122	-1
123	-1
124	1140210
125	-1
126	-1
127	-1
128	1144774
129	-1
130	-1
131	-1
132	-1
133	1149338
134	-1
135	-1
136	-1
137	1153902
138	-1
139	-1
140	-1
141	-1
142	1158466
143	-1
144	-1
145	-1
146	-1
147	1163030
148	-1
149	-1
150	-1
151	1167594
152	-1
153	-1
154	-1
155	-1
156	1172158
157	-1
158	-1
159	-1
160	1176722
161	-1
162	-1
163	-1
164	-1
165	1181286
166	-1
167	-1
168	-1
169	1185850
170	-1
171	-1
172	-1
173	-1
174	1190414
175	-1
176	-1
177	-1
178	-1
179	1194978
180	-1
181	-1
182	-1
183	1199542
184	-1
185	-1
186	-1
187	-1
188	1204106
189	-1
190	-1
191	-1
192	1208670
193	-1
194	-1
195	-1
196	-1
197	1213234
198	-1
199	-1
200	-1
201	1217798
202	-1
203	-1
204	-1
205	-1
206	1222362
207	-1
208	-1
209	-1
210	1226926
211	-1
212	-1
213	-1
214	-1
215	1231490
216	-1
217	-1
218	-1
219	-1
220	1236054
221	-1
222	-1
223	-1
224	1240618
225	-1
226	-1
227	-1
228	-1
229	1245182
230	-1
231	-1
232	-1
233	1249746
234	-1
235	-1
236	-1
237	-1
238	1254310
239	-1
240	-1
241	-1
242	1258874
243	-1
244	-1
245	-1
246	-1
247	1263438
248	-1
249	-1
250	-1
251	-1
252	1268002
253	-1
254	-1
255	-1
256	1272566
257	-1
258	-1
259	-1
260	-1
261	1277130
262	-1
263	-1
264	-1
265	1281694
266	-1
267	-1
268	-1
269	-1
270	1286258
271	-1
272	-1
273	-1
274	1290822
275	-1
276	-1
277	-1
278	-1
279	1295386
280	-1
281	-1
282	-1
283	-1
284	1299950
285	-1
286	-1
287	-1
288	1304514
289	-1
290	-1
291	-1
292	-1
293	1309078
294	-1
295	-1
296	-1
297	1313642
298	-1
299	-1
300	-1
301	-1
302	1318206
303	-1
304	-1
305	-1
306	1322770
307	-1
308	-1
309	-1
310	-1
311	1327334
312	-1
313	-1
314	-1
315	1331898
316	-1
317	-1
318	-1
319	-1
320	1336462
321	-1
322	-1
323	-1
324	-1
325	1341026
326	-1
327	-1
328	-1
329	1345590
330	-1
331	-1
332	-1
333	-1
334	1350154
335	-1
336	-1
337	-1
338	1354718
339	-1
340	-1
341	-1
342	-1
343	1359282
344	-1
345	-1
346	-1
347	1363846
348	-1
349	-1
350	-1
351	-1
352	1368410
353	-1
354	-1
355	-1
356	-1
357	1372974
358	-1
359	-1
360	-1
361	1377538
362	-1
363	-1
364	-1
365	-1
366	1382102
367	-1
368	-1
369	-1
370	1386666
371	-1
372	-1
373	-1
374	-1
375	1391230
376	-1
377	-1
378	-1
379	1395794
380	-1
381	-1
382	-1
383	-1
384	1400358
385	-1
386	-1
387	-1
388	1404922
389	-1
390	-1
391	-1
392	-1
393	1409486
394	-1
395	-1
396	-1
397	-1
398	1414050
399	-1
400	-1
401	-1
402	1418614
403	-1
404	-1
405	-1
406	-1
407	1423178
408	-1
409	-1
410	-1
411	1427742
412	-1
413	-1
414	-1
415	-1
416	1432306
417	-1
418	-1
419	-1
420	1436870
421	-1
422	-1
423	-1
424	-1
425	1441434
426	-1
427	-1
428	-1
429	-1
430	1445998
431	-1
432	-1
433	-1
434	1450562
435	-1
436	-1
437	-1
438	-1
439	1455126
440	-1
441	-1
442	-1
443	1459690
444	-1
445	-1
446	-1
447	-1
448	1464254
449	-1
450	-1
451	-1
452	1468818
453	-1
454	-1
455	-1
456	-1
457	1473382
458	-1
459	-1
460	-1
461	-1
462	1477946
463	-1
464	-1
465	-1
466	1482510
467	-1
468	-1
469	-1
470	-1
471	1487074
472	-1
473	-1
474	-1
475	1491638
476	-1
477	-1
478	-1
479	-1
480	1496202
481	-1
482	-1
483	-1
484	1500766
485	-1
486	-1
487	-1
488	-1
489	1505330
490	-1
491	-1
492	-1
493	1509894
494	-1
495	-1
496	-1
497	-1
498	1514458
499	-1
