0	1012418
1	1016982
2	-1
3	-1
4	-1
5	1021546
6	-1
7	-1
8	-1
9	-1
10	1026110
11	-1
12	-1
13	-1
14	1030674
15	-1
16	-1
17	-1
18	-1
19	1035238
20	-1
21	-1
22	-1
23	1039802
24	-1
25	-1
26	-1
27	-1
28	1044366
29	-1
30	-1
31	-1
32	1048930
33	-1
34	-1
35	-1
36	-1
37	1053494
38	-1
39	-1
40	-1
41	-1
42	1058058
43	-1
44	-1
45	-1
46	1062622
47	-1
48	-1
49	-1
50	-1
51	1067186
52	-1
53	-1
54	-1
55	1071750
56	-1
57	-1
58	-1
59	-1
60	1076314
61	-1
62	-1
63	-1
64	1080878
65	-1
66	-1
67	-1
68	-1
69	1085442
70	-1
71	-1
72	-1
73	-1
74	1090006
75	-1
76	-1
77	-1
78	1094570
79	-1
80	-1
81	-1
82	-1
83	1099134
84	-1
85	-1
86	-1
87	1103698
88	-1
89	-1
90	-1
91	-1
92	1108262
93	-1
94	-1
95	-1
96	1112826
97	-1
98	-1
99	-1
100	-1
101	1117390
102	-1
103	-1
104	-1
105	-1
106	1121954
107	-1
108	-1
109	-1
110	1126518
111	-1
112	-1
113	-1
114	-1
115	1131082
116	-1
117	-1
118	-1
119	1135646
120	-1
121	-1
122	-1
123	-1
124	1140210
125	-1
126	-1
127	-1
128	1144774
129	-1
130	-1
131	-1
132	-1
133	1149338
134	-1
135	-1
136	-1
137	1153902
138	-1
139	-1
140	-1
141	-1
142	1158466
143	-1
144	-1
145	-1
146	-1
147	1163030
148	-1
149	-1
150	-1
151	1167594
152	-1
153	-1
154	-1
155	-1
156	1172158
157	-1
158	-1
159	-1
160	1176722
161	-1
162	-1
163	-1
164	-1
165	1181286
166	-1
167	-1
168	-1
169	1185850
170	-1
171	-1
172	-1
173	-1
174	1190414
175	-1
176	-1
177	-1
178	-1
179	1194978
180	-1
181	-1
182	-1
183	1199542
184	-1
185	-1
186	-1
187	-1
188	1204106
189	-1
190	-1
191	-1
192	1208670
193	-1
194	-1
195	-1
196	-1
197	1213234
198	-1
199	-1
200	-1
201	1217798
202	-1
203	-1
204	-1
205	-1
206	1222362
207	-1
208	-1
209	-1
210	1226926
211	-1
212	-1
213	-1
214	-1
215	1231490
216	-1
217	-1
218	-1
219	-1
220	1236054
221	-1
222	-1
223	-1
224	1240618
225	-1
226	-1
227	-1
228	-1
229	1245182
230	-1
231	-1
232	-1
233	1249746
234	-1
235	-1
236	-1
237	-1
238	1254310
239	-1
240	-1
241	-1
242	1258874
243	-1
244	-1
245	-1
246	-1
247	1263438
248	-1
249	-1
250	-1
251	-1
252	1268002
253	-1
254	-1
255	-1
256	1272566
257	-1
258	-1
259	-1
260	-1
261	1277130
262	-1
263	-1
264	-1
265	1281694
266	-1
267	-1
268	-1
269	-1
270	1286258
271	-1
272	-1
273	-1
274	1290822
275	-1
276	-1
277	-1
278	-1
279	1295386
280	-1
281	-1
282	-1
283	-1
284	1299950
285	-1
286	-1
287	-1
288	1304514
289	-1
290	-1
291	-1
292	-1
293	1309078
294	-1
295	-1
296	-1
297	1313642
298	-1
299	-1
300	-1
301	-1
302	1318206
303	-1
304	-1
305	-1
306	1322770
307	-1
308	-1
309	-1
310	-1
311	1327334
312	-1
313	-1
314	-1
315	1331898
316	-1
317	-1
318	-1
319	-1
320	1336462
321	-1
322	-1
323	-1
324	-1
325	1341026
326	-1
327	-1
328	-1
329	1345590
330	-1
331	-1
332	-1
333	-1
334	1350154
335	-1
336	-1
337	-1
338	1354718
339	-1
340	-1
341	-1
342	-1
343	1359282
344	-1
345	-1
346	-1
347	1363846
348	-1
349	-1
350	-1
351	-1
352	1368410
353	-1
354	-1
355	-1
356	-1
357	1372974
358	-1
359	-1
360	-1
361	1377538
362	-1
363	-1
364	-1
365	-1
366	1382102
367	-1
368	-1
369	-1
370	1386666
371	-1
372	-1
373	-1
374	-1
375	1391230
376	-1
377	-1
378	-1
379	1395794
380	-1
381	-1
382	-1
383	-1
384	1400358
385	-1
386	-1
387	-1
388	1404922
389	-1
390	-1
391	-1
392	-1
393	1409486
394	-1
395	-1
396	-1
397	-1
398	1414050
399	-1
400	-1
401	-1
402	1418614
403	-1
404	-1
405	-1
406	-1
407	1423178
408	-1
409	-1
410	-1
411	1427742
412	-1
413	-1
414	-1
415	-1
416	1432306
417	-1
418	-1
419	-1
420	1436870
421	-1
422	-1
423	-1
424	-1
425	1441434
426	-1
427	-1
428	-1
429	-1
430	1445998
431	-1
432	-1
433	-1
434	1450562
435	-1
436	-1
437	-1
438	-1
439	1455126
440	-1
441	-1
442	-1
443	1459690
444	-1
445	-1
446	-1
447	-1
448	1464254
449	-1
450	-1
451	-1
452	1468818
453	-1
454	-1
455	-1
456	-1
457	1473382
458	-1
459	-1
460	-1
461	-1
462	1477946
463	-1
464	-1
465	-1
466	1482510
467	-1
468	-1
469	-1
470	-1
471	1487074
472	-1
473	-1
474	-1
475	1491638
476	-1
477	-1
478	-1
479	-1
480	1496202
481	-1
482	-1
483	-1
484	1500766
485	-1
486	-1
487	-1
488	-1
489	1505330
490	-1
491	-1
492	-1
493	1509894
494	-1
495	-1
496	-1
497	-1
498	1514458
499	-1
500	-1
501	-1
502	-1
503	1519022
504	-1
505	-1
506	-1
507	1523586
508	-1
509	-1
510	-1
511	-1
512	1528150
513	-1
514	-1
515	-1
516	1532714
517	-1
518	-1
519	-1
520	-1
521	1537278
522	-1
523	-1
524	-1
525	1541842
526	-1
527	-1
528	-1
529	-1
530	1546406
531	-1
532	-1
533	-1
534	-1
535	1550970
536	-1
537	-1
538	-1
539	1555534
540	-1
541	-1
542	-1
543	-1
544	1560098
545	-1
546	-1
547	-1
548	1564662
549	-1
550	-1
551	-1
552	-1
553	1569226
554	-1
555	-1
556	-1
557	1573790
558	-1
559	-1
560	-1
561	-1
562	1578354
563	-1
564	-1
565	-1
566	1582918
567	-1
568	-1
569	-1
570	-1
571	1587482
572	-1
573	-1
574	-1
575	-1
576	1592046
577	-1
578	-1
579	-1
580	1596610
581	-1
582	-1
583	-1
584	-1
585	1601174
586	-1
587	-1
588	-1
589	1605738
590	-1
591	-1
592	-1
593	-1
594	1610302
595	-1
596	-1
597	-1
598	1614866
599	-1
600	-1
601	-1
602	-1
603	1619430
604	-1
605	-1
606	-1
607	-1
608	1623994
609	-1
610	-1
611	-1
612	1628558
613	-1
614	-1
615	-1
616	-1
617	1633122
618	-1
619	-1
620	-1
621	1637686
622	-1
623	-1
624	-1
625	-1
626	1642250
627	-1
628	-1
629	-1
630	1646814
631	-1
632	-1
633	-1
634	-1
635	1651378
636	-1
637	-1
638	-1
639	-1
640	1655942
641	-1
642	-1
643	-1
644	1660506
645	-1
646	-1
647	-1
648	-1
649	1665070
650	-1
651	-1
652	-1
653	1669634
654	-1
655	-1
656	-1
657	-1
658	1674198
659	-1
660	-1
661	-1
662	1678762
663	-1
664	-1
665	-1
666	-1
667	1683326
668	-1
669	-1
670	-1
671	1687890
672	-1
673	-1
674	-1
675	-1
676	1692454
677	-1
678	-1
679	-1
680	-1
681	1697018
682	-1
683	-1
684	-1
685	1701582
686	-1
687	-1
688	-1
689	-1
690	1706146
691	-1
692	-1
693	-1
694	1710710
695	-1
696	-1
697	-1
698	-1
699	1715274
700	-1
701	-1
702	-1
703	1719838
704	-1
705	-1
706	-1
707	-1
708	1724402
709	-1
710	-1
711	-1
712	-1
713	1728966
714	-1
715	-1
716	-1
717	1733530
718	-1
719	-1
720	-1
721	-1
722	1738094
723	-1
724	-1
725	-1
726	1742658
727	-1
728	-1
729	-1
730	-1
731	1747222
732	-1
733	-1
734	-1
735	1751786
736	-1
737	-1
738	-1
739	-1
740	1756350
741	-1
742	-1
743	-1
744	1760914
745	-1
746	-1
747	-1
748	-1
749	1765478
750	-1
751	-1
752	-1
753	-1
754	1770042
755	-1
756	-1
757	-1
758	1774606
759	-1
760	-1
761	-1
762	-1
763	1779170
764	-1
765	-1
766	-1
767	1783734
768	-1
769	-1
770	-1
771	-1
772	1788298
773	-1
774	-1
775	-1
776	1792862
777	-1
778	-1
779	-1
780	-1
781	1797426
782	-1
783	-1
784	-1
785	-1
786	1801990
787	-1
788	-1
789	-1
790	1806554
791	-1
792	-1
793	-1
794	-1
795	1811118
796	-1
797	-1
798	-1
799	1815682
800	-1
801	-1
802	-1
803	-1
804	1820246
805	-1
806	-1
807	-1
808	1824810
809	-1
810	-1
811	-1
812	-1
813	1829374
814	-1
815	-1
816	-1
817	-1
818	1833938
819	-1
820	-1
821	-1
822	1838502
823	-1
824	-1
825	-1
826	-1
827	1843066
828	-1
829	-1
830	-1
831	1847630
832	-1
833	-1
834	-1
835	-1
836	1852194
837	-1
838	-1
839	-1
840	1856758
841	-1
842	-1
843	-1
844	-1
845	1861322
846	-1
847	-1
848	-1
849	1865886
850	-1
851	-1
852	-1
853	-1
854	1870450
855	-1
856	-1
857	-1
858	-1
859	1875014
860	-1
861	-1
862	-1
863	1879578
864	-1
865	-1
866	-1
867	-1
868	1884142
869	-1
870	-1
871	-1
872	1888706
873	-1
874	-1
875	-1
876	-1
877	1893270
878	-1
879	-1
880	-1
881	1897834
882	-1
883	-1
884	-1
885	-1
886	1902398
887	-1
888	-1
889	-1
890	-1
891	1906962
892	-1
893	-1
894	-1
895	1911526
896	-1
897	-1
898	-1
899	-1
900	1916090
901	-1
902	-1
903	-1
904	1920654
905	-1
906	-1
907	-1
908	-1
909	1925218
910	-1
911	-1
912	-1
913	1929782
914	-1
915	-1
916	-1
917	-1
918	1934346
919	-1
920	-1
921	-1
922	1938910
923	-1
924	-1
925	-1
926	-1
927	1943474
928	-1
929	-1
930	-1
931	-1
932	1948038
933	-1
934	-1
935	-1
936	1952602
937	-1
938	-1
939	-1
940	-1
941	1957166
942	-1
943	-1
944	-1
945	1961730
946	-1
947	-1
948	-1
949	-1
950	1966294
951	-1
952	-1
953	-1
954	1970858
955	-1
956	-1
957	-1
958	-1
959	1975422
960	-1
961	-1
962	-1
963	-1
964	1979986
965	-1
966	-1
967	-1
968	1984550
969	-1
970	-1
971	-1
972	-1
973	1989114
974	-1
975	-1
976	-1
977	1993678
978	-1
979	-1
980	-1
981	-1
982	1998242
983	-1
984	-1
985	-1
986	2002806
987	-1
988	-1
989	-1
990	-1
991	2007370
992	-1
993	-1
994	-1
995	2011934
996	-1
997	-1
998	-1
999	-1
1000	2016498
1001	-1
1002	-1
1003	-1
1004	-1
1005	2021062
1006	-1
1007	-1
1008	-1
1009	2025626
1010	-1
1011	-1
1012	-1
1013	-1
1014	2030190
1015	-1
1016	-1
1017	-1
1018	2034754
1019	-1
1020	-1
1021	-1
1022	-1
1023	2039318
1024	-1
1025	-1
1026	-1
1027	2043882
1028	-1
1029	-1
1030	-1
1031	-1
1032	2048446
1033	-1
1034	-1
1035	-1
1036	-1
1037	2053010
1038	-1
1039	-1
1040	-1
1041	2057574
1042	-1
1043	-1
1044	-1
1045	-1
1046	2062138
1047	-1
1048	-1
1049	-1
1050	2066702
1051	-1
1052	-1
1053	-1
1054	-1
1055	2071266
1056	-1
1057	-1
1058	-1
1059	2075830
1060	-1
1061	-1
1062	-1
1063	-1
1064	2080394
1065	-1
1066	-1
1067	-1
1068	-1
1069	2084958
1070	-1
1071	-1
1072	-1
1073	2089522
1074	-1
1075	-1
1076	-1
1077	-1
1078	2094086
1079	-1
1080	-1
1081	-1
1082	2098650
1083	-1
1084	-1
1085	-1
1086	-1
1087	2103214
1088	-1
1089	-1
1090	-1
1091	2107778
1092	-1
1093	-1
1094	-1
1095	-1
1096	2112342
1097	-1
1098	-1
1099	-1
1100	2116906
1101	-1
1102	-1
1103	-1
1104	-1
1105	2121470
1106	-1
1107	-1
1108	-1
1109	-1
1110	2126034
1111	-1
1112	-1
1113	-1
1114	2130598
1115	-1
1116	-1
1117	-1
1118	-1
1119	2135162
1120	-1
1121	-1
1122	-1
1123	2139726
1124	-1
1125	-1
1126	-1
1127	-1
1128	2144290
1129	-1
1130	-1
1131	-1
1132	2148854
1133	-1
1134	-1
1135	-1
1136	-1
1137	2153418
1138	-1
1139	-1
1140	-1
1141	-1
1142	2157982
1143	-1
1144	-1
1145	-1
1146	2162546
1147	-1
1148	-1
1149	-1
1150	-1
1151	2167110
1152	-1
1153	-1
1154	-1
1155	2171674
1156	-1
1157	-1
1158	-1
1159	-1
1160	2176238
1161	-1
1162	-1
1163	-1
1164	2180802
1165	-1
1166	-1
1167	-1
1168	-1
1169	2185366
1170	-1
1171	-1
1172	-1
1173	2189930
1174	-1
1175	-1
1176	-1
1177	-1
1178	2194494
1179	-1
1180	-1
1181	-1
1182	-1
1183	2199058
1184	-1
1185	-1
1186	-1
1187	2203622
1188	-1
1189	-1
1190	-1
1191	-1
1192	2208186
1193	-1
1194	-1
1195	-1
1196	2212750
1197	-1
1198	-1
1199	-1
1200	-1
1201	2217314
1202	-1
1203	-1
1204	-1
1205	2221878
1206	-1
1207	-1
1208	-1
1209	-1
1210	2226442
1211	-1
1212	-1
1213	-1
1214	-1
1215	2231006
1216	-1
1217	-1
1218	-1
1219	2235570
1220	-1
1221	-1
1222	-1
1223	-1
1224	2240134
1225	-1
1226	-1
1227	-1
1228	2244698
1229	-1
1230	-1
1231	-1
1232	-1
1233	2249262
1234	-1
1235	-1
1236	-1
1237	2253826
1238	-1
1239	-1
1240	-1
1241	-1
1242	2258390
1243	-1
1244	-1
1245	-1
1246	-1
1247	2262954
1248	-1
1249	-1
1250	-1
1251	2267518
1252	-1
1253	-1
1254	-1
1255	-1
1256	2272082
1257	-1
1258	-1
1259	-1
1260	2276646
1261	-1
1262	-1
1263	-1
1264	-1
1265	2281210
1266	-1
1267	-1
1268	-1
1269	2285774
1270	-1
1271	-1
1272	-1
1273	-1
1274	2290338
1275	-1
1276	-1
1277	-1
1278	2294902
1279	-1
1280	-1
1281	-1
1282	-1
1283	2299466
1284	-1
1285	-1
1286	-1
1287	-1
1288	2304030
1289	-1
1290	-1
1291	-1
1292	2308594
1293	-1
1294	-1
1295	-1
1296	-1
1297	2313158
1298	-1
1299	-1
1300	-1
1301	2317722
1302	-1
1303	-1
1304	-1
1305	-1
1306	2322286
1307	-1
1308	-1
1309	-1
1310	2326850
1311	-1
1312	-1
1313	-1
1314	-1
1315	2331414
1316	-1
1317	-1
1318	-1
1319	-1
1320	2335978
1321	-1
1322	-1
1323	-1
1324	2340542
1325	-1
1326	-1
1327	-1
1328	-1
1329	2345106
1330	-1
1331	-1
1332	-1
1333	2349670
1334	-1
1335	-1
1336	-1
1337	-1
1338	2354234
1339	-1
1340	-1
1341	-1
1342	2358798
1343	-1
1344	-1
1345	-1
1346	-1
1347	2363362
1348	-1
1349	-1
1350	-1
1351	2367926
1352	-1
1353	-1
1354	-1
1355	-1
1356	2372490
1357	-1
1358	-1
1359	-1
1360	-1
1361	2377054
1362	-1
1363	-1
1364	-1
1365	2381618
1366	-1
1367	-1
1368	-1
1369	-1
1370	2386182
1371	-1
1372	-1
1373	-1
1374	2390746
1375	-1
1376	-1
1377	-1
1378	-1
1379	2395310
1380	-1
1381	-1
1382	-1
1383	2399874
1384	-1
1385	-1
1386	-1
1387	-1
1388	2404438
1389	-1
1390	-1
1391	-1
1392	-1
1393	2409002
1394	-1
1395	-1
1396	-1
1397	2413566
1398	-1
1399	-1
1400	-1
1401	-1
1402	2418130
1403	-1
1404	-1
1405	-1
1406	2422694
1407	-1
1408	-1
1409	-1
1410	-1
1411	2427258
1412	-1
1413	-1
1414	-1
1415	2431822
1416	-1
1417	-1
1418	-1
1419	-1
1420	2436386
1421	-1
1422	-1
1423	-1
1424	-1
1425	2440950
1426	-1
1427	-1
1428	-1
1429	2445514
1430	-1
1431	-1
1432	-1
1433	-1
1434	2450078
1435	-1
1436	-1
1437	-1
1438	2454642
1439	-1
1440	-1
1441	-1
1442	-1
1443	2459206
1444	-1
1445	-1
1446	-1
1447	2463770
1448	-1
1449	-1
1450	-1
1451	-1
1452	2468334
1453	-1
1454	-1
1455	-1
1456	2472898
1457	-1
1458	-1
1459	-1
1460	-1
1461	2477462
1462	-1
1463	-1
1464	-1
1465	-1
1466	2482026
1467	-1
1468	-1
1469	-1
1470	2486590
1471	-1
1472	-1
1473	-1
1474	-1
1475	2491154
1476	-1
1477	-1
1478	-1
1479	2495718
1480	-1
1481	-1
1482	-1
1483	-1
1484	2500282
1485	-1
1486	-1
1487	-1
1488	2504846
1489	-1
1490	-1
1491	-1
1492	-1
1493	2509410
1494	-1
1495	-1
1496	-1
1497	-1
1498	2513974
1499	-1
