0	1008066
1	1009036
2	1010036
3	1011036
4	1012032
5	1013036
6	1014036
7	1015036
8	1016036
9	1017032
10	1018032
11	1019036
12	1020036
13	1021032
14	1022032
15	1023036
16	1024036
17	1025028
18	1026036
19	1027036
20	1028036
21	1029036
22	1030036
23	1031036
24	1032032
25	1033032
26	1034032
27	1035036
28	1036032
29	1037032
30	1038032
31	1039036
32	1040032
33	1041036
34	1042036
35	1043036
36	1044036
37	1045036
38	1046036
39	1047036
40	1048036
41	1049032
42	1050036
43	1051036
44	1052032
45	1053032
46	1054036
47	1055036
48	1056032
49	1057032
