0	1012418
1	1016982
2	1021546
3	1026110
4	1030674
5	1035238
6	1039802
7	1044366
8	1048930
9	1053494
10	1058058
11	1062622
12	1067186
13	1071750
14	1076314
15	1080878
16	1085442
17	1090006
18	1094570
19	1099134
20	1103698
21	1108262
22	1112826
23	1117390
24	1121954
25	1126518
26	1131082
27	1135646
28	1140210
29	1144774
30	1149338
31	1153902
32	1158466
33	1163030
34	1167594
35	1172158
36	1176722
37	1181286
38	1185850
39	1190414
40	1194978
41	1199542
42	1204106
43	1208670
44	1213234
45	1217798
46	1222362
47	1226926
48	1231490
49	1236054
50	1240618
51	1245182
52	1249746
53	1254310
54	1258874
55	1263438
56	1268002
57	1272566
58	1277130
59	1281694
60	1286258
61	1290822
62	1295386
63	1299950
64	1304514
65	1309078
66	1313642
67	1318206
68	1322770
69	1327334
70	1331898
71	1336462
72	1341026
73	1345590
74	1350154
75	1354718
76	1359282
77	-1
78	1363846
79	-1
80	-1
81	-1
82	-1
83	1368410
84	-1
85	-1
86	-1
87	1372974
88	-1
89	-1
90	-1
91	-1
92	1377538
93	-1
94	-1
95	-1
96	1382102
97	-1
98	-1
99	-1
100	-1
101	1386666
102	-1
103	-1
104	-1
105	-1
106	1391230
107	-1
108	-1
109	-1
110	1395794
111	-1
112	-1
113	-1
114	-1
115	1400358
116	-1
117	-1
118	-1
119	1404922
120	-1
121	-1
122	-1
123	-1
124	1409486
125	-1
126	-1
127	-1
128	1414050
129	-1
130	-1
131	-1
132	-1
133	1418614
134	-1
135	-1
136	-1
137	1423178
138	-1
139	-1
140	-1
141	-1
142	1427742
143	-1
144	-1
145	-1
146	-1
147	1432306
148	-1
149	-1
150	-1
151	1436870
152	-1
153	-1
154	-1
155	-1
156	1441434
157	-1
158	-1
159	-1
160	1445998
161	-1
162	-1
163	-1
164	-1
165	1450562
166	-1
167	-1
168	-1
169	1455126
170	-1
171	-1
172	-1
173	-1
174	1459690
175	-1
176	-1
177	-1
178	-1
179	1464254
180	-1
181	-1
182	-1
183	1468818
184	-1
185	-1
186	-1
187	-1
188	1473382
189	-1
190	-1
191	-1
192	1477946
193	-1
194	-1
195	-1
196	-1
197	1482510
198	-1
199	-1
200	-1
201	1487074
202	-1
203	-1
204	-1
205	-1
206	1491638
207	-1
208	-1
209	-1
210	1496202
211	-1
212	-1
213	-1
214	-1
215	1500766
216	-1
217	-1
218	-1
219	-1
220	1505330
221	-1
222	-1
223	-1
224	1509894
225	-1
226	-1
227	-1
228	-1
229	1514458
230	-1
231	-1
232	-1
233	1519022
234	-1
235	-1
236	-1
237	-1
238	1523586
239	-1
240	-1
241	-1
242	1528150
243	-1
244	-1
245	-1
246	-1
247	1532714
248	-1
249	-1
250	-1
251	-1
252	1537278
253	-1
254	-1
255	-1
256	1541842
257	-1
258	-1
259	-1
260	-1
261	1546406
262	-1
263	-1
264	-1
265	1550970
266	-1
267	-1
268	-1
269	-1
270	1555534
271	-1
272	-1
273	-1
274	1560098
275	-1
276	-1
277	-1
278	-1
279	1564662
280	-1
281	-1
282	-1
283	-1
284	1569226
285	-1
286	-1
287	-1
288	1573790
289	-1
290	-1
291	-1
292	-1
293	1578354
294	-1
295	-1
296	-1
297	1582918
298	-1
299	-1
300	-1
301	-1
302	1587482
303	-1
304	-1
305	-1
306	1592046
307	-1
308	-1
309	-1
310	-1
311	1596610
312	-1
313	-1
314	-1
315	1601174
316	-1
317	-1
318	-1
319	-1
320	1605738
321	-1
322	-1
323	-1
324	-1
325	1610302
326	-1
327	-1
328	-1
329	1614866
330	-1
331	-1
332	-1
333	-1
334	1619430
335	-1
336	-1
337	-1
338	1623994
339	-1
340	-1
341	-1
342	-1
343	1628558
344	-1
345	-1
346	-1
347	1633122
348	-1
349	-1
350	-1
351	-1
352	1637686
353	-1
354	-1
355	-1
356	-1
357	1642250
358	-1
359	-1
360	-1
361	1646814
362	-1
363	-1
364	-1
365	-1
366	1651378
367	-1
368	-1
369	-1
370	1655942
371	-1
372	-1
373	-1
374	-1
375	1660506
376	-1
377	-1
378	-1
379	1665070
380	-1
381	-1
382	-1
383	-1
384	1669634
385	-1
386	-1
387	-1
388	1674198
389	-1
390	-1
391	-1
392	-1
393	1678762
394	-1
395	-1
396	-1
397	-1
398	1683326
399	-1
400	-1
401	-1
402	1687890
403	-1
404	-1
405	-1
406	-1
407	1692454
408	-1
409	-1
410	-1
411	1697018
412	-1
413	-1
414	-1
415	-1
416	1701582
417	-1
418	-1
419	-1
420	1706146
421	-1
422	-1
423	-1
424	-1
425	1710710
426	-1
427	-1
428	-1
429	-1
430	1715274
431	-1
432	-1
433	-1
434	1719838
435	-1
436	-1
437	-1
438	-1
439	1724402
440	-1
441	-1
442	-1
443	1728966
444	-1
445	-1
446	-1
447	-1
448	1733530
449	-1
450	-1
451	-1
452	1738094
453	-1
454	-1
455	-1
456	-1
457	1742658
458	-1
459	-1
460	-1
461	-1
462	1747222
463	-1
464	-1
465	-1
466	1751786
467	-1
468	-1
469	-1
470	-1
471	1756350
472	-1
473	-1
474	-1
475	1760914
476	-1
477	-1
478	-1
479	-1
480	1765478
481	-1
482	-1
483	-1
484	1770042
485	-1
486	-1
487	-1
488	-1
489	1774606
490	-1
491	-1
492	-1
493	1779170
494	-1
495	-1
496	-1
497	-1
498	1783734
499	-1
500	-1
501	-1
502	-1
503	1788298
504	-1
505	-1
506	-1
507	1792862
508	-1
509	-1
510	-1
511	-1
512	1797426
513	-1
514	-1
515	-1
516	1801990
517	-1
518	-1
519	-1
520	-1
521	1806554
522	-1
523	-1
524	-1
525	1811118
526	-1
527	-1
528	-1
529	-1
530	1815682
531	-1
532	-1
533	-1
534	-1
535	1820246
536	-1
537	-1
538	-1
539	1824810
540	-1
541	-1
542	-1
543	-1
544	1829374
545	-1
546	-1
547	-1
548	1833938
549	-1
550	-1
551	-1
552	-1
553	1838502
554	-1
555	-1
556	-1
557	1843066
558	-1
559	-1
560	-1
561	-1
562	1847630
563	-1
564	-1
565	-1
566	1852194
567	-1
568	-1
569	-1
570	-1
571	1856758
572	-1
573	-1
574	-1
575	-1
576	1861322
577	-1
578	-1
579	-1
580	1865886
581	-1
582	-1
583	-1
584	-1
585	1870450
586	-1
587	-1
588	-1
589	1875014
590	-1
591	-1
592	-1
593	-1
594	1879578
595	-1
596	-1
597	-1
598	1884142
599	-1
600	-1
601	-1
602	-1
603	1888706
604	-1
605	-1
606	-1
607	-1
608	1893270
609	-1
610	-1
611	-1
612	1897834
613	-1
614	-1
615	-1
616	-1
617	1902398
618	-1
619	-1
620	-1
621	1906962
622	-1
623	-1
624	-1
625	-1
626	1911526
627	-1
628	-1
629	-1
630	1916090
631	-1
632	-1
633	-1
634	-1
635	1920654
636	-1
637	-1
638	-1
639	-1
640	1925218
641	-1
642	-1
643	-1
644	1929782
645	-1
646	-1
647	-1
648	-1
649	1934346
650	-1
651	-1
652	-1
653	1938910
654	-1
655	-1
656	-1
657	-1
658	1943474
659	-1
660	-1
661	-1
662	1948038
663	-1
664	-1
665	-1
666	-1
667	1952602
668	-1
669	-1
670	-1
671	1957166
672	-1
673	-1
674	-1
675	-1
676	1961730
677	-1
678	-1
679	-1
680	-1
681	1966294
682	-1
683	-1
684	-1
685	1970858
686	-1
687	-1
688	-1
689	-1
690	1975422
691	-1
692	-1
693	-1
694	1979986
695	-1
696	-1
697	-1
698	-1
699	1984550
700	-1
701	-1
702	-1
703	1989114
704	-1
705	-1
706	-1
707	-1
708	1993678
709	-1
710	-1
711	-1
712	-1
713	1998242
714	-1
715	-1
716	-1
717	2002806
718	-1
719	-1
720	-1
721	-1
722	2007370
723	-1
724	-1
725	-1
726	2011934
727	-1
728	-1
729	-1
730	-1
731	2016498
732	-1
733	-1
734	-1
735	2021062
736	-1
737	-1
738	-1
739	-1
740	2025626
741	-1
742	-1
743	-1
744	2030190
745	-1
746	-1
747	-1
748	-1
749	2034754
750	-1
751	-1
752	-1
753	-1
754	2039318
755	-1
756	-1
757	-1
758	2043882
759	-1
760	-1
761	-1
762	-1
763	2048446
764	-1
765	-1
766	-1
767	2053010
768	-1
769	-1
770	-1
771	-1
772	2057574
773	-1
774	-1
775	-1
776	2062138
777	-1
778	-1
779	-1
780	-1
781	2066702
782	-1
783	-1
784	-1
785	-1
786	2071266
787	-1
788	-1
789	-1
790	2075830
791	-1
792	-1
793	-1
794	-1
795	2080394
796	-1
797	-1
798	-1
799	2084958
800	-1
801	-1
802	-1
803	-1
804	2089522
805	-1
806	-1
807	-1
808	2094086
809	-1
810	-1
811	-1
812	-1
813	2098650
814	-1
815	-1
816	-1
817	-1
818	2103214
819	-1
820	-1
821	-1
822	2107778
823	-1
824	-1
825	-1
826	-1
827	2112342
828	-1
829	-1
830	-1
831	2116906
832	-1
833	-1
834	-1
835	-1
836	2121470
837	-1
838	-1
839	-1
840	2126034
841	-1
842	-1
843	-1
844	-1
845	2130598
846	-1
847	-1
848	-1
849	2135162
850	-1
851	-1
852	-1
853	-1
854	2139726
855	-1
856	-1
857	-1
858	-1
859	2144290
860	-1
861	-1
862	-1
863	2148854
864	-1
865	-1
866	-1
867	-1
868	2153418
869	-1
870	-1
871	-1
872	2157982
873	-1
874	-1
875	-1
876	-1
877	2162546
878	-1
879	-1
880	-1
881	2167110
882	-1
883	-1
884	-1
885	-1
886	2171674
887	-1
888	-1
889	-1
890	-1
891	2176238
892	-1
893	-1
894	-1
895	2180802
896	-1
897	-1
898	-1
899	-1
900	2185366
901	-1
902	-1
903	-1
904	2189930
905	-1
906	-1
907	-1
908	-1
909	2194494
910	-1
911	-1
912	-1
913	2199058
914	-1
915	-1
916	-1
917	-1
918	2203622
919	-1
920	-1
921	-1
922	2208186
923	-1
924	-1
925	-1
926	-1
927	2212750
928	-1
929	-1
930	-1
931	-1
932	2217314
933	-1
934	-1
935	-1
936	2221878
937	-1
938	-1
939	-1
940	-1
941	2226442
942	-1
943	-1
944	-1
945	2231006
946	-1
947	-1
948	-1
949	-1
950	2235570
951	-1
952	-1
953	-1
954	2240134
955	-1
956	-1
957	-1
958	-1
959	2244698
960	-1
961	-1
962	-1
963	-1
964	2249262
965	-1
966	-1
967	-1
968	2253826
969	-1
970	-1
971	-1
972	-1
973	2258390
974	-1
975	-1
976	-1
977	2262954
978	-1
979	-1
980	-1
981	-1
982	2267518
983	-1
984	-1
985	-1
986	2272082
987	-1
988	-1
989	-1
990	-1
991	2276646
992	-1
993	-1
994	-1
995	2281210
996	-1
997	-1
998	-1
999	-1
1000	2285774
1001	-1
1002	-1
1003	-1
1004	-1
1005	2290338
1006	-1
1007	-1
1008	-1
1009	2294902
1010	-1
1011	-1
1012	-1
1013	-1
1014	2299466
1015	-1
1016	-1
1017	-1
1018	2304030
1019	-1
1020	-1
1021	-1
1022	-1
1023	2308594
1024	-1
1025	-1
1026	-1
1027	2313158
1028	-1
1029	-1
1030	-1
1031	-1
1032	2317722
1033	-1
1034	-1
1035	-1
1036	-1
1037	2322286
1038	-1
1039	-1
1040	-1
1041	2326850
1042	-1
1043	-1
1044	-1
1045	-1
1046	2331414
1047	-1
1048	-1
1049	-1
1050	2335978
1051	-1
1052	-1
1053	-1
1054	-1
1055	2340542
1056	-1
1057	-1
1058	-1
1059	2345106
1060	-1
1061	-1
1062	-1
1063	-1
1064	2349670
1065	-1
1066	-1
1067	-1
1068	-1
1069	2354234
1070	-1
1071	-1
1072	-1
1073	2358798
1074	-1
1075	-1
1076	-1
1077	-1
1078	2363362
1079	-1
1080	-1
1081	-1
1082	2367926
1083	-1
1084	-1
1085	-1
1086	-1
1087	2372490
1088	-1
1089	-1
1090	-1
1091	2377054
1092	-1
1093	-1
1094	-1
1095	-1
1096	2381618
1097	-1
1098	-1
1099	-1
1100	2386182
1101	-1
1102	-1
1103	-1
1104	-1
1105	2390746
1106	-1
1107	-1
1108	-1
1109	-1
1110	2395310
1111	-1
1112	-1
1113	-1
1114	2399874
1115	-1
1116	-1
1117	-1
1118	-1
1119	2404438
1120	-1
1121	-1
1122	-1
1123	2409002
1124	-1
1125	-1
1126	-1
1127	-1
1128	2413566
1129	-1
1130	-1
1131	-1
1132	2418130
1133	-1
1134	-1
1135	-1
1136	-1
1137	2422694
1138	-1
1139	-1
1140	-1
1141	-1
1142	2427258
1143	-1
1144	-1
1145	-1
1146	2431822
1147	-1
1148	-1
1149	-1
1150	-1
1151	2436386
1152	-1
1153	-1
1154	-1
1155	2440950
1156	-1
1157	-1
1158	-1
1159	-1
1160	2445514
1161	-1
1162	-1
1163	-1
1164	2450078
1165	-1
1166	-1
1167	-1
1168	-1
1169	2454642
1170	-1
1171	-1
1172	-1
1173	2459206
1174	-1
1175	-1
1176	-1
1177	-1
1178	2463770
1179	-1
1180	-1
1181	-1
1182	-1
1183	2468334
1184	-1
1185	-1
1186	-1
1187	2472898
1188	-1
1189	-1
1190	-1
1191	-1
1192	2477462
1193	-1
1194	-1
1195	-1
1196	2482026
1197	-1
1198	-1
1199	-1
1200	-1
1201	2486590
1202	-1
1203	-1
1204	-1
1205	2491154
1206	-1
1207	-1
1208	-1
1209	-1
1210	2495718
1211	-1
1212	-1
1213	-1
1214	-1
1215	2500282
1216	-1
1217	-1
1218	-1
1219	2504846
1220	-1
1221	-1
1222	-1
1223	-1
1224	2509410
1225	-1
1226	-1
1227	-1
1228	2513974
1229	-1
1230	-1
1231	-1
1232	-1
1233	2518538
1234	-1
1235	-1
1236	-1
1237	2523102
1238	-1
1239	-1
1240	-1
1241	-1
1242	2527666
1243	-1
1244	-1
1245	-1
1246	-1
1247	2532230
1248	-1
1249	-1
1250	-1
1251	2536794
1252	-1
1253	-1
1254	-1
1255	-1
1256	2541358
1257	-1
1258	-1
1259	-1
1260	2545922
1261	-1
1262	-1
1263	-1
1264	-1
1265	2550486
1266	-1
1267	-1
1268	-1
1269	2555050
1270	-1
1271	-1
1272	-1
1273	-1
1274	2559614
1275	-1
1276	-1
1277	-1
1278	2564178
1279	-1
1280	-1
1281	-1
1282	-1
1283	2568742
1284	-1
1285	-1
1286	-1
1287	-1
1288	2573306
1289	-1
1290	-1
1291	-1
1292	2577870
1293	-1
1294	-1
1295	-1
1296	-1
1297	2582434
1298	-1
1299	-1
1300	-1
1301	2586998
1302	-1
1303	-1
1304	-1
1305	-1
1306	2591562
1307	-1
1308	-1
1309	-1
1310	2596126
1311	-1
1312	-1
1313	-1
1314	-1
1315	2600690
1316	-1
1317	-1
1318	-1
1319	-1
1320	2605254
1321	-1
1322	-1
1323	-1
1324	2609818
1325	-1
1326	-1
1327	-1
1328	-1
1329	2614382
1330	-1
1331	-1
1332	-1
1333	2618946
1334	-1
1335	-1
1336	-1
1337	-1
1338	2623510
1339	-1
1340	-1
1341	-1
1342	2628074
1343	-1
1344	-1
1345	-1
1346	-1
1347	2632638
1348	-1
1349	-1
1350	-1
1351	2637202
1352	-1
1353	-1
1354	-1
1355	-1
1356	2641766
1357	-1
1358	-1
1359	-1
1360	-1
1361	2646330
1362	-1
1363	-1
1364	-1
1365	2650894
1366	-1
1367	-1
1368	-1
1369	-1
1370	2655458
1371	-1
1372	-1
1373	-1
1374	2660022
1375	-1
1376	-1
1377	-1
1378	-1
1379	2664586
1380	-1
1381	-1
1382	-1
1383	2669150
1384	-1
1385	-1
1386	-1
1387	-1
1388	2673714
1389	-1
1390	-1
1391	-1
1392	-1
1393	2678278
1394	-1
1395	-1
1396	-1
1397	2682842
1398	-1
1399	-1
1400	-1
1401	-1
1402	2687406
1403	-1
1404	-1
1405	-1
1406	2691970
1407	-1
1408	-1
1409	-1
1410	-1
1411	2696534
1412	-1
1413	-1
1414	-1
1415	2701098
1416	-1
1417	-1
1418	-1
1419	-1
1420	2705662
1421	-1
1422	-1
1423	-1
1424	-1
1425	2710226
1426	-1
1427	-1
1428	-1
1429	2714790
1430	-1
1431	-1
1432	-1
1433	-1
1434	2719354
1435	-1
1436	-1
1437	-1
1438	2723918
1439	-1
1440	-1
1441	-1
1442	-1
1443	2728482
1444	-1
1445	-1
1446	-1
1447	2733046
1448	-1
1449	-1
1450	-1
1451	-1
1452	2737610
1453	-1
1454	-1
1455	-1
1456	2742174
1457	-1
1458	-1
1459	-1
1460	-1
1461	2746738
1462	-1
1463	-1
1464	-1
1465	-1
1466	2751302
1467	-1
1468	-1
1469	-1
1470	2755866
1471	-1
1472	-1
1473	-1
1474	-1
1475	2760430
1476	-1
1477	-1
1478	-1
1479	2764994
1480	-1
1481	-1
1482	-1
1483	-1
1484	2769558
1485	-1
1486	-1
1487	-1
1488	2774122
1489	-1
1490	-1
1491	-1
1492	-1
1493	2778686
1494	-1
1495	-1
1496	-1
1497	-1
1498	2783250
1499	-1
1500	-1
1501	-1
1502	2787814
1503	-1
1504	-1
1505	-1
1506	-1
1507	2792378
1508	-1
1509	-1
1510	-1
1511	2796942
1512	-1
1513	-1
1514	-1
1515	-1
1516	2801506
1517	-1
1518	-1
1519	-1
1520	2806070
1521	-1
1522	-1
1523	-1
1524	-1
1525	2810634
1526	-1
1527	-1
1528	-1
1529	2815198
1530	-1
1531	-1
1532	-1
1533	-1
1534	2819762
1535	-1
1536	-1
1537	-1
1538	-1
1539	2824326
1540	-1
1541	-1
1542	-1
1543	2828890
1544	-1
1545	-1
1546	-1
1547	-1
1548	2833454
1549	-1
1550	-1
1551	-1
1552	2838018
1553	-1
1554	-1
1555	-1
1556	-1
1557	2842582
1558	-1
1559	-1
1560	-1
1561	2847146
1562	-1
1563	-1
1564	-1
1565	-1
1566	2851710
1567	-1
1568	-1
1569	-1
1570	-1
1571	2856274
1572	-1
1573	-1
1574	-1
1575	2860838
1576	-1
1577	-1
1578	-1
1579	-1
1580	2865402
1581	-1
1582	-1
1583	-1
1584	2869966
1585	-1
1586	-1
1587	-1
1588	-1
1589	2874530
1590	-1
1591	-1
1592	-1
1593	2879094
1594	-1
1595	-1
1596	-1
1597	-1
1598	2883658
1599	-1
1600	-1
1601	-1
1602	-1
1603	2888222
1604	-1
1605	-1
1606	-1
1607	2892786
1608	-1
1609	-1
1610	-1
1611	-1
1612	2897350
1613	-1
1614	-1
1615	-1
1616	2901914
1617	-1
1618	-1
1619	-1
1620	-1
1621	2906478
1622	-1
1623	-1
1624	-1
1625	2911042
1626	-1
1627	-1
1628	-1
1629	-1
1630	2915606
1631	-1
1632	-1
1633	-1
1634	2920170
1635	-1
1636	-1
1637	-1
1638	-1
1639	2924734
1640	-1
1641	-1
1642	-1
1643	-1
1644	2929298
1645	-1
1646	-1
1647	-1
1648	2933862
1649	-1
1650	-1
1651	-1
1652	-1
1653	2938426
1654	-1
1655	-1
1656	-1
1657	2942990
1658	-1
1659	-1
1660	-1
1661	-1
1662	2947554
1663	-1
1664	-1
1665	-1
1666	2952118
1667	-1
1668	-1
1669	-1
1670	-1
1671	2956682
1672	-1
1673	-1
1674	-1
1675	-1
1676	2961246
1677	-1
1678	-1
1679	-1
1680	2965810
1681	-1
1682	-1
1683	-1
1684	-1
1685	2970374
1686	-1
1687	-1
1688	-1
1689	2974938
1690	-1
1691	-1
1692	-1
1693	-1
1694	2979502
1695	-1
1696	-1
1697	-1
1698	2984066
1699	-1
1700	-1
1701	-1
1702	-1
1703	2988630
1704	-1
1705	-1
1706	-1
1707	2993194
1708	-1
1709	-1
1710	-1
1711	-1
1712	2997758
1713	-1
1714	-1
1715	-1
1716	-1
1717	3002322
1718	-1
1719	-1
1720	-1
1721	3006886
1722	-1
1723	-1
1724	-1
1725	-1
1726	3011450
1727	-1
1728	-1
1729	-1
1730	3016014
1731	-1
1732	-1
1733	-1
1734	-1
1735	3020578
1736	-1
1737	-1
1738	-1
1739	3025142
1740	-1
1741	-1
1742	-1
1743	-1
1744	3029706
1745	-1
1746	-1
1747	-1
1748	-1
1749	3034270
1750	-1
1751	-1
1752	-1
1753	3038834
1754	-1
1755	-1
1756	-1
1757	-1
1758	3043398
1759	-1
1760	-1
1761	-1
1762	3047962
1763	-1
1764	-1
1765	-1
1766	-1
1767	3052526
1768	-1
1769	-1
1770	-1
1771	3057090
1772	-1
1773	-1
1774	-1
1775	-1
1776	3061654
1777	-1
1778	-1
1779	-1
1780	-1
1781	3066218
1782	-1
1783	-1
1784	-1
1785	3070782
1786	-1
1787	-1
1788	-1
1789	-1
1790	3075346
1791	-1
1792	-1
1793	-1
1794	3079910
1795	-1
1796	-1
1797	-1
1798	-1
1799	3084474
1800	-1
1801	-1
1802	-1
1803	3089038
1804	-1
1805	-1
1806	-1
1807	-1
1808	3093602
1809	-1
1810	-1
1811	-1
1812	3098166
1813	-1
1814	-1
1815	-1
1816	-1
1817	3102730
1818	-1
1819	-1
1820	-1
1821	-1
1822	3107294
1823	-1
1824	-1
1825	-1
1826	3111858
1827	-1
1828	-1
1829	-1
1830	-1
1831	3116422
1832	-1
1833	-1
1834	-1
1835	3120986
1836	-1
1837	-1
1838	-1
1839	-1
1840	3125550
1841	-1
1842	-1
1843	-1
1844	3130114
1845	-1
1846	-1
1847	-1
1848	-1
1849	3134678
1850	-1
1851	-1
1852	-1
1853	-1
1854	3139242
1855	-1
1856	-1
1857	-1
1858	3143806
1859	-1
1860	-1
1861	-1
1862	-1
1863	3148370
1864	-1
1865	-1
1866	-1
1867	3152934
1868	-1
1869	-1
1870	-1
1871	-1
1872	3157498
1873	-1
1874	-1
1875	-1
1876	3162062
1877	-1
1878	-1
1879	-1
1880	-1
1881	3166626
1882	-1
1883	-1
1884	-1
1885	3171190
1886	-1
1887	-1
1888	-1
1889	-1
1890	3175754
1891	-1
1892	-1
1893	-1
1894	-1
1895	3180318
1896	-1
1897	-1
1898	-1
1899	3184882
1900	-1
1901	-1
1902	-1
1903	-1
1904	3189446
1905	-1
1906	-1
1907	-1
1908	3194010
1909	-1
1910	-1
1911	-1
1912	-1
1913	3198574
1914	-1
1915	-1
1916	-1
1917	3203138
1918	-1
1919	-1
1920	-1
1921	-1
1922	3207702
1923	-1
1924	-1
1925	-1
1926	-1
1927	3212266
1928	-1
1929	-1
1930	-1
1931	3216830
1932	-1
1933	-1
1934	-1
1935	-1
1936	3221394
1937	-1
1938	-1
1939	-1
1940	3225958
1941	-1
1942	-1
1943	-1
1944	-1
1945	3230522
1946	-1
1947	-1
1948	-1
1949	3235086
1950	-1
1951	-1
1952	-1
1953	-1
1954	3239650
1955	-1
1956	-1
1957	-1
1958	-1
1959	3244214
1960	-1
1961	-1
1962	-1
1963	3248778
1964	-1
1965	-1
1966	-1
1967	-1
1968	3253342
1969	-1
1970	-1
1971	-1
1972	3257906
1973	-1
1974	-1
1975	-1
1976	-1
1977	3262470
1978	-1
1979	-1
1980	-1
1981	3267034
1982	-1
1983	-1
1984	-1
1985	-1
1986	3271598
1987	-1
1988	-1
1989	-1
1990	3276162
1991	-1
1992	-1
1993	-1
1994	-1
1995	3280726
1996	-1
1997	-1
1998	-1
1999	-1
2000	3285290
2001	-1
2002	-1
2003	-1
2004	3289854
2005	-1
2006	-1
2007	-1
2008	-1
2009	3294418
2010	-1
2011	-1
2012	-1
2013	3298982
2014	-1
2015	-1
2016	-1
2017	-1
2018	3303546
2019	-1
2020	-1
2021	-1
2022	3308110
2023	-1
2024	-1
2025	-1
2026	-1
2027	3312674
2028	-1
2029	-1
2030	-1
2031	-1
2032	3317238
2033	-1
2034	-1
2035	-1
2036	3321802
2037	-1
2038	-1
2039	-1
2040	-1
2041	3326366
2042	-1
2043	-1
2044	-1
2045	3330930
2046	-1
2047	-1
2048	-1
2049	-1
2050	3335494
2051	-1
2052	-1
2053	-1
2054	3340058
2055	-1
2056	-1
2057	-1
2058	-1
2059	3344622
2060	-1
2061	-1
2062	-1
2063	3349186
2064	-1
2065	-1
2066	-1
2067	-1
2068	3353750
2069	-1
2070	-1
2071	-1
2072	-1
2073	3358314
2074	-1
2075	-1
2076	-1
2077	3362878
2078	-1
2079	-1
2080	-1
2081	-1
2082	3367442
2083	-1
2084	-1
2085	-1
2086	3372006
2087	-1
2088	-1
2089	-1
2090	-1
2091	3376570
2092	-1
2093	-1
2094	-1
2095	3381134
2096	-1
2097	-1
2098	-1
2099	-1
2100	3385698
2101	-1
2102	-1
2103	-1
2104	-1
2105	3390262
2106	-1
2107	-1
2108	-1
2109	3394826
2110	-1
2111	-1
2112	-1
2113	-1
2114	3399390
2115	-1
2116	-1
2117	-1
2118	3403954
2119	-1
2120	-1
2121	-1
2122	-1
2123	3408518
2124	-1
2125	-1
2126	-1
2127	3413082
2128	-1
2129	-1
2130	-1
2131	-1
2132	3417646
2133	-1
2134	-1
2135	-1
2136	3422210
2137	-1
2138	-1
2139	-1
2140	-1
2141	3426774
2142	-1
2143	-1
2144	-1
2145	-1
2146	3431338
2147	-1
2148	-1
2149	-1
2150	3435902
2151	-1
2152	-1
2153	-1
2154	-1
2155	3440466
2156	-1
2157	-1
2158	-1
2159	3445030
2160	-1
2161	-1
2162	-1
2163	-1
2164	3449594
2165	-1
2166	-1
2167	-1
2168	3454158
2169	-1
2170	-1
2171	-1
2172	-1
2173	3458722
2174	-1
2175	-1
2176	-1
2177	-1
2178	3463286
2179	-1
2180	-1
2181	-1
2182	3467850
2183	-1
2184	-1
2185	-1
2186	-1
2187	3472414
2188	-1
2189	-1
2190	-1
2191	3476978
2192	-1
2193	-1
2194	-1
2195	-1
2196	3481542
2197	-1
2198	-1
2199	-1
2200	3486106
2201	-1
2202	-1
2203	-1
2204	-1
2205	3490670
2206	-1
2207	-1
2208	-1
2209	-1
2210	3495234
2211	-1
2212	-1
2213	-1
2214	3499798
2215	-1
2216	-1
2217	-1
2218	-1
2219	3504362
2220	-1
2221	-1
2222	-1
2223	3508926
2224	-1
2225	-1
2226	-1
2227	-1
2228	3513490
2229	-1
2230	-1
2231	-1
2232	3518054
2233	-1
2234	-1
2235	-1
2236	-1
2237	3522618
2238	-1
2239	-1
2240	-1
2241	3527182
2242	-1
2243	-1
2244	-1
2245	-1
2246	3531746
2247	-1
2248	-1
2249	-1
2250	-1
2251	3536310
2252	-1
2253	-1
2254	-1
2255	3540874
2256	-1
2257	-1
2258	-1
2259	-1
2260	3545438
2261	-1
2262	-1
2263	-1
2264	3550002
2265	-1
2266	-1
2267	-1
2268	-1
2269	3554566
2270	-1
2271	-1
2272	-1
2273	3559130
2274	-1
2275	-1
2276	-1
2277	-1
2278	3563694
2279	-1
2280	-1
2281	-1
2282	-1
2283	3568258
2284	-1
2285	-1
2286	-1
2287	3572822
2288	-1
2289	-1
2290	-1
2291	-1
2292	3577386
2293	-1
2294	-1
2295	-1
2296	3581950
2297	-1
2298	-1
2299	-1
2300	-1
2301	3586514
2302	-1
2303	-1
2304	-1
2305	3591078
2306	-1
2307	-1
2308	-1
2309	-1
2310	3595642
2311	-1
2312	-1
2313	-1
2314	3600206
2315	-1
2316	-1
2317	-1
2318	-1
2319	3604770
2320	-1
2321	-1
2322	-1
2323	-1
2324	3609334
2325	-1
2326	-1
2327	-1
2328	3613898
2329	-1
2330	-1
2331	-1
2332	-1
2333	3618462
2334	-1
2335	-1
2336	-1
2337	3623026
2338	-1
2339	-1
2340	-1
2341	-1
2342	3627590
2343	-1
2344	-1
2345	-1
2346	3632154
2347	-1
2348	-1
2349	-1
2350	-1
2351	3636718
2352	-1
2353	-1
2354	-1
2355	-1
2356	3641282
2357	-1
2358	-1
2359	-1
2360	3645846
2361	-1
2362	-1
2363	-1
2364	-1
2365	3650410
2366	-1
2367	-1
2368	-1
2369	3654974
2370	-1
2371	-1
2372	-1
2373	-1
2374	3659538
2375	-1
2376	-1
2377	-1
2378	3664102
2379	-1
2380	-1
2381	-1
2382	-1
2383	3668666
2384	-1
2385	-1
2386	-1
2387	-1
2388	3673230
2389	-1
2390	-1
2391	-1
2392	3677794
2393	-1
2394	-1
2395	-1
2396	-1
2397	3682358
2398	-1
2399	-1
2400	-1
2401	3686922
2402	-1
2403	-1
2404	-1
2405	-1
2406	3691486
2407	-1
2408	-1
2409	-1
2410	3696050
2411	-1
2412	-1
2413	-1
2414	-1
2415	3700614
2416	-1
2417	-1
2418	-1
2419	3705178
2420	-1
2421	-1
2422	-1
2423	-1
2424	3709742
2425	-1
2426	-1
2427	-1
2428	-1
2429	3714306
2430	-1
2431	-1
2432	-1
2433	3718870
2434	-1
2435	-1
2436	-1
2437	-1
2438	3723434
2439	-1
2440	-1
2441	-1
2442	3727998
2443	-1
2444	-1
2445	-1
2446	-1
2447	3732562
2448	-1
2449	-1
2450	-1
2451	3737126
2452	-1
2453	-1
2454	-1
2455	-1
2456	3741690
2457	-1
2458	-1
2459	-1
2460	-1
2461	3746254
2462	-1
2463	-1
2464	-1
2465	3750818
2466	-1
2467	-1
2468	-1
2469	-1
2470	3755382
2471	-1
2472	-1
2473	-1
2474	3759946
2475	-1
2476	-1
2477	-1
2478	-1
2479	3764510
2480	-1
2481	-1
2482	-1
2483	3769074
2484	-1
2485	-1
2486	-1
2487	-1
2488	3773638
2489	-1
2490	-1
2491	-1
2492	3778202
2493	-1
2494	-1
2495	-1
2496	-1
2497	3782766
2498	-1
2499	-1
2500	-1
2501	-1
2502	3787330
2503	-1
2504	-1
2505	-1
2506	3791894
2507	-1
2508	-1
2509	-1
2510	-1
2511	3796458
2512	-1
2513	-1
2514	-1
2515	3801022
2516	-1
2517	-1
2518	-1
2519	-1
2520	3805586
2521	-1
2522	-1
2523	-1
2524	3810150
2525	-1
2526	-1
2527	-1
2528	-1
2529	3814714
2530	-1
2531	-1
2532	-1
2533	-1
2534	3819278
2535	-1
2536	-1
2537	-1
2538	3823842
2539	-1
2540	-1
2541	-1
2542	-1
2543	3828406
2544	-1
2545	-1
2546	-1
2547	3832970
2548	-1
2549	-1
2550	-1
2551	-1
2552	3837534
2553	-1
2554	-1
2555	-1
2556	3842098
2557	-1
2558	-1
2559	-1
2560	-1
2561	3846662
2562	-1
2563	-1
2564	-1
2565	-1
2566	3851226
2567	-1
2568	-1
2569	-1
2570	3855790
2571	-1
2572	-1
2573	-1
2574	-1
2575	3860354
2576	-1
2577	-1
2578	-1
2579	3864918
2580	-1
2581	-1
2582	-1
2583	-1
2584	3869482
2585	-1
2586	-1
2587	-1
2588	3874046
2589	-1
2590	-1
2591	-1
2592	-1
2593	3878610
2594	-1
2595	-1
2596	-1
2597	3883174
2598	-1
2599	-1
2600	-1
2601	-1
2602	3887738
2603	-1
2604	-1
2605	-1
2606	-1
2607	3892302
2608	-1
2609	-1
2610	-1
2611	3896866
2612	-1
2613	-1
2614	-1
2615	-1
2616	3901430
2617	-1
2618	-1
2619	-1
2620	3905994
2621	-1
2622	-1
2623	-1
2624	-1
2625	3910558
2626	-1
2627	-1
2628	-1
2629	3915122
2630	-1
2631	-1
2632	-1
2633	-1
2634	3919686
2635	-1
2636	-1
2637	-1
2638	-1
2639	3924250
2640	-1
2641	-1
2642	-1
2643	3928814
2644	-1
2645	-1
2646	-1
2647	-1
2648	3933378
2649	-1
2650	-1
2651	-1
2652	3937942
2653	-1
2654	-1
2655	-1
2656	-1
2657	3942506
2658	-1
2659	-1
2660	-1
2661	3947070
2662	-1
2663	-1
2664	-1
2665	-1
2666	3951634
2667	-1
2668	-1
2669	-1
2670	3956198
2671	-1
2672	-1
2673	-1
2674	-1
2675	3960762
2676	-1
2677	-1
2678	-1
2679	-1
2680	3965326
2681	-1
2682	-1
2683	-1
2684	3969890
2685	-1
2686	-1
2687	-1
2688	-1
2689	3974454
2690	-1
2691	-1
2692	-1
2693	3979018
2694	-1
2695	-1
2696	-1
2697	-1
2698	3983582
2699	-1
2700	-1
2701	-1
2702	3988146
2703	-1
2704	-1
2705	-1
2706	-1
2707	3992710
2708	-1
2709	-1
2710	-1
2711	-1
2712	3997274
2713	-1
2714	-1
2715	-1
2716	4001838
2717	-1
2718	-1
2719	-1
2720	-1
2721	4006402
2722	-1
2723	-1
2724	-1
2725	4010966
2726	-1
2727	-1
2728	-1
2729	-1
2730	4015530
2731	-1
2732	-1
2733	-1
2734	4020094
2735	-1
2736	-1
2737	-1
2738	-1
2739	4024658
2740	-1
2741	-1
2742	-1
2743	-1
2744	4029222
2745	-1
2746	-1
2747	-1
2748	4033786
2749	-1
2750	-1
2751	-1
2752	-1
2753	4038350
2754	-1
2755	-1
2756	-1
2757	4042914
2758	-1
2759	-1
2760	-1
2761	-1
2762	4047478
2763	-1
2764	-1
2765	-1
2766	4052042
2767	-1
2768	-1
2769	-1
2770	-1
2771	4056606
2772	-1
2773	-1
2774	-1
2775	4061170
2776	-1
2777	-1
2778	-1
2779	-1
2780	4065734
2781	-1
2782	-1
2783	-1
2784	-1
2785	4070298
2786	-1
2787	-1
2788	-1
2789	4074862
2790	-1
2791	-1
2792	-1
2793	-1
2794	4079426
2795	-1
2796	-1
2797	-1
2798	4083990
2799	-1
2800	-1
2801	-1
2802	-1
2803	4088554
2804	-1
2805	-1
2806	-1
2807	4093118
2808	-1
2809	-1
2810	-1
2811	-1
2812	4097682
2813	-1
2814	-1
2815	-1
2816	-1
2817	4102246
2818	-1
2819	-1
2820	-1
2821	4106810
2822	-1
2823	-1
2824	-1
2825	-1
2826	4111374
2827	-1
2828	-1
2829	-1
2830	4115938
2831	-1
2832	-1
2833	-1
2834	-1
2835	4120502
2836	-1
2837	-1
2838	-1
2839	4125066
2840	-1
2841	-1
2842	-1
2843	-1
2844	4129630
2845	-1
2846	-1
2847	-1
2848	4134194
2849	-1
2850	-1
2851	-1
2852	-1
2853	4138758
2854	-1
2855	-1
2856	-1
2857	-1
2858	4143322
2859	-1
2860	-1
2861	-1
2862	4147886
2863	-1
2864	-1
2865	-1
2866	-1
2867	4152450
2868	-1
2869	-1
2870	-1
2871	4157014
2872	-1
2873	-1
2874	-1
2875	-1
2876	4161578
2877	-1
2878	-1
2879	-1
2880	4166142
2881	-1
2882	-1
2883	-1
2884	-1
2885	4170706
2886	-1
2887	-1
2888	-1
2889	-1
2890	4175270
2891	-1
2892	-1
2893	-1
2894	4179834
2895	-1
2896	-1
2897	-1
2898	-1
2899	4184398
2900	-1
2901	-1
2902	-1
2903	4188962
2904	-1
2905	-1
2906	-1
2907	-1
2908	4193526
2909	-1
2910	-1
2911	-1
2912	4198090
2913	-1
2914	-1
2915	-1
2916	-1
2917	4202654
2918	-1
2919	-1
2920	-1
2921	-1
2922	4207218
2923	-1
2924	-1
2925	-1
2926	4211782
2927	-1
2928	-1
2929	-1
2930	-1
2931	4216346
2932	-1
2933	-1
2934	-1
2935	4220910
2936	-1
2937	-1
2938	-1
2939	-1
2940	4225474
2941	-1
2942	-1
2943	-1
2944	4230038
2945	-1
2946	-1
2947	-1
2948	-1
2949	4234602
2950	-1
2951	-1
2952	-1
2953	4239166
2954	-1
2955	-1
2956	-1
2957	-1
2958	4243730
2959	-1
2960	-1
2961	-1
2962	-1
2963	4248294
2964	-1
2965	-1
2966	-1
2967	4252858
2968	-1
2969	-1
2970	-1
2971	-1
2972	4257422
2973	-1
2974	-1
2975	-1
2976	4261986
2977	-1
2978	-1
2979	-1
2980	-1
2981	4266550
2982	-1
2983	-1
2984	-1
2985	4271114
2986	-1
2987	-1
2988	-1
2989	-1
2990	4275678
2991	-1
2992	-1
2993	-1
2994	-1
2995	4280242
2996	-1
2997	-1
2998	-1
2999	4284806
3000	-1
3001	-1
3002	-1
3003	-1
3004	4289370
3005	-1
3006	-1
3007	-1
3008	4293934
3009	-1
3010	-1
3011	-1
3012	-1
3013	4298498
3014	-1
3015	-1
3016	-1
3017	4303062
3018	-1
3019	-1
3020	-1
3021	-1
3022	4307626
3023	-1
3024	-1
3025	-1
3026	4312190
3027	-1
3028	-1
3029	-1
3030	-1
3031	4316754
3032	-1
3033	-1
3034	-1
3035	-1
3036	4321318
3037	-1
3038	-1
3039	-1
3040	4325882
3041	-1
3042	-1
3043	-1
3044	-1
3045	4330446
3046	-1
3047	-1
3048	-1
3049	4335010
3050	-1
3051	-1
3052	-1
3053	-1
3054	4339574
3055	-1
3056	-1
3057	-1
3058	4344138
3059	-1
3060	-1
3061	-1
3062	-1
3063	4348702
3064	-1
3065	-1
3066	-1
3067	-1
3068	4353266
3069	-1
3070	-1
3071	-1
3072	4357830
3073	-1
3074	-1
3075	-1
3076	-1
3077	4362394
3078	-1
3079	-1
3080	-1
3081	4366958
3082	-1
3083	-1
3084	-1
3085	-1
3086	4371522
3087	-1
3088	-1
3089	-1
3090	4376086
3091	-1
3092	-1
3093	-1
3094	-1
3095	4380650
3096	-1
3097	-1
3098	-1
3099	-1
3100	4385214
3101	-1
3102	-1
3103	-1
3104	4389778
3105	-1
3106	-1
3107	-1
3108	-1
3109	4394342
3110	-1
3111	-1
3112	-1
3113	4398906
3114	-1
3115	-1
3116	-1
3117	-1
3118	4403470
3119	-1
3120	-1
3121	-1
3122	4408034
3123	-1
3124	-1
3125	-1
3126	-1
3127	4412598
3128	-1
3129	-1
3130	-1
3131	4417162
3132	-1
3133	-1
3134	-1
3135	-1
3136	4421726
3137	-1
3138	-1
3139	-1
3140	-1
3141	4426290
3142	-1
3143	-1
3144	-1
3145	4430854
3146	-1
3147	-1
3148	-1
3149	-1
3150	4435418
3151	-1
3152	-1
3153	-1
3154	4439982
3155	-1
3156	-1
3157	-1
3158	-1
3159	4444546
3160	-1
3161	-1
3162	-1
3163	4449110
3164	-1
3165	-1
3166	-1
3167	-1
3168	4453674
3169	-1
3170	-1
3171	-1
3172	-1
3173	4458238
3174	-1
3175	-1
3176	-1
3177	4462802
3178	-1
3179	-1
3180	-1
3181	-1
3182	4467366
3183	-1
3184	-1
3185	-1
3186	4471930
3187	-1
3188	-1
3189	-1
3190	-1
3191	4476494
3192	-1
3193	-1
3194	-1
3195	4481058
3196	-1
3197	-1
3198	-1
3199	-1
3200	4485622
3201	-1
3202	-1
3203	-1
3204	4490186
3205	-1
3206	-1
3207	-1
3208	-1
3209	4494750
3210	-1
3211	-1
3212	-1
3213	-1
3214	4499314
3215	-1
3216	-1
3217	-1
3218	4503878
3219	-1
3220	-1
3221	-1
3222	-1
3223	4508442
3224	-1
3225	-1
3226	-1
3227	4513006
3228	-1
3229	-1
3230	-1
3231	-1
3232	4517570
3233	-1
3234	-1
3235	-1
3236	4522134
3237	-1
3238	-1
3239	-1
3240	-1
3241	4526698
3242	-1
3243	-1
3244	-1
3245	-1
3246	4531262
3247	-1
3248	-1
3249	-1
3250	4535826
3251	-1
3252	-1
3253	-1
3254	-1
3255	4540390
3256	-1
3257	-1
3258	-1
3259	4544954
3260	-1
3261	-1
3262	-1
3263	-1
3264	4549518
3265	-1
3266	-1
3267	-1
3268	4554082
3269	-1
3270	-1
3271	-1
3272	-1
3273	4558646
3274	-1
3275	-1
3276	-1
3277	4563210
3278	-1
3279	-1
3280	-1
3281	-1
3282	4567774
3283	-1
3284	-1
3285	-1
3286	-1
3287	4572338
3288	-1
3289	-1
3290	-1
3291	4576902
3292	-1
3293	-1
3294	-1
3295	-1
3296	4581466
3297	-1
3298	-1
3299	-1
3300	4586030
3301	-1
3302	-1
3303	-1
3304	-1
3305	4590594
3306	-1
3307	-1
3308	-1
3309	4595158
3310	-1
3311	-1
3312	-1
3313	-1
3314	4599722
3315	-1
3316	-1
3317	-1
3318	-1
3319	4604286
3320	-1
3321	-1
3322	-1
3323	4608850
3324	-1
3325	-1
3326	-1
3327	-1
3328	4613414
3329	-1
3330	-1
3331	-1
3332	4617978
3333	-1
3334	-1
3335	-1
3336	-1
3337	4622542
3338	-1
3339	-1
3340	-1
3341	4627106
3342	-1
3343	-1
3344	-1
3345	-1
3346	4631670
3347	-1
3348	-1
3349	-1
3350	-1
3351	4636234
3352	-1
3353	-1
3354	-1
3355	4640798
3356	-1
3357	-1
3358	-1
3359	-1
3360	4645362
3361	-1
3362	-1
3363	-1
3364	4649926
3365	-1
3366	-1
3367	-1
3368	-1
3369	4654490
3370	-1
3371	-1
3372	-1
3373	4659054
3374	-1
3375	-1
3376	-1
3377	-1
3378	4663618
3379	-1
3380	-1
3381	-1
3382	4668182
3383	-1
3384	-1
3385	-1
3386	-1
3387	4672746
3388	-1
3389	-1
3390	-1
3391	-1
3392	4677310
3393	-1
3394	-1
3395	-1
3396	4681874
3397	-1
3398	-1
3399	-1
3400	-1
3401	4686438
3402	-1
3403	-1
3404	-1
3405	4691002
3406	-1
3407	-1
3408	-1
3409	-1
3410	4695566
3411	-1
3412	-1
3413	-1
3414	4700130
3415	-1
3416	-1
3417	-1
3418	-1
3419	4704694
3420	-1
3421	-1
3422	-1
3423	-1
3424	4709258
3425	-1
3426	-1
3427	-1
3428	4713822
3429	-1
3430	-1
3431	-1
3432	-1
3433	4718386
3434	-1
3435	-1
3436	-1
3437	4722950
3438	-1
3439	-1
3440	-1
3441	-1
3442	4727514
3443	-1
3444	-1
3445	-1
3446	4732078
3447	-1
3448	-1
3449	-1
3450	-1
3451	4736642
3452	-1
3453	-1
3454	-1
3455	4741206
3456	-1
3457	-1
3458	-1
3459	-1
3460	4745770
3461	-1
3462	-1
3463	-1
3464	-1
3465	4750334
3466	-1
3467	-1
3468	-1
3469	4754898
3470	-1
3471	-1
3472	-1
3473	-1
3474	4759462
3475	-1
3476	-1
3477	-1
3478	4764026
3479	-1
3480	-1
3481	-1
3482	-1
3483	4768590
3484	-1
3485	-1
3486	-1
3487	4773154
3488	-1
3489	-1
3490	-1
3491	-1
3492	4777718
3493	-1
3494	-1
3495	-1
3496	-1
3497	4782282
3498	-1
3499	-1
3500	-1
3501	4786846
3502	-1
3503	-1
3504	-1
3505	-1
3506	4791410
3507	-1
3508	-1
3509	-1
3510	4795974
3511	-1
3512	-1
3513	-1
3514	-1
3515	4800538
3516	-1
3517	-1
3518	-1
3519	4805102
3520	-1
3521	-1
3522	-1
3523	-1
3524	4809666
3525	-1
3526	-1
3527	-1
3528	-1
3529	4814230
3530	-1
3531	-1
3532	-1
3533	4818794
3534	-1
3535	-1
3536	-1
3537	-1
3538	4823358
3539	-1
3540	-1
3541	-1
3542	4827922
3543	-1
3544	-1
3545	-1
3546	-1
3547	4832486
3548	-1
3549	-1
3550	-1
3551	4837050
3552	-1
3553	-1
3554	-1
3555	-1
3556	4841614
3557	-1
3558	-1
3559	-1
3560	4846178
3561	-1
3562	-1
3563	-1
3564	-1
3565	4850742
3566	-1
3567	-1
3568	-1
3569	-1
3570	4855306
3571	-1
3572	-1
3573	-1
3574	4859870
3575	-1
3576	-1
3577	-1
3578	-1
3579	4864434
3580	-1
3581	-1
3582	-1
3583	4868998
3584	-1
3585	-1
3586	-1
3587	-1
3588	4873562
3589	-1
3590	-1
3591	-1
3592	4878126
3593	-1
3594	-1
3595	-1
3596	-1
3597	4882690
3598	-1
3599	-1
3600	-1
3601	-1
3602	4887254
3603	-1
3604	-1
3605	-1
3606	4891818
3607	-1
3608	-1
3609	-1
3610	-1
3611	4896382
3612	-1
3613	-1
3614	-1
3615	4900946
3616	-1
3617	-1
3618	-1
3619	-1
3620	4905510
3621	-1
3622	-1
3623	-1
3624	4910074
3625	-1
3626	-1
3627	-1
3628	-1
3629	4914638
3630	-1
3631	-1
3632	-1
3633	4919202
3634	-1
3635	-1
3636	-1
3637	-1
3638	4923766
3639	-1
3640	-1
3641	-1
3642	-1
3643	4928330
3644	-1
3645	-1
3646	-1
3647	4932894
3648	-1
3649	-1
3650	-1
3651	-1
3652	4937458
3653	-1
3654	-1
3655	-1
3656	4942022
3657	-1
3658	-1
3659	-1
3660	-1
3661	4946586
3662	-1
3663	-1
3664	-1
3665	4951150
3666	-1
3667	-1
3668	-1
3669	-1
3670	4955714
3671	-1
3672	-1
3673	-1
3674	-1
3675	4960278
3676	-1
3677	-1
3678	-1
3679	4964842
3680	-1
3681	-1
3682	-1
3683	-1
3684	4969406
3685	-1
3686	-1
3687	-1
3688	4973970
3689	-1
3690	-1
3691	-1
3692	-1
3693	4978534
3694	-1
3695	-1
3696	-1
3697	4983098
3698	-1
3699	-1
3700	-1
3701	-1
3702	4987662
3703	-1
3704	-1
3705	-1
3706	-1
3707	4992226
3708	-1
3709	-1
3710	-1
3711	4996790
3712	-1
3713	-1
3714	-1
3715	-1
3716	5001354
3717	-1
3718	-1
3719	-1
3720	5005918
3721	-1
3722	-1
3723	-1
3724	-1
3725	5010482
3726	-1
3727	-1
3728	-1
3729	5015046
3730	-1
3731	-1
3732	-1
3733	-1
3734	5019610
3735	-1
3736	-1
3737	-1
3738	5024174
3739	-1
3740	-1
3741	-1
3742	-1
3743	5028738
3744	-1
3745	-1
3746	-1
3747	-1
3748	5033302
3749	-1
3750	-1
3751	-1
3752	5037866
3753	-1
3754	-1
3755	-1
3756	-1
3757	5042430
3758	-1
3759	-1
3760	-1
3761	5046994
3762	-1
3763	-1
3764	-1
3765	-1
3766	5051558
3767	-1
3768	-1
3769	-1
3770	5056122
3771	-1
3772	-1
3773	-1
3774	-1
3775	5060686
3776	-1
3777	-1
3778	-1
3779	-1
3780	5065250
3781	-1
3782	-1
3783	-1
3784	5069814
3785	-1
3786	-1
3787	-1
3788	-1
3789	5074378
3790	-1
3791	-1
3792	-1
3793	5078942
3794	-1
3795	-1
3796	-1
3797	-1
3798	5083506
3799	-1
3800	-1
3801	-1
3802	5088070
3803	-1
3804	-1
3805	-1
3806	-1
3807	5092634
3808	-1
3809	-1
3810	-1
3811	5097198
3812	-1
3813	-1
3814	-1
3815	-1
3816	5101762
3817	-1
3818	-1
3819	-1
3820	-1
3821	5106326
3822	-1
3823	-1
3824	-1
3825	5110890
3826	-1
3827	-1
3828	-1
3829	-1
3830	5115454
3831	-1
3832	-1
3833	-1
3834	5120018
3835	-1
3836	-1
3837	-1
3838	-1
3839	5124582
3840	-1
3841	-1
3842	-1
3843	5129146
3844	-1
3845	-1
3846	-1
3847	-1
3848	5133710
3849	-1
3850	-1
3851	-1
3852	-1
3853	5138274
3854	-1
3855	-1
3856	-1
3857	5142838
3858	-1
3859	-1
3860	-1
3861	-1
3862	5147402
3863	-1
3864	-1
3865	-1
3866	5151966
3867	-1
3868	-1
3869	-1
3870	-1
3871	5156530
3872	-1
3873	-1
3874	-1
3875	5161094
3876	-1
3877	-1
3878	-1
3879	-1
3880	5165658
3881	-1
3882	-1
3883	-1
3884	-1
3885	5170222
3886	-1
3887	-1
3888	-1
3889	5174786
3890	-1
3891	-1
3892	-1
3893	-1
3894	5179350
3895	-1
3896	-1
3897	-1
3898	5183914
3899	-1
3900	-1
3901	-1
3902	-1
3903	5188478
3904	-1
3905	-1
3906	-1
3907	5193042
3908	-1
3909	-1
3910	-1
3911	-1
3912	5197606
3913	-1
3914	-1
3915	-1
3916	5202170
3917	-1
3918	-1
3919	-1
3920	-1
3921	5206734
3922	-1
3923	-1
3924	-1
3925	-1
3926	5211298
3927	-1
3928	-1
3929	-1
3930	5215862
3931	-1
3932	-1
3933	-1
3934	-1
3935	5220426
3936	-1
3937	-1
3938	-1
3939	5224990
3940	-1
3941	-1
3942	-1
3943	-1
3944	5229554
3945	-1
3946	-1
3947	-1
3948	5234118
3949	-1
3950	-1
3951	-1
3952	-1
3953	5238682
3954	-1
3955	-1
3956	-1
3957	-1
3958	5243246
3959	-1
3960	-1
3961	-1
3962	5247810
3963	-1
3964	-1
3965	-1
3966	-1
3967	5252374
3968	-1
3969	-1
3970	-1
3971	5256938
3972	-1
3973	-1
3974	-1
3975	-1
3976	5261502
3977	-1
3978	-1
3979	-1
3980	5266066
3981	-1
3982	-1
3983	-1
3984	-1
3985	5270630
3986	-1
3987	-1
3988	-1
3989	5275194
3990	-1
3991	-1
3992	-1
3993	-1
3994	5279758
3995	-1
3996	-1
3997	-1
3998	-1
3999	5284322
4000	-1
4001	-1
4002	-1
4003	5288886
4004	-1
4005	-1
4006	-1
4007	-1
4008	5293450
4009	-1
4010	-1
4011	-1
4012	5298014
4013	-1
4014	-1
4015	-1
4016	-1
4017	5302578
4018	-1
4019	-1
4020	-1
4021	5307142
4022	-1
4023	-1
4024	-1
4025	-1
4026	5311706
4027	-1
4028	-1
4029	-1
4030	-1
4031	5316270
4032	-1
4033	-1
4034	-1
4035	5320834
4036	-1
4037	-1
4038	-1
4039	-1
4040	5325398
4041	-1
4042	-1
4043	-1
4044	5329962
4045	-1
4046	-1
4047	-1
4048	-1
4049	5334526
4050	-1
4051	-1
4052	-1
4053	5339090
4054	-1
4055	-1
4056	-1
4057	-1
4058	5343654
4059	-1
4060	-1
4061	-1
4062	-1
4063	5348218
4064	-1
4065	-1
4066	-1
4067	5352782
4068	-1
4069	-1
4070	-1
4071	-1
4072	5357346
4073	-1
4074	-1
4075	-1
4076	5361910
4077	-1
4078	-1
4079	-1
4080	-1
4081	5366474
4082	-1
4083	-1
4084	-1
4085	5371038
4086	-1
4087	-1
4088	-1
4089	-1
4090	5375602
4091	-1
4092	-1
4093	-1
4094	5380166
4095	-1
4096	-1
4097	-1
4098	-1
4099	5384730
4100	-1
4101	-1
4102	-1
4103	-1
4104	5389294
4105	-1
4106	-1
4107	-1
4108	5393858
4109	-1
4110	-1
4111	-1
4112	-1
4113	5398422
4114	-1
4115	-1
4116	-1
4117	5402986
4118	-1
4119	-1
4120	-1
4121	-1
4122	5407550
4123	-1
4124	-1
4125	-1
4126	5412114
4127	-1
4128	-1
4129	-1
4130	-1
4131	5416678
4132	-1
4133	-1
4134	-1
4135	-1
4136	5421242
4137	-1
4138	-1
4139	-1
4140	5425806
4141	-1
4142	-1
4143	-1
4144	-1
4145	5430370
4146	-1
4147	-1
4148	-1
4149	5434934
4150	-1
4151	-1
4152	-1
4153	-1
4154	5439498
4155	-1
4156	-1
4157	-1
4158	5444062
4159	-1
4160	-1
4161	-1
4162	-1
4163	5448626
4164	-1
4165	-1
4166	-1
4167	5453190
4168	-1
4169	-1
4170	-1
4171	-1
4172	5457754
4173	-1
4174	-1
4175	-1
4176	-1
4177	5462318
4178	-1
4179	-1
4180	-1
4181	5466882
4182	-1
4183	-1
4184	-1
4185	-1
4186	5471446
4187	-1
4188	-1
4189	-1
4190	5476010
4191	-1
4192	-1
4193	-1
4194	-1
4195	5480574
4196	-1
4197	-1
4198	-1
4199	5485138
4200	-1
4201	-1
4202	-1
4203	-1
4204	5489702
4205	-1
4206	-1
4207	-1
4208	-1
4209	5494266
4210	-1
4211	-1
4212	-1
4213	5498830
4214	-1
4215	-1
4216	-1
4217	-1
4218	5503394
4219	-1
4220	-1
4221	-1
4222	5507958
4223	-1
4224	-1
4225	-1
4226	-1
4227	5512522
4228	-1
4229	-1
4230	-1
4231	5517086
4232	-1
4233	-1
4234	-1
4235	-1
4236	5521650
4237	-1
4238	-1
4239	-1
4240	-1
4241	5526214
4242	-1
4243	-1
4244	-1
4245	5530778
4246	-1
4247	-1
4248	-1
4249	-1
4250	5535342
4251	-1
4252	-1
4253	-1
4254	5539906
4255	-1
4256	-1
4257	-1
4258	-1
4259	5544470
4260	-1
4261	-1
4262	-1
4263	5549034
4264	-1
4265	-1
4266	-1
4267	-1
4268	5553598
4269	-1
4270	-1
4271	-1
4272	5558162
4273	-1
4274	-1
4275	-1
4276	-1
4277	5562726
4278	-1
4279	-1
4280	-1
4281	-1
4282	5567290
4283	-1
4284	-1
4285	-1
4286	5571854
4287	-1
4288	-1
4289	-1
4290	-1
4291	5576418
4292	-1
4293	-1
4294	-1
4295	5580982
4296	-1
4297	-1
4298	-1
4299	-1
4300	5585546
4301	-1
4302	-1
4303	-1
4304	5590110
4305	-1
4306	-1
4307	-1
4308	-1
4309	5594674
4310	-1
4311	-1
4312	-1
4313	-1
4314	5599238
4315	-1
4316	-1
4317	-1
4318	5603802
4319	-1
4320	-1
4321	-1
4322	-1
4323	5608366
4324	-1
4325	-1
4326	-1
4327	5612930
4328	-1
4329	-1
4330	-1
4331	-1
4332	5617494
4333	-1
4334	-1
4335	-1
4336	5622058
4337	-1
4338	-1
4339	-1
4340	-1
4341	5626622
4342	-1
4343	-1
4344	-1
4345	5631186
4346	-1
4347	-1
4348	-1
4349	-1
4350	5635750
4351	-1
4352	-1
4353	-1
4354	-1
4355	5640314
4356	-1
4357	-1
4358	-1
4359	5644878
4360	-1
4361	-1
4362	-1
4363	-1
4364	5649442
4365	-1
4366	-1
4367	-1
4368	5654006
4369	-1
4370	-1
4371	-1
4372	-1
4373	5658570
4374	-1
4375	-1
4376	-1
4377	5663134
4378	-1
4379	-1
4380	-1
4381	-1
4382	5667698
4383	-1
4384	-1
4385	-1
4386	-1
4387	5672262
4388	-1
4389	-1
4390	-1
4391	5676826
4392	-1
4393	-1
4394	-1
4395	-1
4396	5681390
4397	-1
4398	-1
4399	-1
4400	5685954
4401	-1
4402	-1
4403	-1
4404	-1
4405	5690518
4406	-1
4407	-1
4408	-1
4409	5695082
4410	-1
4411	-1
4412	-1
4413	-1
4414	5699646
4415	-1
4416	-1
4417	-1
4418	5704210
4419	-1
4420	-1
4421	-1
4422	-1
4423	5708774
4424	-1
4425	-1
4426	-1
4427	-1
4428	5713338
4429	-1
4430	-1
4431	-1
4432	5717902
4433	-1
4434	-1
4435	-1
4436	-1
4437	5722466
4438	-1
4439	-1
4440	-1
4441	5727030
4442	-1
4443	-1
4444	-1
4445	-1
4446	5731594
4447	-1
4448	-1
4449	-1
4450	5736158
4451	-1
4452	-1
4453	-1
4454	-1
4455	5740722
4456	-1
4457	-1
4458	-1
4459	-1
4460	5745286
4461	-1
4462	-1
4463	-1
4464	5749850
4465	-1
4466	-1
4467	-1
4468	-1
4469	5754414
4470	-1
4471	-1
4472	-1
4473	5758978
4474	-1
4475	-1
4476	-1
4477	-1
4478	5763542
4479	-1
4480	-1
4481	-1
4482	5768106
4483	-1
4484	-1
4485	-1
4486	-1
4487	5772670
4488	-1
4489	-1
4490	-1
4491	-1
4492	5777234
4493	-1
4494	-1
4495	-1
4496	5781798
4497	-1
4498	-1
4499	-1
4500	-1
4501	5786362
4502	-1
4503	-1
4504	-1
4505	5790926
4506	-1
4507	-1
4508	-1
4509	-1
4510	5795490
4511	-1
4512	-1
4513	-1
4514	5800054
4515	-1
4516	-1
4517	-1
4518	-1
4519	5804618
4520	-1
4521	-1
4522	-1
4523	5809182
4524	-1
4525	-1
4526	-1
4527	-1
4528	5813746
4529	-1
4530	-1
4531	-1
4532	-1
4533	5818310
4534	-1
4535	-1
4536	-1
4537	5822874
4538	-1
4539	-1
4540	-1
4541	-1
4542	5827438
4543	-1
4544	-1
4545	-1
4546	5832002
4547	-1
4548	-1
4549	-1
4550	-1
4551	5836566
4552	-1
4553	-1
4554	-1
4555	5841130
4556	-1
4557	-1
4558	-1
4559	-1
4560	5845694
4561	-1
4562	-1
4563	-1
4564	-1
4565	5850258
4566	-1
4567	-1
4568	-1
4569	5854822
4570	-1
4571	-1
4572	-1
4573	-1
4574	5859386
4575	-1
4576	-1
4577	-1
4578	5863950
4579	-1
4580	-1
4581	-1
4582	-1
4583	5868514
4584	-1
4585	-1
4586	-1
4587	5873078
4588	-1
4589	-1
4590	-1
4591	-1
4592	5877642
4593	-1
4594	-1
4595	-1
4596	5882206
4597	-1
4598	-1
4599	-1
4600	-1
4601	5886770
4602	-1
4603	-1
4604	-1
4605	-1
4606	5891334
4607	-1
4608	-1
4609	-1
4610	5895898
4611	-1
4612	-1
4613	-1
4614	-1
4615	5900462
4616	-1
4617	-1
4618	-1
4619	5905026
4620	-1
4621	-1
4622	-1
4623	-1
4624	5909590
4625	-1
4626	-1
4627	-1
4628	5914154
4629	-1
4630	-1
4631	-1
4632	-1
4633	5918718
4634	-1
4635	-1
4636	-1
4637	-1
4638	5923282
4639	-1
4640	-1
4641	-1
4642	5927846
4643	-1
4644	-1
4645	-1
4646	-1
4647	5932410
4648	-1
4649	-1
4650	-1
4651	5936974
4652	-1
4653	-1
4654	-1
4655	-1
4656	5941538
4657	-1
4658	-1
4659	-1
4660	5946102
4661	-1
4662	-1
4663	-1
4664	-1
4665	5950666
4666	-1
4667	-1
4668	-1
4669	-1
4670	5955230
4671	-1
4672	-1
4673	-1
4674	5959794
4675	-1
4676	-1
4677	-1
4678	-1
4679	5964358
4680	-1
4681	-1
4682	-1
4683	5968922
4684	-1
4685	-1
4686	-1
4687	-1
4688	5973486
4689	-1
4690	-1
4691	-1
4692	5978050
4693	-1
4694	-1
4695	-1
4696	-1
4697	5982614
4698	-1
4699	-1
4700	-1
4701	5987178
4702	-1
4703	-1
4704	-1
4705	-1
4706	5991742
4707	-1
4708	-1
4709	-1
4710	-1
4711	5996306
4712	-1
4713	-1
4714	-1
4715	6000870
4716	-1
4717	-1
4718	-1
4719	-1
4720	6005434
4721	-1
4722	-1
4723	-1
4724	6009998
4725	-1
4726	-1
4727	-1
4728	-1
4729	6014562
4730	-1
4731	-1
4732	-1
4733	6019126
4734	-1
4735	-1
4736	-1
4737	-1
4738	6023690
4739	-1
4740	-1
4741	-1
4742	-1
4743	6028254
4744	-1
4745	-1
4746	-1
4747	6032818
4748	-1
4749	-1
4750	-1
4751	-1
4752	6037382
4753	-1
4754	-1
4755	-1
4756	6041946
4757	-1
4758	-1
4759	-1
4760	-1
4761	6046510
4762	-1
4763	-1
4764	-1
4765	6051074
4766	-1
4767	-1
4768	-1
4769	-1
4770	6055638
4771	-1
4772	-1
4773	-1
4774	6060202
4775	-1
4776	-1
4777	-1
4778	-1
4779	6064766
4780	-1
4781	-1
4782	-1
4783	-1
4784	6069330
4785	-1
4786	-1
4787	-1
4788	6073894
4789	-1
4790	-1
4791	-1
4792	-1
4793	6078458
4794	-1
4795	-1
4796	-1
4797	6083022
4798	-1
4799	-1
4800	-1
4801	-1
4802	6087586
4803	-1
4804	-1
4805	-1
4806	6092150
4807	-1
4808	-1
4809	-1
4810	-1
4811	6096714
4812	-1
4813	-1
4814	-1
4815	-1
4816	6101278
4817	-1
4818	-1
4819	-1
4820	6105842
4821	-1
4822	-1
4823	-1
4824	-1
4825	6110406
4826	-1
4827	-1
4828	-1
4829	6114970
4830	-1
4831	-1
4832	-1
4833	-1
4834	6119534
4835	-1
4836	-1
4837	-1
4838	6124098
4839	-1
4840	-1
4841	-1
4842	-1
4843	6128662
4844	-1
4845	-1
4846	-1
4847	-1
4848	6133226
4849	-1
4850	-1
4851	-1
4852	6137790
4853	-1
4854	-1
4855	-1
4856	-1
4857	6142354
4858	-1
4859	-1
4860	-1
4861	6146918
4862	-1
4863	-1
4864	-1
4865	-1
4866	6151482
4867	-1
4868	-1
4869	-1
4870	6156046
4871	-1
4872	-1
4873	-1
4874	-1
4875	6160610
4876	-1
4877	-1
4878	-1
4879	6165174
4880	-1
4881	-1
4882	-1
4883	-1
4884	6169738
4885	-1
4886	-1
4887	-1
4888	-1
4889	6174302
4890	-1
4891	-1
4892	-1
4893	6178866
4894	-1
4895	-1
4896	-1
4897	-1
4898	6183430
4899	-1
4900	-1
4901	-1
4902	6187994
4903	-1
4904	-1
4905	-1
4906	-1
4907	6192558
4908	-1
4909	-1
4910	-1
4911	6197122
4912	-1
4913	-1
4914	-1
4915	-1
4916	6201686
4917	-1
4918	-1
4919	-1
4920	-1
4921	6206250
4922	-1
4923	-1
4924	-1
4925	6210814
4926	-1
4927	-1
4928	-1
4929	-1
4930	6215378
4931	-1
4932	-1
4933	-1
4934	6219942
4935	-1
4936	-1
4937	-1
4938	-1
4939	6224506
4940	-1
4941	-1
4942	-1
4943	6229070
4944	-1
4945	-1
4946	-1
4947	-1
4948	6233634
4949	-1
4950	-1
4951	-1
4952	6238198
4953	-1
4954	-1
4955	-1
4956	-1
4957	6242762
4958	-1
4959	-1
4960	-1
4961	-1
4962	6247326
4963	-1
4964	-1
4965	-1
4966	6251890
4967	-1
4968	-1
4969	-1
4970	-1
4971	6256454
4972	-1
4973	-1
4974	-1
4975	6261018
4976	-1
4977	-1
4978	-1
4979	-1
4980	6265582
4981	-1
4982	-1
4983	-1
4984	6270146
4985	-1
4986	-1
4987	-1
4988	-1
4989	6274710
4990	-1
4991	-1
4992	-1
4993	-1
4994	6279274
4995	-1
4996	-1
4997	-1
4998	6283838
4999	-1
5000	-1
5001	-1
5002	-1
5003	6288402
5004	-1
5005	-1
5006	-1
5007	6292966
5008	-1
5009	-1
5010	-1
5011	-1
5012	6297530
5013	-1
5014	-1
5015	-1
5016	6302094
5017	-1
5018	-1
5019	-1
5020	-1
5021	6306658
5022	-1
5023	-1
5024	-1
5025	-1
5026	6311222
5027	-1
5028	-1
5029	-1
5030	6315786
5031	-1
5032	-1
5033	-1
5034	-1
5035	6320350
5036	-1
5037	-1
5038	-1
5039	6324914
5040	-1
5041	-1
5042	-1
5043	-1
5044	6329478
5045	-1
5046	-1
5047	-1
5048	6334042
5049	-1
5050	-1
5051	-1
5052	-1
5053	6338606
5054	-1
5055	-1
5056	-1
5057	6343170
5058	-1
5059	-1
5060	-1
5061	-1
5062	6347734
5063	-1
5064	-1
5065	-1
5066	-1
5067	6352298
5068	-1
5069	-1
5070	-1
5071	6356862
5072	-1
5073	-1
5074	-1
5075	-1
5076	6361426
5077	-1
5078	-1
5079	-1
5080	6365990
5081	-1
5082	-1
5083	-1
5084	-1
5085	6370554
5086	-1
5087	-1
5088	-1
5089	6375118
5090	-1
5091	-1
5092	-1
5093	-1
5094	6379682
5095	-1
5096	-1
5097	-1
5098	-1
5099	6384246
5100	-1
5101	-1
5102	-1
5103	6388810
5104	-1
5105	-1
5106	-1
5107	-1
5108	6393374
5109	-1
5110	-1
5111	-1
5112	6397938
5113	-1
5114	-1
5115	-1
5116	-1
5117	6402502
5118	-1
5119	-1
5120	-1
5121	6407066
5122	-1
5123	-1
5124	-1
5125	-1
5126	6411630
5127	-1
5128	-1
5129	-1
5130	6416194
5131	-1
5132	-1
5133	-1
5134	-1
5135	6420758
5136	-1
5137	-1
5138	-1
5139	-1
5140	6425322
5141	-1
5142	-1
5143	-1
5144	6429886
5145	-1
5146	-1
5147	-1
5148	-1
5149	6434450
5150	-1
5151	-1
5152	-1
5153	6439014
5154	-1
5155	-1
5156	-1
5157	-1
5158	6443578
5159	-1
5160	-1
5161	-1
5162	6448142
5163	-1
5164	-1
5165	-1
5166	-1
5167	6452706
5168	-1
5169	-1
5170	-1
5171	-1
5172	6457270
5173	-1
5174	-1
5175	-1
5176	6461834
5177	-1
5178	-1
5179	-1
5180	-1
5181	6466398
5182	-1
5183	-1
5184	-1
5185	6470962
5186	-1
5187	-1
5188	-1
5189	-1
5190	6475526
5191	-1
5192	-1
5193	-1
5194	6480090
5195	-1
5196	-1
5197	-1
5198	-1
5199	6484654
5200	-1
5201	-1
5202	-1
5203	-1
5204	6489218
5205	-1
5206	-1
5207	-1
5208	6493782
5209	-1
5210	-1
5211	-1
5212	-1
5213	6498346
5214	-1
5215	-1
5216	-1
5217	6502910
5218	-1
5219	-1
5220	-1
5221	-1
5222	6507474
5223	-1
5224	-1
5225	-1
5226	6512038
5227	-1
5228	-1
5229	-1
5230	-1
5231	6516602
5232	-1
5233	-1
5234	-1
5235	6521166
5236	-1
5237	-1
5238	-1
5239	-1
5240	6525730
5241	-1
5242	-1
5243	-1
5244	-1
5245	6530294
5246	-1
5247	-1
5248	-1
5249	6534858
5250	-1
5251	-1
5252	-1
5253	-1
5254	6539422
5255	-1
5256	-1
5257	-1
5258	6543986
5259	-1
5260	-1
5261	-1
5262	-1
5263	6548550
5264	-1
5265	-1
5266	-1
5267	6553114
5268	-1
5269	-1
5270	-1
5271	-1
5272	6557678
5273	-1
5274	-1
5275	-1
5276	-1
5277	6562242
5278	-1
5279	-1
5280	-1
5281	6566806
5282	-1
5283	-1
5284	-1
5285	-1
5286	6571370
5287	-1
5288	-1
5289	-1
5290	6575934
5291	-1
5292	-1
5293	-1
5294	-1
5295	6580498
5296	-1
5297	-1
5298	-1
5299	6585062
5300	-1
5301	-1
5302	-1
5303	-1
5304	6589626
5305	-1
5306	-1
5307	-1
5308	6594190
5309	-1
5310	-1
5311	-1
5312	-1
5313	6598754
5314	-1
5315	-1
5316	-1
5317	-1
5318	6603318
5319	-1
5320	-1
5321	-1
5322	6607882
5323	-1
5324	-1
5325	-1
5326	-1
5327	6612446
5328	-1
5329	-1
5330	-1
5331	6617010
5332	-1
5333	-1
5334	-1
5335	-1
5336	6621574
5337	-1
5338	-1
5339	-1
5340	6626138
5341	-1
5342	-1
5343	-1
5344	-1
5345	6630702
5346	-1
5347	-1
5348	-1
5349	-1
5350	6635266
5351	-1
5352	-1
5353	-1
5354	6639830
5355	-1
5356	-1
5357	-1
5358	-1
5359	6644394
5360	-1
5361	-1
5362	-1
5363	6648958
5364	-1
5365	-1
5366	-1
5367	-1
5368	6653522
5369	-1
5370	-1
5371	-1
5372	6658086
5373	-1
5374	-1
5375	-1
5376	-1
5377	6662650
5378	-1
5379	-1
5380	-1
5381	-1
5382	6667214
5383	-1
5384	-1
5385	-1
5386	6671778
5387	-1
5388	-1
5389	-1
5390	-1
5391	6676342
5392	-1
5393	-1
5394	-1
5395	6680906
5396	-1
5397	-1
5398	-1
5399	-1
5400	6685470
5401	-1
5402	-1
5403	-1
5404	6690034
5405	-1
5406	-1
5407	-1
5408	-1
5409	6694598
5410	-1
5411	-1
5412	-1
5413	6699162
5414	-1
5415	-1
5416	-1
5417	-1
5418	6703726
5419	-1
5420	-1
5421	-1
5422	-1
5423	6708290
5424	-1
5425	-1
5426	-1
5427	6712854
5428	-1
5429	-1
5430	-1
5431	-1
5432	6717418
5433	-1
5434	-1
5435	-1
5436	6721982
5437	-1
5438	-1
5439	-1
5440	-1
5441	6726546
5442	-1
5443	-1
5444	-1
5445	6731110
5446	-1
5447	-1
5448	-1
5449	-1
5450	6735674
5451	-1
5452	-1
5453	-1
5454	-1
5455	6740238
5456	-1
5457	-1
5458	-1
5459	6744802
5460	-1
5461	-1
5462	-1
5463	-1
5464	6749366
5465	-1
5466	-1
5467	-1
5468	6753930
5469	-1
5470	-1
5471	-1
5472	-1
5473	6758494
5474	-1
5475	-1
5476	-1
5477	6763058
5478	-1
5479	-1
5480	-1
5481	-1
5482	6767622
5483	-1
5484	-1
5485	-1
5486	6772186
5487	-1
5488	-1
5489	-1
5490	-1
5491	6776750
5492	-1
5493	-1
5494	-1
5495	-1
5496	6781314
5497	-1
5498	-1
5499	-1
5500	6785878
5501	-1
5502	-1
5503	-1
5504	-1
5505	6790442
5506	-1
5507	-1
5508	-1
5509	6795006
5510	-1
5511	-1
5512	-1
5513	-1
5514	6799570
5515	-1
5516	-1
5517	-1
5518	6804134
5519	-1
5520	-1
5521	-1
5522	-1
5523	6808698
5524	-1
5525	-1
5526	-1
5527	-1
5528	6813262
5529	-1
5530	-1
5531	-1
5532	6817826
5533	-1
5534	-1
5535	-1
5536	-1
5537	6822390
5538	-1
5539	-1
5540	-1
5541	6826954
5542	-1
5543	-1
5544	-1
5545	-1
5546	6831518
5547	-1
5548	-1
5549	-1
5550	6836082
5551	-1
5552	-1
5553	-1
5554	-1
5555	6840646
5556	-1
5557	-1
5558	-1
5559	6845210
5560	-1
5561	-1
5562	-1
5563	-1
5564	6849774
5565	-1
5566	-1
5567	-1
5568	-1
5569	6854338
5570	-1
5571	-1
5572	-1
5573	6858902
5574	-1
5575	-1
5576	-1
5577	-1
5578	6863466
5579	-1
5580	-1
5581	-1
5582	6868030
5583	-1
5584	-1
5585	-1
5586	-1
5587	6872594
5588	-1
5589	-1
5590	-1
5591	6877158
5592	-1
5593	-1
5594	-1
5595	-1
5596	6881722
5597	-1
5598	-1
5599	-1
5600	-1
5601	6886286
5602	-1
5603	-1
5604	-1
5605	6890850
5606	-1
5607	-1
5608	-1
5609	-1
5610	6895414
5611	-1
5612	-1
5613	-1
5614	6899978
5615	-1
5616	-1
5617	-1
5618	-1
5619	6904542
5620	-1
5621	-1
5622	-1
5623	6909106
5624	-1
5625	-1
5626	-1
5627	-1
5628	6913670
5629	-1
5630	-1
5631	-1
5632	-1
5633	6918234
5634	-1
5635	-1
5636	-1
5637	6922798
5638	-1
5639	-1
5640	-1
5641	-1
5642	6927362
5643	-1
5644	-1
5645	-1
5646	6931926
5647	-1
5648	-1
5649	-1
5650	-1
5651	6936490
5652	-1
5653	-1
5654	-1
5655	6941054
5656	-1
5657	-1
5658	-1
5659	-1
5660	6945618
5661	-1
5662	-1
5663	-1
5664	6950182
5665	-1
5666	-1
5667	-1
5668	-1
5669	6954746
5670	-1
5671	-1
5672	-1
5673	-1
5674	6959310
5675	-1
5676	-1
5677	-1
5678	6963874
5679	-1
5680	-1
5681	-1
5682	-1
5683	6968438
5684	-1
5685	-1
5686	-1
5687	6973002
5688	-1
5689	-1
5690	-1
5691	-1
5692	6977566
5693	-1
5694	-1
5695	-1
5696	6982130
5697	-1
5698	-1
5699	-1
5700	-1
5701	6986694
5702	-1
5703	-1
5704	-1
5705	-1
5706	6991258
5707	-1
5708	-1
5709	-1
5710	6995822
5711	-1
5712	-1
5713	-1
5714	-1
5715	7000386
5716	-1
5717	-1
5718	-1
5719	7004950
5720	-1
5721	-1
5722	-1
5723	-1
5724	7009514
5725	-1
5726	-1
5727	-1
5728	7014078
5729	-1
5730	-1
5731	-1
5732	-1
5733	7018642
5734	-1
5735	-1
5736	-1
5737	7023206
5738	-1
5739	-1
5740	-1
5741	-1
5742	7027770
5743	-1
5744	-1
5745	-1
5746	-1
5747	7032334
5748	-1
5749	-1
5750	-1
5751	7036898
5752	-1
5753	-1
5754	-1
5755	-1
5756	7041462
5757	-1
5758	-1
5759	-1
5760	7046026
5761	-1
5762	-1
5763	-1
5764	-1
5765	7050590
5766	-1
5767	-1
5768	-1
5769	7055154
5770	-1
5771	-1
5772	-1
5773	-1
5774	7059718
5775	-1
5776	-1
5777	-1
5778	-1
5779	7064282
5780	-1
5781	-1
5782	-1
5783	7068846
5784	-1
5785	-1
5786	-1
5787	-1
5788	7073410
5789	-1
5790	-1
5791	-1
5792	7077974
5793	-1
5794	-1
5795	-1
5796	-1
5797	7082538
5798	-1
5799	-1
5800	-1
5801	7087102
5802	-1
5803	-1
5804	-1
5805	-1
5806	7091666
5807	-1
5808	-1
5809	-1
5810	-1
5811	7096230
5812	-1
5813	-1
5814	-1
5815	7100794
5816	-1
5817	-1
5818	-1
5819	-1
5820	7105358
5821	-1
5822	-1
5823	-1
5824	7109922
5825	-1
5826	-1
5827	-1
5828	-1
5829	7114486
5830	-1
5831	-1
5832	-1
5833	7119050
5834	-1
5835	-1
5836	-1
5837	-1
5838	7123614
5839	-1
5840	-1
5841	-1
5842	7128178
5843	-1
5844	-1
5845	-1
5846	-1
5847	7132742
5848	-1
5849	-1
5850	-1
5851	-1
5852	7137306
5853	-1
5854	-1
5855	-1
5856	7141870
5857	-1
5858	-1
5859	-1
5860	-1
5861	7146434
5862	-1
5863	-1
5864	-1
5865	7150998
5866	-1
5867	-1
5868	-1
5869	-1
5870	7155562
5871	-1
5872	-1
5873	-1
5874	7160126
5875	-1
5876	-1
5877	-1
5878	-1
5879	7164690
5880	-1
5881	-1
5882	-1
5883	-1
5884	7169254
5885	-1
5886	-1
5887	-1
5888	7173818
5889	-1
5890	-1
5891	-1
5892	-1
5893	7178382
5894	-1
5895	-1
5896	-1
5897	7182946
5898	-1
5899	-1
5900	-1
5901	-1
5902	7187510
5903	-1
5904	-1
5905	-1
5906	7192074
5907	-1
5908	-1
5909	-1
5910	-1
5911	7196638
5912	-1
5913	-1
5914	-1
5915	7201202
5916	-1
5917	-1
5918	-1
5919	-1
5920	7205766
5921	-1
5922	-1
5923	-1
5924	-1
5925	7210330
5926	-1
5927	-1
5928	-1
5929	7214894
5930	-1
5931	-1
5932	-1
5933	-1
5934	7219458
5935	-1
5936	-1
5937	-1
5938	7224022
5939	-1
5940	-1
5941	-1
5942	-1
5943	7228586
5944	-1
5945	-1
5946	-1
5947	7233150
5948	-1
5949	-1
5950	-1
5951	-1
5952	7237714
5953	-1
5954	-1
5955	-1
5956	-1
5957	7242278
5958	-1
5959	-1
5960	-1
5961	7246842
5962	-1
5963	-1
5964	-1
5965	-1
5966	7251406
5967	-1
5968	-1
5969	-1
5970	7255970
5971	-1
5972	-1
5973	-1
5974	-1
5975	7260534
5976	-1
5977	-1
5978	-1
5979	7265098
5980	-1
5981	-1
5982	-1
5983	-1
5984	7269662
5985	-1
5986	-1
5987	-1
5988	-1
5989	7274226
5990	-1
5991	-1
5992	-1
5993	7278790
5994	-1
5995	-1
5996	-1
5997	-1
5998	7283354
5999	-1
