0	1008066
1	1009036
2	1010036
3	1011036
4	1012032
5	1013036
6	1014036
7	1015036
8	1016036
9	1017032
10	1018032
11	1019036
12	1020036
13	1021032
14	1022032
15	1023036
16	1024036
17	1025028
18	1026036
19	1027036
20	1028036
21	1029036
22	1030036
23	1031036
24	1032032
25	1033032
26	1034032
27	1035036
28	1036032
29	1037032
30	1038032
31	1039036
32	1040032
33	1041036
34	1042036
35	1043036
36	1044036
37	1045036
38	1046036
39	1047036
40	1048036
41	1049032
42	1050036
43	1051036
44	1052032
45	1053032
46	1054036
47	1055036
48	1056032
49	1057032
50	1058036
51	1059036
52	1060036
53	1061036
54	1062036
55	1063036
56	1064036
57	1065032
58	1066036
59	1067036
60	1068032
61	1069036
62	1070036
63	1071032
64	1072032
65	1073036
66	1074036
67	1075036
68	1076036
69	1077036
70	1078036
71	1079036
72	1080036
73	1081036
74	1082036
75	1083036
76	1084032
77	1085036
78	1086036
79	1087036
80	1088032
81	1089036
82	1090032
83	1091036
84	1092028
85	1093036
86	1094036
87	1095036
88	1096036
89	1097036
90	1098036
91	1099036
92	1100036
93	1101036
94	1102032
95	1103036
96	1104036
97	1105036
98	1106032
99	1107036
100	1108036
101	1109036
102	1110036
103	1111036
104	1112036
105	1113036
106	1114036
107	1115036
108	1116036
109	1117036
110	1118032
111	1119036
112	1120036
113	1121032
114	1122032
115	1123036
116	1124036
117	1125036
118	1126036
119	1127036
120	1128036
121	1129036
122	1130036
123	1131036
124	1132036
125	1133032
126	1134032
127	1135036
128	1136036
129	1137032
130	1138032
131	1139036
132	1140036
133	1141032
134	1142036
135	1143036
136	1144036
137	1145036
138	1146036
139	1147036
140	1148036
141	1149032
142	1150032
143	1151036
144	1152036
145	1153036
146	1154036
147	1155036
148	1156036
149	1157036
150	1158036
151	1159036
152	1160036
153	1161036
154	1162036
155	1163036
156	1164036
157	1165036
158	1166036
159	1167036
160	1168036
161	1169036
162	1170036
163	1171036
164	1172036
165	1173036
166	1174036
167	1175036
168	1176036
169	1177036
170	1178036
171	1179036
172	1180036
173	1181036
174	1182036
175	1183036
176	1184036
177	1185036
178	1186036
179	1187036
180	1188036
181	1189036
182	1190036
183	1191036
184	1192036
185	1193036
186	1194036
187	1195036
188	1196036
189	1197036
190	1198036
191	1199036
192	1200036
193	1201036
194	1202036
195	1203036
196	1204036
197	1205036
198	1206036
199	1207036
200	1208036
201	1209036
202	1210036
203	1211036
204	1212036
205	1213036
206	1214036
207	1215036
208	1216036
209	1217036
210	1218036
211	1219036
212	1220036
213	1221036
214	1222036
215	1223036
216	1224036
217	1225036
218	1226036
219	1227036
220	1228036
221	1229036
222	1230036
223	1231036
224	1232036
225	1233036
226	1234036
227	1235036
228	1236036
229	1237036
230	1238036
231	1239036
232	1240036
233	1241036
234	1242036
235	1243036
236	1244036
237	1245036
238	1246036
239	1247036
240	1248036
241	1249036
242	1250036
243	1251036
244	1252036
245	1253036
246	1254036
247	1255036
248	1256036
249	1257036
250	1258036
251	1259036
252	1260036
253	1261036
254	1262036
255	1263036
256	1264040
257	1265040
258	1266040
259	1267040
260	1268036
261	1269040
262	1270040
263	1271040
264	1272040
265	1273040
266	1274040
267	1275040
268	1276040
269	1277040
270	1278040
271	1279040
272	1280040
273	1281032
274	1282040
275	1283040
276	1284040
277	1285040
278	1286040
279	1287040
280	1288040
281	1289040
282	1290040
283	1291040
284	1292040
285	1293040
286	1294040
287	1295040
288	1296040
289	1297040
290	1298040
291	1299040
292	1300040
293	1301040
294	1302040
295	1303040
296	1304040
297	1305040
298	1306040
299	1307040
300	1308040
301	1309040
302	1310040
303	1311040
304	1312040
305	1313040
306	1314040
307	1315040
308	1316040
309	1317040
310	1318040
311	1319040
312	1320040
313	1321040
314	1322040
315	1323040
316	1324040
317	1325040
318	1326040
319	1327040
320	1328040
321	1329040
322	1330040
323	1331040
324	1332040
325	1333040
326	1334040
327	1335040
328	1336040
329	1337040
330	1338040
331	1339040
332	1340040
333	1341040
334	1342040
335	1343040
336	1344040
337	1345040
338	1346040
339	1347040
340	1348036
341	1349040
342	1350040
343	1351040
344	1352040
345	1353040
346	1354040
347	1355040
348	1356040
349	1357040
350	1358040
351	1359040
352	1360040
353	1361040
354	1362040
355	1363040
356	1364040
357	1365040
358	1366040
359	1367040
360	1368040
361	1369040
362	1370040
363	1371040
364	1372040
365	1373040
366	1374040
367	1375040
368	1376040
369	1377040
370	1378040
371	1379040
372	1380040
373	1381040
374	1382040
375	1383040
376	1384040
377	1385040
378	1386040
379	1387040
380	1388040
381	1389040
382	1390040
383	1391040
384	1392040
385	1393040
386	1394040
387	1395040
388	1396040
389	1397040
390	1398040
391	1399040
392	1400040
393	1401040
394	1402040
395	1403040
396	1404040
397	1405040
398	1406040
399	1407040
400	1408040
401	1409040
402	1410040
403	1411040
404	1412040
405	1413040
406	1414040
407	1415040
408	1416040
409	1417040
410	1418040
411	1419040
412	1420040
413	1421040
414	1422040
415	1423040
416	1424040
417	1425040
418	1426040
419	1427040
420	1428040
421	1429040
422	1430040
423	1431040
424	1432040
425	1433040
426	1434040
427	1435040
428	1436040
429	1437040
430	1438040
431	1439040
432	1440040
433	1441040
434	1442040
435	1443040
436	1444040
437	1445040
438	1446040
439	1447040
440	1448040
441	1449040
442	1450040
443	1451040
444	1452040
445	1453040
446	1454040
447	1455040
448	1456040
449	1457040
450	1458040
451	1459040
452	1460040
453	1461040
454	1462040
455	1463040
456	1464040
457	1465040
458	1466040
459	1467040
460	1468040
461	1469040
462	1470040
463	1471040
464	1472040
465	1473040
466	1474040
467	1475040
468	1476040
469	1477040
470	1478040
471	1479040
472	1480040
473	1481040
474	1482040
475	1483040
476	1484040
477	1485040
478	1486040
479	1487040
480	1488040
481	1489040
482	1490040
483	1491040
484	1492040
485	1493040
486	1494040
487	1495040
488	1496040
489	1497040
490	1498040
491	1499040
492	1500040
493	1501040
494	1502040
495	1503040
496	1504040
497	1505040
498	1506040
499	1507040
500	1508040
501	1509040
502	1510040
503	1511040
504	1512040
505	1513040
506	1514040
507	1515040
508	1516040
509	1517040
510	1518040
511	1519040
512	1520040
513	1521040
514	1522040
515	1523040
516	1524036
517	1525040
518	1526040
519	1527040
520	1528040
521	1529040
522	1530040
523	1531040
524	1532040
525	1533040
526	1534040
527	1535040
528	1536040
529	1537032
530	1538040
531	1539040
532	1540040
533	1541040
534	1542040
535	1543040
536	1544040
537	1545040
538	1546040
539	1547040
540	1548040
541	1549040
542	1550040
543	1551040
544	1552040
545	1553040
546	1554040
547	1555040
548	1556040
549	1557040
550	1558040
551	1559040
552	1560040
553	1561040
554	1562040
555	1563040
556	1564040
557	1565040
558	1566040
559	1567040
560	1568040
561	1569040
562	1570040
563	1571040
564	1572040
565	1573040
566	1574040
567	1575040
568	1576040
569	1577040
570	1578040
571	1579040
572	1580040
573	1581040
574	1582040
575	1583040
576	1584040
577	1585040
578	1586040
579	1587040
580	1588040
581	1589040
582	1590040
583	1591040
584	1592040
585	1593040
586	1594040
587	1595040
588	1596040
589	1597040
590	1598040
591	1599040
592	1600040
593	1601040
594	1602040
595	1603040
596	1604036
597	1605040
598	1606040
599	1607040
600	1608040
601	1609040
602	1610040
603	1611040
604	1612040
605	1613040
606	1614040
607	1615040
608	1616040
609	1617040
610	1618040
611	1619040
612	1620040
613	1621040
614	1622040
615	1623040
616	1624040
617	1625040
618	1626040
619	1627040
620	1628040
621	1629040
622	1630040
623	1631040
624	1632040
625	1633040
626	1634040
627	1635040
628	1636040
629	1637040
630	1638040
631	1639040
632	1640040
633	1641040
634	1642040
635	1643040
636	1644040
637	1645040
638	1646040
639	1647040
640	1648040
641	1649040
642	1650040
643	1651040
644	1652040
645	1653040
646	1654040
647	1655040
648	1656040
649	1657040
650	1658040
651	1659040
652	1660040
653	1661040
654	1662040
655	1663040
656	1664040
657	1665040
658	1666040
659	1667040
660	1668040
661	1669040
662	1670040
663	1671040
664	1672040
665	1673040
666	1674040
667	1675040
668	1676040
669	1677040
670	1678040
671	1679040
672	1680040
673	1681040
674	1682040
675	1683040
676	1684040
677	1685040
678	1686040
679	1687040
680	1688040
681	1689040
682	1690040
683	1691040
684	1692040
685	1693040
686	1694040
687	1695040
688	1696040
689	1697040
690	1698040
691	1699040
692	1700040
693	1701040
694	1702040
695	1703040
696	1704040
697	1705040
698	1706040
699	1707040
700	1708040
701	1709040
702	1710040
703	1711040
704	1712040
705	1713040
706	1714040
707	1715040
708	1716040
709	1717040
710	1718040
711	1719040
712	1720040
713	1721040
714	1722040
715	1723040
716	1724040
717	1725040
718	1726040
719	1727040
720	1728040
721	1729040
722	1730040
723	1731040
724	1732040
725	1733040
726	1734040
727	1735040
728	1736040
729	1737040
730	1738040
731	1739040
732	1740040
733	1741040
734	1742040
735	1743040
736	1744040
737	1745040
738	1746040
739	1747040
740	1748040
741	1749040
742	1750040
743	1751040
744	1752040
745	1753040
746	1754040
747	1755040
748	1756040
749	1757040
750	1758040
751	1759040
752	1760040
753	1761040
754	1762040
755	1763040
756	1764040
757	1765040
758	1766040
759	1767040
760	1768040
761	1769040
762	1770040
763	1771040
764	1772040
765	1773040
766	1774040
767	1775040
768	1776040
769	1777040
770	1778040
771	1779040
772	1780040
773	1781040
774	1782040
775	1783040
776	1784040
777	1785040
778	1786040
779	1787040
780	1788040
781	1789040
782	1790040
783	1791040
784	1792040
785	1793032
786	1794040
787	1795040
788	1796040
789	1797040
790	1798040
791	1799040
792	1800040
793	1801040
794	1802040
795	1803040
796	1804040
797	1805040
798	1806040
799	1807040
800	1808040
801	1809040
802	1810040
803	1811040
804	1812040
805	1813040
806	1814040
807	1815040
808	1816040
809	1817040
810	1818040
811	1819040
812	1820040
813	1821040
814	1822040
815	1823040
816	1824040
817	1825040
818	1826040
819	1827040
820	1828040
821	1829040
822	1830040
823	1831040
824	1832040
825	1833040
826	1834040
827	1835040
828	1836040
829	1837040
830	1838040
831	1839040
832	1840040
833	1841040
834	1842040
835	1843040
836	1844040
837	1845040
838	1846040
839	1847040
840	1848040
841	1849040
842	1850040
843	1851040
844	1852040
845	1853040
846	1854040
847	1855040
848	1856040
849	1857040
850	1858040
851	1859040
852	1860036
853	1861040
854	1862040
855	1863040
856	1864040
857	1865040
858	1866040
859	1867040
860	1868040
861	1869040
862	1870040
863	1871040
864	1872040
865	1873040
866	1874040
867	1875040
868	1876040
869	1877040
870	1878040
871	1879040
872	1880040
873	1881040
874	1882040
875	1883040
876	1884040
877	1885040
878	1886040
879	1887040
880	1888040
881	1889040
882	1890040
883	1891040
884	1892040
885	1893040
886	1894040
887	1895040
888	1896040
889	1897040
890	1898040
891	1899040
892	1900040
893	1901040
894	1902040
895	1903040
896	1904040
897	1905040
898	1906040
899	1907040
900	1908040
901	1909040
902	1910040
903	1911040
904	1912040
905	1913040
906	1914040
907	1915040
908	1916040
909	1917040
910	1918040
911	1919040
912	1920040
913	1921040
914	1922040
915	1923040
916	1924040
917	1925040
918	1926040
919	1927040
920	1928040
921	1929040
922	1930040
923	1931040
924	1932040
925	1933040
926	1934040
927	1935040
928	1936040
929	1937040
930	1938040
931	1939040
932	1940040
933	1941040
934	1942040
935	1943040
936	1944040
937	1945040
938	1946040
939	1947040
940	1948040
941	1949040
942	1950040
943	1951040
944	1952040
945	1953040
946	1954040
947	1955040
948	1956040
949	1957040
950	1958040
951	1959040
952	1960040
953	1961040
954	1962040
955	1963040
956	1964040
957	1965040
958	1966040
959	1967040
960	1968040
961	1969040
962	1970040
963	1971040
964	1972040
965	1973040
966	1974040
967	1975040
968	1976040
969	1977040
970	1978040
971	1979040
972	1980040
973	1981040
974	1982040
975	1983040
976	1984040
977	1985040
978	1986040
979	1987040
980	1988040
981	1989040
982	1990040
983	1991040
984	1992040
985	1993040
986	1994040
987	1995040
988	1996040
989	1997040
990	1998040
991	1999040
992	2000040
993	2001040
994	2002040
995	2003040
996	2004040
997	2005040
998	2006040
999	2007040
1000	2008040
1001	2009040
1002	2010040
1003	2011040
1004	2012040
1005	2013040
1006	2014040
1007	2015040
1008	2016040
1009	2017040
1010	2018040
1011	2019040
1012	2020040
1013	2021040
1014	2022040
1015	2023040
1016	2024040
1017	2025040
1018	2026040
1019	2027040
1020	2028040
1021	2029040
1022	2030040
1023	2031040
1024	2032040
1025	2033040
1026	2034040
1027	2035040
1028	2036040
1029	2037040
1030	2038040
1031	2039040
1032	2040040
1033	2041040
1034	2042040
1035	2043040
1036	2044040
1037	2045040
1038	2046040
1039	2047040
1040	2048040
1041	2049032
1042	2050040
1043	2051040
1044	2052040
1045	2053040
1046	2054040
1047	2055040
1048	2056040
1049	2057040
1050	2058040
1051	2059040
1052	2060040
1053	2061040
1054	2062040
1055	2063040
1056	2064040
1057	2065040
1058	2066040
1059	2067040
1060	2068040
1061	2069040
1062	2070040
1063	2071040
1064	2072040
1065	2073040
1066	2074040
1067	2075040
1068	2076040
1069	2077040
1070	2078040
1071	2079040
1072	2080040
1073	2081040
1074	2082040
1075	2083040
1076	2084040
1077	2085040
1078	2086040
1079	2087040
1080	2088040
1081	2089040
1082	2090040
1083	2091040
1084	2092040
1085	2093040
1086	2094040
1087	2095040
1088	2096040
1089	2097040
1090	2098040
1091	2099040
1092	2100040
1093	2101040
1094	2102040
1095	2103040
1096	2104040
1097	2105040
1098	2106040
1099	2107040
1100	2108040
1101	2109040
1102	2110040
1103	2111040
1104	2112040
1105	2113040
1106	2114040
1107	2115040
1108	2116028
1109	2117040
1110	2118040
1111	2119040
1112	2120040
1113	2121040
1114	2122040
1115	2123040
1116	2124040
1117	2125040
1118	2126040
1119	2127040
1120	2128040
1121	2129040
1122	2130040
1123	2131040
1124	2132040
1125	2133040
1126	2134040
1127	2135040
1128	2136040
1129	2137040
1130	2138040
1131	2139040
1132	2140040
1133	2141040
1134	2142040
1135	2143040
1136	2144040
1137	2145040
1138	2146040
1139	2147040
1140	2148040
1141	2149040
1142	2150040
1143	2151040
1144	2152040
1145	2153040
1146	2154040
1147	2155040
1148	2156040
1149	2157040
1150	2158040
1151	2159040
1152	2160040
1153	2161040
1154	2162040
1155	2163040
1156	2164040
1157	2165040
1158	2166040
1159	2167040
1160	2168040
1161	2169040
1162	2170040
1163	2171040
1164	2172040
1165	2173040
1166	2174040
1167	2175040
1168	2176040
1169	2177040
1170	2178040
1171	2179040
1172	2180040
1173	2181040
1174	2182040
1175	2183040
1176	2184040
1177	2185040
1178	2186040
1179	2187040
1180	2188040
1181	2189040
1182	2190040
1183	2191040
1184	2192040
1185	2193040
1186	2194040
1187	2195040
1188	2196040
1189	2197040
1190	2198040
1191	2199040
1192	2200040
1193	2201040
1194	2202040
1195	2203040
1196	2204040
1197	2205040
1198	2206040
1199	2207040
1200	2208040
1201	2209040
1202	2210040
1203	2211040
1204	2212040
1205	2213040
1206	2214040
1207	2215040
1208	2216040
1209	2217040
1210	2218040
1211	2219040
1212	2220040
1213	2221040
1214	2222040
1215	2223040
1216	2224040
1217	2225040
1218	2226040
1219	2227040
1220	2228040
1221	2229040
1222	2230040
1223	2231040
1224	2232040
1225	2233040
1226	2234040
1227	2235040
1228	2236040
1229	2237040
1230	2238040
1231	2239040
1232	2240040
1233	2241040
1234	2242040
1235	2243040
1236	2244040
1237	2245040
1238	2246040
1239	2247040
1240	2248040
1241	2249040
1242	2250040
1243	2251040
1244	2252040
1245	2253040
1246	2254040
1247	2255040
1248	2256040
1249	2257040
1250	2258040
1251	2259040
1252	2260040
1253	2261040
1254	2262040
1255	2263040
1256	2264040
1257	2265040
1258	2266040
1259	2267040
1260	2268040
1261	2269040
1262	2270040
1263	2271040
1264	2272040
1265	2273040
1266	2274040
1267	2275040
1268	2276040
1269	2277040
1270	2278040
1271	2279040
1272	2280040
1273	2281040
1274	2282040
1275	2283040
1276	2284040
1277	2285040
1278	2286040
1279	2287040
1280	2288040
1281	2289040
1282	2290040
1283	2291040
1284	2292036
1285	2293040
1286	2294040
1287	2295040
1288	2296040
1289	2297040
1290	2298040
1291	2299040
1292	2300040
1293	2301040
1294	2302040
1295	2303040
1296	2304040
1297	2305032
1298	2306040
1299	2307040
1300	2308040
1301	2309040
1302	2310040
1303	2311040
1304	2312040
1305	2313040
1306	2314040
1307	2315040
1308	2316040
1309	2317040
1310	2318040
1311	2319040
1312	2320040
1313	2321040
1314	2322040
1315	2323040
1316	2324040
1317	2325040
1318	2326040
1319	2327040
1320	2328040
1321	2329040
1322	2330040
1323	2331040
1324	2332040
1325	2333040
1326	2334040
1327	2335040
1328	2336040
1329	2337040
1330	2338040
1331	2339040
1332	2340040
1333	2341040
1334	2342040
1335	2343040
1336	2344040
1337	2345040
1338	2346040
1339	2347040
1340	2348040
1341	2349040
1342	2350040
1343	2351040
1344	2352040
1345	2353040
1346	2354040
1347	2355040
1348	2356040
1349	2357040
1350	2358040
1351	2359040
1352	2360040
1353	2361040
1354	2362040
1355	2363040
1356	2364040
1357	2365040
1358	2366040
1359	2367040
1360	2368040
1361	2369040
1362	2370040
1363	2371040
1364	2372036
1365	2373040
1366	2374040
1367	2375040
1368	2376040
1369	2377040
1370	2378040
1371	2379040
1372	2380040
1373	2381040
1374	2382040
1375	2383040
1376	2384040
1377	2385040
1378	2386040
1379	2387040
1380	2388040
1381	2389040
1382	2390040
1383	2391040
1384	2392040
1385	2393040
1386	2394040
1387	2395040
1388	2396040
1389	2397040
1390	2398040
1391	2399040
1392	2400040
1393	2401040
1394	2402040
1395	2403040
1396	2404040
1397	2405040
1398	2406040
1399	2407040
1400	2408040
1401	2409040
1402	2410040
1403	2411040
1404	2412040
1405	2413040
1406	2414040
1407	2415040
1408	2416040
1409	2417040
1410	2418040
1411	2419040
1412	2420040
1413	2421040
1414	2422040
1415	2423040
1416	2424040
1417	2425040
1418	2426040
1419	2427040
1420	2428040
1421	2429040
1422	2430040
1423	2431040
1424	2432040
1425	2433040
1426	2434040
1427	2435040
1428	2436040
1429	2437040
1430	2438040
1431	2439040
1432	2440040
1433	2441040
1434	2442040
1435	2443040
1436	2444040
1437	2445040
1438	2446040
1439	2447040
1440	2448040
1441	2449040
1442	2450040
1443	2451040
1444	2452040
1445	2453040
1446	2454040
1447	2455040
1448	2456040
1449	2457040
1450	2458040
1451	2459040
1452	2460040
1453	2461040
1454	2462040
1455	2463040
1456	2464040
1457	2465040
1458	2466040
1459	2467040
1460	2468040
1461	2469040
1462	2470040
1463	2471040
1464	2472040
1465	2473040
1466	2474040
1467	2475040
1468	2476040
1469	2477040
1470	2478040
1471	2479040
1472	2480040
1473	2481040
1474	2482040
1475	2483040
1476	2484040
1477	2485040
1478	2486040
1479	2487040
1480	2488040
1481	2489040
1482	2490040
1483	2491040
1484	2492040
1485	2493040
1486	2494040
1487	2495040
1488	2496040
1489	2497040
1490	2498040
1491	2499040
1492	2500040
1493	2501040
1494	2502040
1495	2503040
1496	2504040
1497	2505040
1498	2506040
1499	2507040
1500	2508040
1501	2509040
1502	2510040
1503	2511040
1504	2512040
1505	2513040
1506	2514040
1507	2515040
1508	2516040
1509	2517040
1510	2518040
1511	2519040
1512	2520040
1513	2521040
1514	2522040
1515	2523040
1516	2524040
1517	2525040
1518	2526040
1519	2527040
1520	2528040
1521	2529040
1522	2530040
1523	2531040
1524	2532040
1525	2533040
1526	2534040
1527	2535040
1528	2536040
1529	2537040
1530	2538040
1531	2539040
1532	2540040
1533	2541040
1534	2542040
1535	2543040
1536	2544040
1537	2545040
1538	2546040
1539	2547040
1540	2548040
1541	2549040
1542	2550040
1543	2551040
1544	2552040
1545	2553040
1546	2554040
1547	2555040
1548	2556040
1549	2557040
1550	2558040
1551	2559040
1552	2560040
1553	2561032
1554	2562040
1555	2563040
1556	2564040
1557	2565040
1558	2566040
1559	2567040
1560	2568040
1561	2569040
1562	2570040
1563	2571040
1564	2572040
1565	2573040
1566	2574040
1567	2575040
1568	2576040
1569	2577040
1570	2578040
1571	2579040
1572	2580040
1573	2581040
1574	2582040
1575	2583040
1576	2584040
1577	2585040
1578	2586040
1579	2587040
1580	2588040
1581	2589040
1582	2590040
1583	2591040
1584	2592040
1585	2593040
1586	2594040
1587	2595040
1588	2596040
1589	2597040
1590	2598040
1591	2599040
1592	2600040
1593	2601040
1594	2602040
1595	2603040
1596	2604040
1597	2605040
1598	2606040
1599	2607040
1600	2608040
1601	2609040
1602	2610040
1603	2611040
1604	2612040
1605	2613040
1606	2614040
1607	2615040
1608	2616040
1609	2617040
1610	2618040
1611	2619040
1612	2620040
1613	2621040
1614	2622040
1615	2623040
1616	2624040
1617	2625040
1618	2626040
1619	2627040
1620	2628036
1621	2629040
1622	2630040
1623	2631040
1624	2632040
1625	2633040
1626	2634040
1627	2635040
1628	2636040
1629	2637040
1630	2638040
1631	2639040
1632	2640040
1633	2641040
1634	2642040
1635	2643040
1636	2644040
1637	2645040
1638	2646040
1639	2647040
1640	2648040
1641	2649040
1642	2650040
1643	2651040
1644	2652040
1645	2653040
1646	2654040
1647	2655040
1648	2656040
1649	2657040
1650	2658040
1651	2659040
1652	2660040
1653	2661040
1654	2662040
1655	2663040
1656	2664040
1657	2665040
1658	2666040
1659	2667040
1660	2668040
1661	2669040
1662	2670040
1663	2671040
1664	2672040
1665	2673040
1666	2674040
1667	2675040
1668	2676040
1669	2677040
1670	2678040
1671	2679040
1672	2680040
1673	2681040
1674	2682040
1675	2683040
1676	2684040
1677	2685040
1678	2686040
1679	2687040
1680	2688040
1681	2689040
1682	2690040
1683	2691040
1684	2692040
1685	2693040
1686	2694040
1687	2695040
1688	2696040
1689	2697040
1690	2698040
1691	2699040
1692	2700040
1693	2701040
1694	2702040
1695	2703040
1696	2704040
1697	2705040
1698	2706040
1699	2707040
1700	2708040
1701	2709040
1702	2710040
1703	2711040
1704	2712040
1705	2713040
1706	2714040
1707	2715040
1708	2716040
1709	2717040
1710	2718040
1711	2719040
1712	2720040
1713	2721040
1714	2722040
1715	2723040
1716	2724040
1717	2725040
1718	2726040
1719	2727040
1720	2728040
1721	2729040
1722	2730040
1723	2731040
1724	2732040
1725	2733040
1726	2734040
1727	2735040
1728	2736040
1729	2737040
1730	2738040
1731	2739040
1732	2740040
1733	2741040
1734	2742040
1735	2743040
1736	2744040
1737	2745040
1738	2746040
1739	2747040
1740	2748040
1741	2749040
1742	2750040
1743	2751040
1744	2752040
1745	2753040
1746	2754040
1747	2755040
1748	2756040
1749	2757040
1750	2758040
1751	2759040
1752	2760040
1753	2761040
1754	2762040
1755	2763040
1756	2764040
1757	2765040
1758	2766040
1759	2767040
1760	2768040
1761	2769040
1762	2770040
1763	2771040
1764	2772040
1765	2773040
1766	2774040
1767	2775040
1768	2776040
1769	2777040
1770	2778040
1771	2779040
1772	2780040
1773	2781040
1774	2782040
1775	2783040
1776	2784040
1777	2785040
1778	2786040
1779	2787040
1780	2788040
1781	2789040
1782	2790040
1783	2791040
1784	2792040
1785	2793040
1786	2794040
1787	2795040
1788	2796040
1789	2797040
1790	2798040
1791	2799040
1792	2800040
1793	2801040
1794	2802040
1795	2803040
1796	2804040
1797	2805040
1798	2806040
1799	2807040
1800	2808040
1801	2809040
1802	2810040
1803	2811040
1804	2812040
1805	2813040
1806	2814040
1807	2815040
1808	2816040
1809	2817032
1810	2818040
1811	2819040
1812	2820040
1813	2821040
1814	2822040
1815	2823040
1816	2824040
1817	2825040
1818	2826040
1819	2827040
1820	2828040
1821	2829040
1822	2830040
1823	2831040
1824	2832040
1825	2833040
1826	2834040
1827	2835040
1828	2836040
1829	2837040
1830	2838040
1831	2839040
1832	2840040
1833	2841040
1834	2842040
1835	2843040
1836	2844040
1837	2845040
1838	2846040
1839	2847040
1840	2848040
1841	2849040
1842	2850040
1843	2851040
1844	2852040
1845	2853040
1846	2854040
1847	2855040
1848	2856040
1849	2857040
1850	2858040
1851	2859040
1852	2860036
1853	2861040
1854	2862040
1855	2863040
1856	2864040
1857	2865040
1858	2866040
1859	2867040
1860	2868040
1861	2869040
1862	2870040
1863	2871040
1864	2872040
1865	2873040
1866	2874040
1867	2875040
1868	2876040
1869	2877040
1870	2878040
1871	2879040
1872	2880040
1873	2881040
1874	2882040
1875	2883040
1876	2884036
1877	2885040
1878	2886040
1879	2887040
1880	2888040
1881	2889040
1882	2890040
1883	2891040
1884	2892040
1885	2893040
1886	2894040
1887	2895040
1888	2896040
1889	2897040
1890	2898040
1891	2899040
1892	2900040
1893	2901040
1894	2902040
1895	2903040
1896	2904040
1897	2905040
1898	2906040
1899	2907040
1900	2908040
1901	2909040
1902	2910040
1903	2911040
1904	2912040
1905	2913040
1906	2914040
1907	2915040
1908	2916040
1909	2917040
1910	2918040
1911	2919040
1912	2920040
1913	2921040
1914	2922040
1915	2923040
1916	2924040
1917	2925040
1918	2926040
1919	2927040
1920	2928040
1921	2929040
1922	2930040
1923	2931040
1924	2932040
1925	2933040
1926	2934040
1927	2935040
1928	2936040
1929	2937040
1930	2938040
1931	2939040
1932	2940040
1933	2941040
1934	2942040
1935	2943040
1936	2944040
1937	2945040
1938	2946040
1939	2947040
1940	2948040
1941	2949040
1942	2950040
1943	2951040
1944	2952040
1945	2953040
1946	2954040
1947	2955040
1948	2956040
1949	2957040
1950	2958040
1951	2959040
1952	2960040
1953	2961040
1954	2962040
1955	2963040
1956	2964040
1957	2965040
1958	2966040
1959	2967040
1960	2968040
1961	2969040
1962	2970040
1963	2971040
1964	2972040
1965	2973040
1966	2974040
1967	2975040
1968	2976040
1969	2977040
1970	2978040
1971	2979040
1972	2980040
1973	2981040
1974	2982040
1975	2983040
1976	2984040
1977	2985040
1978	2986040
1979	2987040
1980	2988040
1981	2989040
1982	2990040
1983	2991040
1984	2992040
1985	2993040
1986	2994040
1987	2995040
1988	2996040
1989	2997040
1990	2998040
1991	2999040
1992	3000040
1993	3001040
1994	3002040
1995	3003040
1996	3004040
1997	3005040
1998	3006040
1999	3007040
2000	3008040
2001	3009040
2002	3010040
2003	3011040
2004	3012040
2005	3013040
2006	3014040
2007	3015040
2008	3016040
2009	3017040
2010	3018040
2011	3019040
2012	3020040
2013	3021040
2014	3022040
2015	3023040
2016	3024040
2017	3025040
2018	3026040
2019	3027040
2020	3028040
2021	3029040
2022	3030040
2023	3031040
2024	3032040
2025	3033040
2026	3034040
2027	3035040
2028	3036040
2029	3037040
2030	3038040
2031	3039040
2032	3040040
2033	3041040
2034	3042040
2035	3043040
2036	3044040
2037	3045040
2038	3046040
2039	3047040
2040	3048040
2041	3049040
2042	3050040
2043	3051040
2044	3052040
2045	3053040
2046	3054040
2047	3055040
2048	3056040
2049	3057040
2050	3058040
2051	3059040
2052	3060040
2053	3061040
2054	3062040
2055	3063040
2056	3064040
2057	3065040
2058	3066040
2059	3067040
2060	3068040
2061	3069040
2062	3070040
2063	3071040
2064	3072040
2065	3073032
2066	3074040
2067	3075040
2068	3076040
2069	3077040
2070	3078040
2071	3079040
2072	3080040
2073	3081040
2074	3082040
2075	3083040
2076	3084040
2077	3085040
2078	3086040
2079	3087040
2080	3088040
2081	3089040
2082	3090040
2083	3091040
2084	3092040
2085	3093040
2086	3094040
2087	3095040
2088	3096040
2089	3097040
2090	3098040
2091	3099040
2092	3100040
2093	3101040
2094	3102040
2095	3103040
2096	3104040
2097	3105040
2098	3106040
2099	3107040
2100	3108040
2101	3109040
2102	3110040
2103	3111040
2104	3112040
2105	3113040
2106	3114040
2107	3115040
2108	3116040
2109	3117040
2110	3118040
2111	3119040
2112	3120040
2113	3121040
2114	3122040
2115	3123040
2116	3124040
2117	3125040
2118	3126040
2119	3127040
2120	3128040
2121	3129040
2122	3130040
2123	3131040
2124	3132040
2125	3133040
2126	3134040
2127	3135040
2128	3136040
2129	3137040
2130	3138040
2131	3139040
2132	3140036
2133	3141040
2134	3142040
2135	3143040
2136	3144040
2137	3145040
2138	3146040
2139	3147040
2140	3148040
2141	3149040
2142	3150040
2143	3151040
2144	3152040
2145	3153040
2146	3154040
2147	3155040
2148	3156040
2149	3157040
2150	3158040
2151	3159040
2152	3160040
2153	3161040
2154	3162040
2155	3163040
2156	3164040
2157	3165040
2158	3166040
2159	3167040
2160	3168040
2161	3169040
2162	3170040
2163	3171040
2164	3172040
2165	3173040
2166	3174040
2167	3175040
2168	3176040
2169	3177040
2170	3178040
2171	3179040
2172	3180040
2173	3181040
2174	3182040
2175	3183040
2176	3184040
2177	3185040
2178	3186040
2179	3187040
2180	3188040
2181	3189040
2182	3190040
2183	3191040
2184	3192040
2185	3193040
2186	3194040
2187	3195040
2188	3196040
2189	3197040
2190	3198040
2191	3199040
2192	3200040
2193	3201040
2194	3202040
2195	3203040
2196	3204040
2197	3205040
2198	3206040
2199	3207040
2200	3208040
2201	3209040
2202	3210040
2203	3211040
2204	3212040
2205	3213040
2206	3214040
2207	3215040
2208	3216040
2209	3217040
2210	3218040
2211	3219040
2212	3220040
2213	3221040
2214	3222040
2215	3223040
2216	3224040
2217	3225040
2218	3226040
2219	3227040
2220	3228040
2221	3229040
2222	3230040
2223	3231040
2224	3232040
2225	3233040
2226	3234040
2227	3235040
2228	3236040
2229	3237040
2230	3238040
2231	3239040
2232	3240040
2233	3241040
2234	3242040
2235	3243040
2236	3244040
2237	3245040
2238	3246040
2239	3247040
2240	3248040
2241	3249040
2242	3250040
2243	3251040
2244	3252040
2245	3253040
2246	3254040
2247	3255040
2248	3256040
2249	3257040
2250	3258040
2251	3259040
2252	3260040
2253	3261040
2254	3262040
2255	3263040
2256	3264040
2257	3265040
2258	3266040
2259	3267040
2260	3268040
2261	3269040
2262	3270040
2263	3271040
2264	3272040
2265	3273040
2266	3274040
2267	3275040
2268	3276040
2269	3277040
2270	3278040
2271	3279040
2272	3280040
2273	3281040
2274	3282040
2275	3283040
2276	3284040
2277	3285040
2278	3286040
2279	3287040
2280	3288040
2281	3289040
2282	3290040
2283	3291040
2284	3292040
2285	3293040
2286	3294040
2287	3295040
2288	3296040
2289	3297040
2290	3298040
2291	3299040
2292	3300040
2293	3301040
2294	3302040
2295	3303040
2296	3304040
2297	3305040
2298	3306040
2299	3307040
2300	3308040
2301	3309040
2302	3310040
2303	3311040
2304	3312040
2305	3313040
2306	3314040
2307	3315040
2308	3316040
2309	3317040
2310	3318040
2311	3319040
2312	3320040
2313	3321040
2314	3322040
2315	3323040
2316	3324040
2317	3325040
2318	3326040
2319	3327040
2320	3328040
2321	3329032
2322	3330040
2323	3331040
2324	3332040
2325	3333040
2326	3334040
2327	3335040
2328	3336040
2329	3337040
2330	3338040
2331	3339040
2332	3340040
2333	3341040
2334	3342040
2335	3343040
2336	3344040
2337	3345040
2338	3346040
2339	3347040
2340	3348040
2341	3349040
2342	3350040
2343	3351040
2344	3352040
2345	3353040
2346	3354040
2347	3355040
2348	3356040
2349	3357040
2350	3358040
2351	3359040
2352	3360040
2353	3361040
2354	3362040
2355	3363040
2356	3364040
2357	3365040
2358	3366040
2359	3367040
2360	3368040
2361	3369040
2362	3370040
2363	3371040
2364	3372040
2365	3373040
2366	3374040
2367	3375040
2368	3376040
2369	3377040
2370	3378040
2371	3379040
2372	3380040
2373	3381040
2374	3382040
2375	3383040
2376	3384040
2377	3385040
2378	3386040
2379	3387040
2380	3388040
2381	3389040
2382	3390040
2383	3391040
2384	3392040
2385	3393040
2386	3394040
2387	3395040
2388	3396036
2389	3397040
2390	3398040
2391	3399040
2392	3400040
2393	3401040
2394	3402040
2395	3403040
2396	3404040
2397	3405040
2398	3406040
2399	3407040
2400	3408040
2401	3409040
2402	3410040
2403	3411040
2404	3412040
2405	3413040
2406	3414040
2407	3415040
2408	3416040
2409	3417040
2410	3418040
2411	3419040
2412	3420040
2413	3421040
2414	3422040
2415	3423040
2416	3424040
2417	3425040
2418	3426040
2419	3427040
2420	3428040
2421	3429040
2422	3430040
2423	3431040
2424	3432040
2425	3433040
2426	3434040
2427	3435040
2428	3436040
2429	3437040
2430	3438040
2431	3439040
2432	3440040
2433	3441040
2434	3442040
2435	3443040
2436	3444040
2437	3445040
2438	3446040
2439	3447040
2440	3448040
2441	3449040
2442	3450040
2443	3451040
2444	3452040
2445	3453040
2446	3454040
2447	3455040
2448	3456040
2449	3457040
2450	3458040
2451	3459040
2452	3460040
2453	3461040
2454	3462040
2455	3463040
2456	3464040
2457	3465040
2458	3466040
2459	3467040
2460	3468040
2461	3469040
2462	3470040
2463	3471040
2464	3472040
2465	3473040
2466	3474040
2467	3475040
2468	3476040
2469	3477040
2470	3478040
2471	3479040
2472	3480040
2473	3481040
2474	3482040
2475	3483040
2476	3484040
2477	3485040
2478	3486040
2479	3487040
2480	3488040
2481	3489040
2482	3490040
2483	3491040
2484	3492040
2485	3493040
2486	3494040
2487	3495040
2488	3496040
2489	3497040
2490	3498040
2491	3499040
2492	3500040
2493	3501040
2494	3502040
2495	3503040
2496	3504040
2497	3505040
2498	3506040
2499	3507040
2500	3508040
2501	3509040
2502	3510040
2503	3511040
2504	3512040
2505	3513040
2506	3514040
2507	3515040
2508	3516040
2509	3517040
2510	3518040
2511	3519040
2512	3520040
2513	3521040
2514	3522040
2515	3523040
2516	3524040
2517	3525040
2518	3526040
2519	3527040
2520	3528040
2521	3529040
2522	3530040
2523	3531040
2524	3532040
2525	3533040
2526	3534040
2527	3535040
2528	3536040
2529	3537040
2530	3538040
2531	3539040
2532	3540040
2533	3541040
2534	3542040
2535	3543040
2536	3544040
2537	3545040
2538	3546040
2539	3547040
2540	3548040
2541	3549040
2542	3550040
2543	3551040
2544	3552040
2545	3553040
2546	3554040
2547	3555040
2548	3556040
2549	3557040
2550	3558040
2551	3559040
2552	3560040
2553	3561040
2554	3562040
2555	3563040
2556	3564040
2557	3565040
2558	3566040
2559	3567040
2560	3568040
2561	3569036
2562	3570040
2563	3571040
2564	3572040
2565	3573040
2566	3574040
2567	3575040
2568	3576040
2569	3577040
2570	3578040
2571	3579040
2572	3580040
2573	3581040
2574	3582040
2575	3583040
2576	3584040
2577	3585032
2578	3586040
2579	3587040
2580	3588040
2581	3589040
2582	3590040
2583	3591040
2584	3592040
2585	3593040
2586	3594040
2587	3595040
2588	3596040
2589	3597040
2590	3598040
2591	3599040
2592	3600040
2593	3601040
2594	3602040
2595	3603040
2596	3604040
2597	3605040
2598	3606040
2599	3607040
2600	3608040
2601	3609040
2602	3610040
2603	3611040
2604	3612040
2605	3613040
2606	3614040
2607	3615040
2608	3616040
2609	3617040
2610	3618040
2611	3619040
2612	3620040
2613	3621040
2614	3622040
2615	3623040
2616	3624040
2617	3625040
2618	3626040
2619	3627040
2620	3628040
2621	3629040
2622	3630040
2623	3631040
2624	3632040
2625	3633040
2626	3634040
2627	3635040
2628	3636040
2629	3637040
2630	3638040
2631	3639040
2632	3640040
2633	3641040
2634	3642040
2635	3643040
2636	3644040
2637	3645040
2638	3646040
2639	3647040
2640	3648040
2641	3649040
2642	3650040
2643	3651040
2644	3652032
2645	3653040
2646	3654040
2647	3655040
2648	3656040
2649	3657040
2650	3658040
2651	3659040
2652	3660040
2653	3661040
2654	3662040
2655	3663040
2656	3664040
2657	3665040
2658	3666040
2659	3667040
2660	3668040
2661	3669040
2662	3670040
2663	3671040
2664	3672040
2665	3673040
2666	3674040
2667	3675040
2668	3676040
2669	3677040
2670	3678040
2671	3679040
2672	3680040
2673	3681040
2674	3682040
2675	3683040
2676	3684040
2677	3685040
2678	3686040
2679	3687040
2680	3688040
2681	3689040
2682	3690040
2683	3691040
2684	3692040
2685	3693040
2686	3694040
2687	3695040
2688	3696040
2689	3697040
2690	3698040
2691	3699040
2692	3700040
2693	3701040
2694	3702040
2695	3703040
2696	3704040
2697	3705040
2698	3706040
2699	3707040
2700	3708040
2701	3709040
2702	3710040
2703	3711040
2704	3712040
2705	3713040
2706	3714040
2707	3715040
2708	3716040
2709	3717040
2710	3718040
2711	3719040
2712	3720040
2713	3721040
2714	3722040
2715	3723040
2716	3724040
2717	3725040
2718	3726040
2719	3727040
2720	3728040
2721	3729040
2722	3730040
2723	3731040
2724	3732040
2725	3733040
2726	3734040
2727	3735040
2728	3736040
2729	3737040
2730	3738040
2731	3739040
2732	3740040
2733	3741040
2734	3742040
2735	3743040
2736	3744040
2737	3745040
2738	3746040
2739	3747040
2740	3748040
2741	3749040
2742	3750040
2743	3751040
2744	3752040
2745	3753040
2746	3754040
2747	3755040
2748	3756040
2749	3757040
2750	3758040
2751	3759040
2752	3760040
2753	3761040
2754	3762040
2755	3763040
2756	3764040
2757	3765040
2758	3766040
2759	3767040
2760	3768040
2761	3769040
2762	3770040
2763	3771040
2764	3772040
2765	3773040
2766	3774040
2767	3775040
2768	3776040
2769	3777040
2770	3778040
2771	3779040
2772	3780040
2773	3781040
2774	3782040
2775	3783040
2776	3784040
2777	3785040
2778	3786040
2779	3787040
2780	3788040
2781	3789040
2782	3790040
2783	3791040
2784	3792040
2785	3793040
2786	3794040
2787	3795040
2788	3796040
2789	3797040
2790	3798040
2791	3799040
2792	3800040
2793	3801040
2794	3802040
2795	3803040
2796	3804040
2797	3805040
2798	3806040
2799	3807040
2800	3808083
2801	3809040
2802	3810040
2803	3811040
2804	3812040
2805	3813040
2806	3814040
2807	3815040
2808	3816040
2809	3817040
2810	3818040
2811	3819040
2812	3820040
2813	3821040
2814	3822040
2815	3823040
2816	3824040
2817	3825040
2818	3826040
2819	3827040
2820	3828040
2821	3829040
2822	3830040
2823	3831040
2824	3832040
2825	3833040
2826	3834040
2827	3835040
2828	3836040
2829	3837040
2830	3838040
2831	3839040
2832	3840040
2833	3841032
2834	3842040
2835	3843040
2836	3844040
2837	3845040
2838	3846040
2839	3847040
2840	3848040
2841	3849040
2842	3850040
2843	3851040
2844	3852040
2845	3853040
2846	3854040
2847	3855040
2848	3856040
2849	3857040
2850	3858040
2851	3859040
2852	3860040
2853	3861040
2854	3862040
2855	3863040
2856	3864040
2857	3865040
2858	3866040
2859	3867040
2860	3868040
2861	3869040
2862	3870040
2863	3871040
2864	3872040
2865	3873040
2866	3874040
2867	3875040
2868	3876040
2869	3877040
2870	3878040
2871	3879040
2872	3880040
2873	3881040
2874	3882040
2875	3883040
2876	3884040
2877	3885040
2878	3886040
2879	3887040
2880	3888040
2881	3889040
2882	3890040
2883	3891040
2884	3892040
2885	3893040
2886	3894040
2887	3895040
2888	3896040
2889	3897040
2890	3898040
2891	3899040
2892	3900040
2893	3901040
2894	3902040
2895	3903040
2896	3904040
2897	3905040
2898	3906040
2899	3907040
2900	3908036
2901	3909040
2902	3910040
2903	3911040
2904	3912040
2905	3913040
2906	3914040
2907	3915040
2908	3916040
2909	3917040
2910	3918040
2911	3919040
2912	3920040
2913	3921040
2914	3922040
2915	3923040
2916	3924040
2917	3925040
2918	3926040
2919	3927040
2920	3928040
2921	3929040
2922	3930040
2923	3931040
2924	3932040
2925	3933040
2926	3934040
2927	3935040
2928	3936040
2929	3937040
2930	3938040
2931	3939040
2932	3940040
2933	3941040
2934	3942040
2935	3943040
2936	3944040
2937	3945040
2938	3946040
2939	3947040
2940	3948040
2941	3949040
2942	3950040
2943	3951040
2944	3952040
2945	3953040
2946	3954040
2947	3955040
2948	3956040
2949	3957040
2950	3958040
2951	3959040
2952	3960040
2953	3961040
2954	3962040
2955	3963040
2956	3964040
2957	3965040
2958	3966040
2959	3967040
2960	3968040
2961	3969040
2962	3970040
2963	3971040
2964	3972040
2965	3973040
2966	3974040
2967	3975040
2968	3976040
2969	3977040
2970	3978040
2971	3979040
2972	3980040
2973	3981040
2974	3982040
2975	3983040
2976	3984040
2977	3985040
2978	3986040
2979	3987040
2980	3988040
2981	3989040
2982	3990040
2983	3991040
2984	3992040
2985	3993040
2986	3994040
2987	3995040
2988	3996040
2989	3997040
2990	3998040
2991	3999040
2992	4000040
2993	4001040
2994	4002040
2995	4003040
2996	4004040
2997	4005040
2998	4006040
2999	4007040
3000	4008040
3001	4009040
3002	4010040
3003	4011040
3004	4012040
3005	4013040
3006	4014040
3007	4015040
3008	4016040
3009	4017040
3010	4018040
3011	4019040
3012	4020040
3013	4021040
3014	4022040
3015	4023040
3016	4024040
3017	4025040
3018	4026040
3019	4027040
3020	4028040
3021	4029040
3022	4030040
3023	4031040
3024	4032040
3025	4033040
3026	4034040
3027	4035040
3028	4036040
3029	4037040
3030	4038040
3031	4039040
3032	4040040
3033	4041040
3034	4042040
3035	4043040
3036	4044040
3037	4045040
3038	4046040
3039	4047040
3040	4048040
3041	4049040
3042	4050040
3043	4051040
3044	4052040
3045	4053040
3046	4054040
3047	4055040
3048	4056040
3049	4057040
3050	4058040
3051	4059040
3052	4060040
3053	4061040
3054	4062040
3055	4063040
3056	4064040
3057	4065040
3058	4066040
3059	4067040
3060	4068040
3061	4069040
3062	4070040
3063	4071040
3064	4072040
3065	4073040
3066	4074040
3067	4075040
3068	4076040
3069	4077040
3070	4078040
3071	4079040
3072	4080040
3073	4081040
3074	4082040
3075	4083040
3076	4084040
3077	4085040
3078	4086040
3079	4087040
3080	4088040
3081	4089040
3082	4090040
3083	4091040
3084	4092040
3085	4093040
3086	4094040
3087	4095040
3088	4096040
3089	4097032
3090	4098040
3091	4099040
3092	4100040
3093	4101040
3094	4102040
3095	4103040
3096	4104040
3097	4105040
3098	4106040
3099	4107040
3100	4108040
3101	4109040
3102	4110040
3103	4111040
3104	4112040
3105	4113040
3106	4114040
3107	4115040
3108	4116040
3109	4117040
3110	4118040
3111	4119040
3112	4120040
3113	4121040
3114	4122040
3115	4123040
3116	4124040
3117	4125040
3118	4126040
3119	4127040
3120	4128040
3121	4129040
3122	4130040
3123	4131040
3124	4132040
3125	4133040
3126	4134040
3127	4135040
3128	4136040
3129	4137040
3130	4138040
3131	4139040
3132	4140040
3133	4141040
3134	4142040
3135	4143040
3136	4144040
3137	4145040
3138	4146040
3139	4147040
3140	4148040
3141	4149040
3142	4150040
3143	4151040
3144	4152040
3145	4153040
3146	4154040
3147	4155040
3148	4156040
3149	4157040
3150	4158040
3151	4159040
3152	4160040
3153	4161040
3154	4162040
3155	4163040
3156	4164036
3157	4165040
3158	4166040
3159	4167040
3160	4168040
3161	4169040
3162	4170040
3163	4171040
3164	4172040
3165	4173040
3166	4174040
3167	4175040
3168	4176040
3169	4177040
3170	4178040
3171	4179040
3172	4180040
3173	4181040
3174	4182040
3175	4183040
3176	4184040
3177	4185040
3178	4186040
3179	4187040
3180	4188040
3181	4189040
3182	4190040
3183	4191040
3184	4192040
3185	4193040
3186	4194040
3187	4195040
3188	4196040
3189	4197040
3190	4198040
3191	4199040
3192	4200040
3193	4201040
3194	4202040
3195	4203040
3196	4204040
3197	4205040
3198	4206040
3199	4207040
3200	4208040
3201	4209040
3202	4210040
3203	4211040
3204	4212040
3205	4213040
3206	4214040
3207	4215040
3208	4216040
3209	4217040
3210	4218040
3211	4219040
3212	4220040
3213	4221040
3214	4222040
3215	4223040
3216	4224040
3217	4225040
3218	4226040
3219	4227040
3220	4228040
3221	4229040
3222	4230040
3223	4231040
3224	4232040
3225	4233040
3226	4234040
3227	4235040
3228	4236040
3229	4237040
3230	4238040
3231	4239040
3232	4240040
3233	4241040
3234	4242040
3235	4243040
3236	4244040
3237	4245040
3238	4246040
3239	4247040
3240	4248040
3241	4249040
3242	4250040
3243	4251040
3244	4252040
3245	4253040
3246	4254040
3247	4255040
3248	4256040
3249	4257040
3250	4258040
3251	4259040
3252	4260040
3253	4261040
3254	4262040
3255	4263040
3256	4264040
3257	4265040
3258	4266040
3259	4267040
3260	4268040
3261	4269040
3262	4270036
3263	4271036
3264	4272036
3265	4273036
3266	4274036
3267	4275036
3268	4276036
3269	4277036
3270	4278036
3271	4279036
3272	4280036
3273	4281036
3274	4282036
3275	4283036
3276	4284036
3277	4285036
3278	4286036
3279	4287040
3280	4288040
3281	4289040
3282	4290040
3283	4291040
3284	4292040
3285	4293040
3286	4294040
3287	4295040
3288	4296040
3289	4297040
3290	4298040
3291	4299040
3292	4300040
3293	4301040
3294	4302040
3295	4303040
3296	4304040
3297	4305040
3298	4306040
3299	4307040
3300	4308040
3301	4309040
3302	4310040
3303	4311040
3304	4312040
3305	4313040
3306	4314040
3307	4315040
3308	4316040
3309	4317040
3310	4318040
3311	4319040
3312	4320040
3313	4321040
3314	4322040
3315	4323040
3316	4324040
3317	4325040
3318	4326040
3319	4327040
3320	4328040
3321	4329040
3322	4330040
3323	4331040
3324	4332040
3325	4333040
3326	4334040
3327	4335040
3328	4336040
3329	4337040
3330	4338040
3331	4339040
3332	4340036
3333	4341040
3334	4342040
3335	4343040
3336	4344040
3337	4345040
3338	4346040
3339	4347040
3340	4348040
3341	4349040
3342	4350040
3343	4351040
3344	4352040
3345	4353032
3346	4354040
3347	4355040
3348	4356040
3349	4357040
3350	4358040
3351	4359040
3352	4360040
3353	4361040
3354	4362040
3355	4363040
3356	4364040
3357	4365040
3358	4366040
3359	4367040
3360	4368040
3361	4369040
3362	4370040
3363	4371040
3364	4372040
3365	4373040
3366	4374040
3367	4375040
3368	4376040
3369	4377040
3370	4378040
3371	4379040
3372	4380040
3373	4381040
3374	4382040
3375	4383040
3376	4384040
3377	4385040
3378	4386040
3379	4387040
3380	4388040
3381	4389040
3382	4390040
3383	4391040
3384	4392040
3385	4393040
3386	4394040
3387	4395040
3388	4396040
3389	4397040
3390	4398040
3391	4399040
3392	4400040
3393	4401040
3394	4402040
3395	4403040
3396	4404040
3397	4405040
3398	4406040
3399	4407040
3400	4408040
3401	4409040
3402	4410040
3403	4411040
3404	4412040
3405	4413040
3406	4414040
3407	4415040
3408	4416040
3409	4417040
3410	4418040
3411	4419040
3412	4420040
3413	4421040
3414	4422040
3415	4423040
3416	4424040
3417	4425040
3418	4426040
3419	4427040
3420	4428040
3421	4429040
3422	4430040
3423	4431040
3424	4432040
3425	4433040
3426	4434040
3427	4435040
3428	4436040
3429	4437040
3430	4438040
3431	4439040
3432	4440040
3433	4441040
3434	4442040
3435	4443040
3436	4444040
3437	4445040
3438	4446040
3439	4447040
3440	4448040
3441	4449040
3442	4450040
3443	4451040
3444	4452040
3445	4453040
3446	4454040
3447	4455040
3448	4456040
3449	4457040
3450	4458040
3451	4459040
3452	4460040
3453	4461040
3454	4462040
3455	4463040
3456	4464040
3457	4465040
3458	4466040
3459	4467040
3460	4468040
3461	4469040
3462	4470040
3463	4471040
3464	4472040
3465	4473040
3466	4474040
3467	4475040
3468	4476040
3469	4477040
3470	4478040
3471	4479040
3472	4480040
3473	4481040
3474	4482040
3475	4483040
3476	4484040
3477	4485040
3478	4486040
3479	4487040
3480	4488040
3481	4489040
3482	4490040
3483	4491040
3484	4492040
3485	4493040
3486	4494040
3487	4495040
3488	4496040
3489	4497040
3490	4498040
3491	4499040
3492	4500040
3493	4501040
3494	4502040
3495	4503040
3496	4504040
3497	4505040
3498	4506040
3499	4507040
3500	4508040
3501	4509040
3502	4510040
3503	4511040
3504	4512040
3505	4513040
3506	4514040
3507	4515040
3508	4516040
3509	4517040
3510	4518040
3511	4519040
3512	4520040
3513	4521040
3514	4522040
3515	4523040
3516	4524040
3517	4525040
3518	4526040
3519	4527040
3520	4528040
3521	4529040
3522	4530040
3523	4531040
3524	4532040
3525	4533040
3526	4534040
3527	4535040
3528	4536040
3529	4537040
3530	4538040
3531	4539040
3532	4540040
3533	4541040
3534	4542040
3535	4543040
3536	4544040
3537	4545040
3538	4546040
3539	4547040
3540	4548040
3541	4549040
3542	4550040
3543	4551040
3544	4552040
3545	4553040
3546	4554040
3547	4555040
3548	4556040
3549	4557040
3550	4558040
3551	4559040
3552	4560040
3553	4561040
3554	4562040
3555	4563040
3556	4564040
3557	4565040
3558	4566040
3559	4567040
3560	4568040
3561	4569040
3562	4570040
3563	4571040
3564	4572040
3565	4573040
3566	4574040
3567	4575040
3568	4576040
3569	4577040
3570	4578040
3571	4579040
3572	4580040
3573	4581040
3574	4582040
3575	4583040
3576	4584040
3577	4585040
3578	4586040
3579	4587040
3580	4588040
3581	4589040
3582	4590040
3583	4591040
3584	4592040
3585	4593040
3586	4594040
3587	4595040
3588	4596036
3589	4597040
3590	4598040
3591	4599040
3592	4600040
3593	4601040
3594	4602040
3595	4603040
3596	4604040
3597	4605040
3598	4606040
3599	4607040
3600	4608040
3601	4609032
3602	4610040
3603	4611040
3604	4612040
3605	4613040
3606	4614040
3607	4615040
3608	4616040
3609	4617040
3610	4618040
3611	4619040
3612	4620040
3613	4621040
3614	4622040
3615	4623040
3616	4624040
3617	4625040
3618	4626040
3619	4627040
3620	4628040
3621	4629040
3622	4630040
3623	4631040
3624	4632040
3625	4633040
3626	4634040
3627	4635040
3628	4636040
3629	4637040
3630	4638040
3631	4639040
3632	4640040
3633	4641040
3634	4642040
3635	4643040
3636	4644040
3637	4645040
3638	4646040
3639	4647040
3640	4648040
3641	4649040
3642	4650040
3643	4651040
3644	4652040
3645	4653040
3646	4654040
3647	4655040
3648	4656040
3649	4657040
3650	4658040
3651	4659040
3652	4660040
3653	4661040
3654	4662040
3655	4663040
3656	4664040
3657	4665040
3658	4666040
3659	4667040
3660	4668040
3661	4669040
3662	4670040
3663	4671040
3664	4672040
3665	4673040
3666	4674040
3667	4675040
3668	4676040
3669	4677040
3670	4678040
3671	4679040
3672	4680040
3673	4681040
3674	4682040
3675	4683040
3676	4684040
3677	4685040
3678	4686040
3679	4687040
3680	4688040
3681	4689040
3682	4690040
3683	4691040
3684	4692040
3685	4693040
3686	4694040
3687	4695040
3688	4696040
3689	4697040
3690	4698040
3691	4699040
3692	4700040
3693	4701040
3694	4702040
3695	4703040
3696	4704040
3697	4705040
3698	4706040
3699	4707040
3700	4708040
3701	4709040
3702	4710040
3703	4711040
3704	4712040
3705	4713040
3706	4714040
3707	4715040
3708	4716040
3709	4717040
3710	4718040
3711	4719040
3712	4720040
3713	4721040
3714	4722040
3715	4723040
3716	4724040
3717	4725040
3718	4726040
3719	4727040
3720	4728040
3721	4729040
3722	4730040
3723	4731040
3724	4732040
3725	4733040
3726	4734040
3727	4735040
3728	4736040
3729	4737040
3730	4738040
3731	4739040
3732	4740040
3733	4741040
3734	4742040
3735	4743040
3736	4744040
3737	4745040
3738	4746040
3739	4747040
3740	4748040
3741	4749040
3742	4750040
3743	4751040
3744	4752040
3745	4753040
3746	4754040
3747	4755040
3748	4756040
3749	4757040
3750	4758040
3751	4759040
3752	4760040
3753	4761040
3754	4762040
3755	4763040
3756	4764040
3757	4765040
3758	4766040
3759	4767040
3760	4768040
3761	4769040
3762	4770040
3763	4771040
3764	4772040
3765	4773040
3766	4774040
3767	4775040
3768	4776040
3769	4777040
3770	4778040
3771	4779040
3772	4780040
3773	4781040
3774	4782040
3775	4783040
3776	4784040
3777	4785040
3778	4786040
3779	4787040
3780	4788040
3781	4789040
3782	4790040
3783	4791040
3784	4792040
3785	4793040
3786	4794040
3787	4795040
3788	4796040
3789	4797040
3790	4798040
3791	4799040
3792	4800040
3793	4801040
3794	4802040
3795	4803040
3796	4804040
3797	4805040
3798	4806040
3799	4807040
3800	4808040
3801	4809040
3802	4810040
3803	4811040
3804	4812040
3805	4813040
3806	4814040
3807	4815040
3808	4816040
3809	4817040
3810	4818040
3811	4819040
3812	4820040
3813	4821040
3814	4822040
3815	4823040
3816	4824040
3817	4825040
3818	4826040
3819	4827040
3820	4828040
3821	4829040
3822	4830040
3823	4831040
3824	4832040
3825	4833040
3826	4834040
3827	4835040
3828	4836040
3829	4837040
3830	4838040
3831	4839040
3832	4840040
3833	4841040
3834	4842040
3835	4843040
3836	4844040
3837	4845040
3838	4846040
3839	4847040
3840	4848040
3841	4849040
3842	4850040
3843	4851040
3844	4852040
3845	4853040
3846	4854040
3847	4855040
3848	4856040
3849	4857040
3850	4858040
3851	4859040
3852	4860040
3853	4861040
3854	4862040
3855	4863040
3856	4864040
3857	4865032
3858	4866040
3859	4867040
3860	4868040
3861	4869040
3862	4870040
3863	4871040
3864	4872040
3865	4873040
3866	4874040
3867	4875040
3868	4876040
3869	4877040
3870	4878040
3871	4879040
3872	4880040
3873	4881040
3874	4882040
3875	4883040
3876	4884040
3877	4885040
3878	4886040
3879	4887040
3880	4888040
3881	4889040
3882	4890040
3883	4891040
3884	4892040
3885	4893040
3886	4894040
3887	4895040
3888	4896040
3889	4897040
3890	4898040
3891	4899040
3892	4900040
3893	4901040
3894	4902040
3895	4903040
3896	4904040
3897	4905040
3898	4906040
3899	4907040
3900	4908040
3901	4909040
3902	4910040
3903	4911040
3904	4912040
3905	4913040
3906	4914040
3907	4915040
3908	4916040
3909	4917040
3910	4918040
3911	4919040
3912	4920040
3913	4921040
3914	4922040
3915	4923040
3916	4924040
3917	4925040
3918	4926040
3919	4927040
3920	4928040
3921	4929040
3922	4930040
3923	4931040
3924	4932040
3925	4933040
3926	4934040
3927	4935040
3928	4936040
3929	4937040
3930	4938040
3931	4939040
3932	4940040
3933	4941040
3934	4942040
3935	4943040
3936	4944040
3937	4945040
3938	4946040
3939	4947040
3940	4948040
3941	4949040
3942	4950040
3943	4951040
3944	4952040
3945	4953040
3946	4954040
3947	4955040
3948	4956040
3949	4957040
3950	4958040
3951	4959040
3952	4960040
3953	4961040
3954	4962040
3955	4963040
3956	4964040
3957	4965040
3958	4966040
3959	4967040
3960	4968040
3961	4969040
3962	4970040
3963	4971040
3964	4972040
3965	4973040
3966	4974040
3967	4975040
3968	4976040
3969	4977040
3970	4978040
3971	4979040
3972	4980040
3973	4981040
3974	4982040
3975	4983040
3976	4984040
3977	4985040
3978	4986040
3979	4987040
3980	4988040
3981	4989040
3982	4990040
3983	4991040
3984	4992040
3985	4993040
3986	4994040
3987	4995040
3988	4996040
3989	4997040
3990	4998040
3991	4999040
3992	5000040
3993	5001040
3994	5002040
3995	5003040
3996	5004040
3997	5005040
3998	5006040
3999	5007040
