0	1012418
1	1016982
2	1021546
3	1026110
4	1030674
5	1035238
6	1039802
7	1044366
8	1048930
9	1053494
10	1058058
11	1062622
12	1067186
13	1071750
14	1076314
15	1080878
16	1085442
17	1090006
18	1094570
19	1099134
20	1103698
21	1108262
22	1112826
23	1117390
24	1121954
25	1126518
26	1131082
27	1135646
28	1140210
29	1144774
30	1149338
31	1153902
32	1158466
33	1163030
34	1167594
35	1172158
36	1176722
37	1181286
38	1185850
39	1190414
40	1194978
41	1199542
42	1204106
43	1208670
44	1213234
45	1217798
46	1222362
47	1226926
48	1231490
49	1236054
50	1240618
51	1245182
52	1249746
53	1254310
54	1258874
55	1263438
56	1268002
57	1272566
58	1277130
59	1281694
60	1286258
61	1290822
62	1295386
63	1299950
64	1304514
65	1309078
66	1313642
67	1318206
68	1322770
69	1327334
70	1331898
71	1336462
72	1341026
73	1345590
74	1350154
75	1354718
76	1359282
77	1363846
78	1368410
79	1372974
80	1377538
81	1382102
82	1386666
83	1391230
84	1395794
85	1400358
86	1404922
87	1409486
88	1414050
89	1418614
90	1423178
91	1427742
92	1432306
93	1436870
94	1441434
95	1445998
96	1450562
97	1455126
98	1459690
99	1464254
100	1468818
101	1473382
102	1477946
103	1482510
104	1487074
105	1491638
106	1496202
107	1500766
108	1505330
109	1509894
110	1514458
111	1519022
112	1523586
113	1528150
114	1532714
115	1537278
116	1541842
117	1546406
118	1550970
119	1555534
120	1560098
121	1564662
122	1569226
123	1573790
124	1578354
125	1582918
126	1587482
127	1592046
128	1596610
129	1601174
130	1605738
131	1610302
132	1614866
133	1619430
134	1623994
135	1628558
136	1633122
137	1637686
138	1642250
139	1646814
140	1651378
141	1655942
142	1660506
143	1665070
144	1669634
145	1674198
146	1678762
147	1683326
148	1687890
149	1692454
150	1697018
151	1701582
152	1706146
153	1710710
154	1715274
155	1719838
156	1724402
157	1728966
158	1733530
159	1738094
160	1742658
161	1747222
162	1751786
163	1756350
164	1760914
165	1765478
166	1770042
167	1774606
168	1779170
169	1783734
170	1788298
171	1792862
172	1797426
173	1801990
174	1806554
175	1811118
176	1815682
177	1820246
178	1824810
179	1829374
180	1833938
181	1838502
182	1843066
183	1847630
184	1852194
185	1856758
186	1861322
187	1865886
188	1870450
189	1875014
190	1879578
191	1884142
192	1888706
193	1893270
194	1897834
195	1902398
196	1906962
197	1911526
198	1916090
199	1920654
