0	1008066
1	1009036
2	1010036
3	1011036
4	1012032
5	1013036
6	1014036
7	1015036
8	1016036
9	1017032
10	1018032
11	1019036
12	1020036
13	1021032
14	1022032
15	1023036
16	1024036
17	1025028
18	1026036
19	1027036
20	1028036
21	1029036
22	1030036
23	1031036
24	1032032
25	1033032
26	1034032
27	1035036
28	1036032
29	1037032
30	1038032
31	1039036
32	1040032
33	1041036
34	1042036
35	1043036
36	1044036
37	1045036
38	1046036
39	1047036
40	1048036
41	1049032
42	1050036
43	1051036
44	1052032
45	1053032
46	1054036
47	1055036
48	1056032
49	1057032
50	1058036
51	1059036
52	1060036
53	1061036
54	1062036
55	1063036
56	1064036
57	1065032
58	1066036
59	1067036
60	1068032
61	1069036
62	1070036
63	1071032
64	1072032
65	1073036
66	1074036
67	1075036
68	1076036
69	1077036
70	1078036
71	1079036
72	1080036
73	1081036
74	1082036
75	1083036
76	1084032
77	1085036
78	1086036
79	1087036
80	1088032
81	1089036
82	1090032
83	1091036
84	1092028
85	1093036
86	1094036
87	1095036
88	1096036
89	1097036
90	1098036
91	1099036
92	1100036
93	1101036
94	1102032
95	1103036
96	1104036
97	1105036
98	1106032
99	1107036
100	1108036
101	1109036
102	1110036
103	1111036
104	1112036
105	1113036
106	1114036
107	1115036
108	1116036
109	1117036
110	1118032
111	1119036
112	1120036
113	1121032
114	1122032
115	1123036
116	1124036
117	1125036
118	1126036
119	1127036
120	1128036
121	1129036
122	1130036
123	1131036
124	1132036
125	1133032
126	1134032
127	1135036
128	1136036
129	1137032
130	1138032
131	1139036
132	1140036
133	1141032
134	1142036
135	1143036
136	1144036
137	1145036
138	1146036
139	1147036
140	1148036
141	1149032
142	1150032
143	1151036
144	1152036
145	1153036
146	1154036
147	1155036
148	1156036
149	1157036
150	1158036
151	1159036
152	1160036
153	1161036
154	1162036
155	1163036
156	1164036
157	1165036
158	1166036
159	1167036
160	1168036
161	1169036
162	1170036
163	1171036
164	1172036
165	1173036
166	1174036
167	1175036
168	1176036
169	1177036
170	1178036
171	1179036
172	1180036
173	1181036
174	1182036
175	1183036
176	1184036
177	1185036
178	1186036
179	1187036
180	1188036
181	1189036
182	1190036
183	1191036
184	1192036
185	1193036
186	1194036
187	1195036
188	1196036
189	1197036
190	1198036
191	1199036
192	1200036
193	1201036
194	1202036
195	1203036
196	1204036
197	1205036
198	1206036
199	1207036
200	1208036
201	1209036
202	1210036
203	1211036
204	1212036
205	1213036
206	1214036
207	1215036
208	1216036
209	1217036
210	1218036
211	1219036
212	1220036
213	1221036
214	1222036
215	1223036
216	1224036
217	1225036
218	1226036
219	1227036
220	1228036
221	1229036
222	1230036
223	1231036
224	1232036
225	1233036
226	1234036
227	1235036
228	1236036
229	1237036
230	1238036
231	1239036
232	1240036
233	1241036
234	1242036
235	1243036
236	1244036
237	1245036
238	1246036
239	1247036
240	1248036
241	1249036
242	1250036
243	1251036
244	1252036
245	1253036
246	1254036
247	1255036
248	1256036
249	1257036
250	1258036
251	1259036
252	1260036
253	1261036
254	1262036
255	1263036
256	1264040
257	1265040
258	1266040
259	1267040
260	1268036
261	1269040
262	1270040
263	1271040
264	1272040
265	1273040
266	1274040
267	1275040
268	1276040
269	1277040
270	1278040
271	1279040
272	1280040
273	1281032
274	1282040
275	1283040
276	1284040
277	1285040
278	1286040
279	1287040
280	1288040
281	1289040
282	1290040
283	1291040
284	1292040
285	1293040
286	1294040
287	1295040
288	1296040
289	1297040
290	1298040
291	1299040
292	1300040
293	1301040
294	1302040
295	1303040
296	1304040
297	1305040
298	1306040
299	1307040
