0	1015990
1	1020510
2	-1
3	-1
4	-1
5	1025030
6	-1
7	-1
8	-1
9	-1
10	1029550
11	-1
12	-1
13	-1
14	1034070
15	-1
16	-1
17	-1
18	-1
19	1038590
20	-1
21	-1
22	-1
23	1043110
24	-1
25	-1
26	-1
27	-1
28	1047630
29	-1
30	-1
31	-1
32	1052150
33	-1
34	-1
35	-1
36	-1
37	1056670
38	-1
39	-1
40	-1
41	1061190
42	-1
43	-1
44	-1
45	-1
46	1065710
47	-1
48	-1
49	-1
50	1070230
51	-1
52	-1
53	-1
54	-1
55	1074750
56	-1
57	-1
58	-1
59	1079270
60	-1
61	-1
62	-1
63	-1
64	1083790
65	-1
66	-1
67	-1
68	1088310
69	-1
70	-1
71	-1
72	-1
73	1092830
74	-1
75	-1
76	-1
77	1097350
78	-1
79	-1
80	-1
81	-1
82	1101870
83	-1
84	-1
85	-1
86	1106390
87	-1
88	-1
89	-1
90	-1
91	1110910
92	-1
93	-1
94	-1
95	1115430
96	-1
97	-1
98	-1
99	-1
100	1119950
101	-1
102	-1
103	-1
104	-1
105	1124470
106	-1
107	-1
108	-1
109	1128990
110	-1
111	-1
112	-1
113	-1
114	1133510
115	-1
116	-1
117	-1
118	1138030
119	-1
120	-1
121	-1
122	-1
123	1142550
124	-1
125	-1
126	-1
127	1147070
128	-1
129	-1
130	-1
131	-1
132	1151590
133	-1
134	-1
135	-1
136	1156110
137	-1
138	-1
139	-1
140	-1
141	1160630
142	-1
143	-1
144	-1
145	1165150
146	-1
147	-1
148	-1
149	-1
150	1169670
151	-1
152	-1
153	-1
154	1174190
155	-1
156	-1
157	-1
158	-1
159	1178710
160	-1
161	-1
162	-1
163	1183230
164	-1
165	-1
166	-1
167	-1
168	1187750
169	-1
170	-1
171	-1
172	1192270
173	-1
174	-1
175	-1
176	-1
177	1196790
178	-1
179	-1
180	-1
181	1201310
182	-1
183	-1
184	-1
185	-1
186	1205830
187	-1
188	-1
189	-1
190	1210350
191	-1
192	-1
193	-1
194	-1
195	1214870
196	-1
197	-1
198	-1
199	1219390
200	-1
201	-1
202	-1
203	-1
204	1223910
205	-1
206	-1
207	-1
208	1228430
209	-1
210	-1
211	-1
212	-1
213	1232950
214	-1
215	-1
216	-1
217	-1
218	1237470
219	-1
220	-1
221	-1
222	1241990
223	-1
224	-1
225	-1
226	-1
227	1246510
228	-1
229	-1
230	-1
231	1251030
232	-1
233	-1
234	-1
235	-1
236	1255550
237	-1
238	-1
239	-1
240	1260070
241	-1
242	-1
243	-1
244	-1
245	1264590
246	-1
247	-1
248	-1
249	1269110
250	-1
251	-1
252	-1
253	-1
254	1273630
255	-1
256	-1
257	-1
258	1278150
259	-1
260	-1
261	-1
262	-1
263	1282670
264	-1
265	-1
266	-1
267	1287190
268	-1
269	-1
270	-1
271	-1
272	1291710
273	-1
274	-1
275	-1
276	1296230
277	-1
278	-1
279	-1
280	-1
281	1300750
282	-1
283	-1
284	-1
285	1305270
286	-1
287	-1
288	-1
289	-1
290	1309790
291	-1
292	-1
293	-1
294	1314310
295	-1
296	-1
297	-1
298	-1
299	1318830
300	-1
301	-1
302	-1
303	1323350
304	-1
305	-1
306	-1
307	-1
308	1327870
309	-1
310	-1
311	-1
312	1332390
313	-1
314	-1
315	-1
316	-1
317	1336910
318	-1
319	-1
320	-1
321	1341430
322	-1
323	-1
324	-1
325	-1
326	1345950
327	-1
328	-1
329	-1
330	-1
331	1350470
332	-1
333	-1
334	-1
335	1354990
336	-1
337	-1
338	-1
339	-1
340	1359510
341	-1
342	-1
343	-1
344	1364030
345	-1
346	-1
347	-1
348	-1
349	1368550
350	-1
351	-1
352	-1
353	1373070
354	-1
355	-1
356	-1
357	-1
358	1377590
359	-1
360	-1
361	-1
362	1382110
363	-1
364	-1
365	-1
366	-1
367	1386630
368	-1
369	-1
370	-1
371	1391150
372	-1
373	-1
374	-1
375	-1
376	1395670
377	-1
378	-1
379	-1
380	1400190
381	-1
382	-1
383	-1
384	-1
385	1404710
386	-1
387	-1
388	-1
389	1409230
390	-1
391	-1
392	-1
393	-1
394	1413750
395	-1
396	-1
397	-1
398	1418270
399	-1
400	-1
401	-1
402	-1
403	1422790
404	-1
405	-1
406	-1
407	1427310
408	-1
409	-1
410	-1
411	-1
412	1431830
413	-1
414	-1
415	-1
416	1436350
417	-1
418	-1
419	-1
420	-1
421	1440870
422	-1
423	-1
424	-1
425	1445390
426	-1
427	-1
428	-1
429	-1
430	1449910
431	-1
432	-1
433	-1
434	1454430
435	-1
436	-1
437	-1
438	-1
439	1458950
440	-1
441	-1
442	-1
443	-1
444	1463470
445	-1
446	-1
447	-1
448	1467990
449	-1
450	-1
451	-1
452	-1
453	1472510
454	-1
455	-1
456	-1
457	1477030
458	-1
459	-1
460	-1
461	-1
462	1481550
463	-1
464	-1
465	-1
466	1486070
467	-1
468	-1
469	-1
470	-1
471	1490590
472	-1
473	-1
474	-1
475	1495110
476	-1
477	-1
478	-1
479	-1
480	1499630
481	-1
482	-1
483	-1
484	1504150
485	-1
486	-1
487	-1
488	-1
489	1508670
490	-1
491	-1
492	-1
493	1513190
494	-1
495	-1
496	-1
497	-1
498	1517710
499	-1
500	-1
501	-1
502	1522230
503	-1
504	-1
505	-1
506	-1
507	1526750
508	-1
509	-1
510	-1
511	1531270
512	-1
513	-1
514	-1
515	-1
516	1535790
517	-1
518	-1
519	-1
520	1540310
521	-1
522	-1
523	-1
524	-1
525	1544830
526	-1
527	-1
528	-1
529	1549350
530	-1
531	-1
532	-1
533	-1
534	1553870
535	-1
536	-1
537	-1
538	1558390
539	-1
540	-1
541	-1
542	-1
543	1562910
544	-1
545	-1
546	-1
547	1567430
548	-1
549	-1
550	-1
551	-1
552	1571950
553	-1
554	-1
555	-1
556	-1
557	1576470
558	-1
559	-1
560	-1
561	1580990
562	-1
563	-1
564	-1
565	-1
566	1585510
567	-1
568	-1
569	-1
570	1590030
571	-1
572	-1
573	-1
574	-1
575	1594550
576	-1
577	-1
578	-1
579	1599070
580	-1
581	-1
582	-1
583	-1
584	1603590
585	-1
586	-1
587	-1
588	1608110
589	-1
590	-1
591	-1
592	-1
593	1612630
594	-1
595	-1
596	-1
597	1617150
598	-1
599	-1
600	-1
601	-1
602	1621670
603	-1
604	-1
605	-1
606	1626190
607	-1
608	-1
609	-1
610	-1
611	1630710
612	-1
613	-1
614	-1
615	1635230
616	-1
617	-1
618	-1
619	-1
620	1639750
621	-1
622	-1
623	-1
624	1644270
625	-1
626	-1
627	-1
628	-1
629	1648790
630	-1
631	-1
632	-1
633	1653310
634	-1
635	-1
636	-1
637	-1
638	1657830
639	-1
640	-1
641	-1
642	1662350
643	-1
644	-1
645	-1
646	-1
647	1666870
648	-1
649	-1
650	-1
651	1671390
652	-1
653	-1
654	-1
655	-1
656	1675910
657	-1
658	-1
659	-1
660	1680430
661	-1
662	-1
663	-1
664	-1
665	1684950
666	-1
667	-1
668	-1
669	-1
670	1689470
671	-1
672	-1
673	-1
674	1693990
675	-1
676	-1
677	-1
678	-1
679	1698510
680	-1
681	-1
682	-1
683	1703030
684	-1
685	-1
686	-1
687	-1
688	1707550
689	-1
690	-1
691	-1
692	1712070
693	-1
694	-1
695	-1
696	-1
697	1716590
698	-1
699	-1
700	-1
701	1721110
702	-1
703	-1
704	-1
705	-1
706	1725630
707	-1
708	-1
709	-1
710	1730150
711	-1
712	-1
713	-1
714	-1
715	1734670
716	-1
717	-1
718	-1
719	1739190
720	-1
721	-1
722	-1
723	-1
724	1743710
725	-1
726	-1
727	-1
728	1748230
729	-1
730	-1
731	-1
732	-1
733	1752750
734	-1
735	-1
736	-1
737	1757270
738	-1
739	-1
740	-1
741	-1
742	1761790
743	-1
744	-1
745	-1
746	1766310
747	-1
748	-1
749	-1
750	-1
751	1770830
752	-1
753	-1
754	-1
755	1775350
756	-1
757	-1
758	-1
759	-1
760	1779870
761	-1
762	-1
763	-1
764	1784390
765	-1
766	-1
767	-1
768	-1
769	1788910
770	-1
771	-1
772	-1
773	1793430
774	-1
775	-1
776	-1
777	-1
778	1797950
779	-1
780	-1
781	-1
782	-1
783	1802470
784	-1
785	-1
786	-1
787	1806990
788	-1
789	-1
790	-1
791	-1
792	1811510
793	-1
794	-1
795	-1
796	1816030
797	-1
798	-1
799	-1
800	-1
801	1820550
802	-1
803	-1
804	-1
805	1825070
806	-1
807	-1
808	-1
809	-1
810	1829590
811	-1
812	-1
813	-1
814	1834110
815	-1
816	-1
817	-1
818	-1
819	1838630
820	-1
821	-1
822	-1
823	1843150
824	-1
825	-1
826	-1
827	-1
828	1847670
829	-1
830	-1
831	-1
832	1852190
833	-1
834	-1
835	-1
836	-1
837	1856710
838	-1
839	-1
840	-1
841	1861230
842	-1
843	-1
844	-1
845	-1
846	1865750
847	-1
848	-1
849	-1
850	1870270
851	-1
852	-1
853	-1
854	-1
855	1874790
856	-1
857	-1
858	-1
859	1879310
860	-1
861	-1
862	-1
863	-1
864	1883830
865	-1
866	-1
867	-1
868	1888350
869	-1
870	-1
871	-1
872	-1
873	1892870
874	-1
875	-1
876	-1
877	1897390
878	-1
879	-1
880	-1
881	-1
882	1901910
883	-1
884	-1
885	-1
886	1906430
887	-1
888	-1
889	-1
890	-1
891	1910950
892	-1
893	-1
894	-1
895	-1
896	1915470
897	-1
898	-1
899	-1
900	1919990
901	-1
902	-1
903	-1
904	-1
905	1924510
906	-1
907	-1
908	-1
909	1929030
910	-1
911	-1
912	-1
913	-1
914	1933550
915	-1
916	-1
917	-1
918	1938070
919	-1
920	-1
921	-1
922	-1
923	1942590
924	-1
925	-1
926	-1
927	1947110
928	-1
929	-1
930	-1
931	-1
932	1951630
933	-1
934	-1
935	-1
936	1956150
937	-1
938	-1
939	-1
940	-1
941	1960670
942	-1
943	-1
944	-1
945	1965190
946	-1
947	-1
948	-1
949	-1
950	1969710
951	-1
952	-1
953	-1
954	1974230
955	-1
956	-1
957	-1
958	-1
959	1978750
960	-1
961	-1
962	-1
963	1983270
964	-1
965	-1
966	-1
967	-1
968	1987790
969	-1
970	-1
971	-1
972	1992310
973	-1
974	-1
975	-1
976	-1
977	1996830
978	-1
979	-1
980	-1
981	2001350
982	-1
983	-1
984	-1
985	-1
986	2005870
987	-1
988	-1
989	-1
990	2010390
991	-1
992	-1
993	-1
994	-1
995	2014910
996	-1
997	-1
998	-1
999	2019430
1000	-1
1001	-1
1002	-1
1003	-1
1004	2023950
1005	-1
1006	-1
1007	-1
1008	-1
1009	2028470
1010	-1
1011	-1
1012	-1
1013	2032990
1014	-1
1015	-1
1016	-1
1017	-1
1018	2037510
1019	-1
1020	-1
1021	-1
1022	2042030
1023	-1
1024	-1
1025	-1
1026	-1
1027	2046550
1028	-1
1029	-1
1030	-1
1031	2051070
1032	-1
1033	-1
1034	-1
1035	-1
1036	2055590
1037	-1
1038	-1
1039	-1
1040	2060110
1041	-1
1042	-1
1043	-1
1044	-1
1045	2064630
1046	-1
1047	-1
1048	-1
1049	2069150
1050	-1
1051	-1
1052	-1
1053	-1
1054	2073670
1055	-1
1056	-1
1057	-1
1058	2078190
1059	-1
1060	-1
1061	-1
1062	-1
1063	2082710
1064	-1
1065	-1
1066	-1
1067	2087230
1068	-1
1069	-1
1070	-1
1071	-1
1072	2091750
1073	-1
1074	-1
1075	-1
1076	2096270
1077	-1
1078	-1
1079	-1
1080	-1
1081	2100790
1082	-1
1083	-1
1084	-1
1085	2105310
1086	-1
1087	-1
1088	-1
1089	-1
1090	2109830
1091	-1
1092	-1
1093	-1
1094	2114350
1095	-1
1096	-1
1097	-1
1098	-1
1099	2118870
1100	-1
1101	-1
1102	-1
1103	2123390
1104	-1
1105	-1
1106	-1
1107	-1
1108	2127910
1109	-1
1110	-1
1111	-1
1112	2132430
1113	-1
1114	-1
1115	-1
1116	-1
1117	2136950
1118	-1
1119	-1
1120	-1
1121	-1
1122	2141470
1123	-1
1124	-1
1125	-1
1126	2145990
1127	-1
1128	-1
1129	-1
1130	-1
1131	2150510
1132	-1
1133	-1
1134	-1
1135	2155030
1136	-1
1137	-1
1138	-1
1139	-1
1140	2159550
1141	-1
1142	-1
1143	-1
1144	2164070
1145	-1
1146	-1
1147	-1
1148	-1
1149	2168590
1150	-1
1151	-1
1152	-1
1153	2173110
1154	-1
1155	-1
1156	-1
1157	-1
1158	2177630
1159	-1
1160	-1
1161	-1
1162	2182150
1163	-1
1164	-1
1165	-1
1166	-1
1167	2186670
1168	-1
1169	-1
1170	-1
1171	2191190
1172	-1
1173	-1
1174	-1
1175	-1
1176	2195710
1177	-1
1178	-1
1179	-1
1180	2200230
1181	-1
1182	-1
1183	-1
1184	-1
1185	2204750
1186	-1
1187	-1
1188	-1
1189	2209270
1190	-1
1191	-1
1192	-1
1193	-1
1194	2213790
1195	-1
1196	-1
1197	-1
1198	2218310
1199	-1
1200	-1
1201	-1
1202	-1
1203	2222830
1204	-1
1205	-1
1206	-1
1207	2227350
1208	-1
1209	-1
1210	-1
1211	-1
1212	2231870
1213	-1
1214	-1
1215	-1
1216	2236390
1217	-1
1218	-1
1219	-1
1220	-1
1221	2240910
1222	-1
1223	-1
1224	-1
1225	2245430
1226	-1
1227	-1
1228	-1
1229	-1
1230	2249950
1231	-1
1232	-1
1233	-1
1234	-1
1235	2254470
1236	-1
1237	-1
1238	-1
1239	2258990
1240	-1
1241	-1
1242	-1
1243	-1
1244	2263510
1245	-1
1246	-1
1247	-1
1248	2268030
1249	-1
1250	-1
1251	-1
1252	-1
1253	2272550
1254	-1
1255	-1
1256	-1
1257	2277070
1258	-1
1259	-1
1260	-1
1261	-1
1262	2281590
1263	-1
1264	-1
1265	-1
1266	2286110
1267	-1
1268	-1
1269	-1
1270	-1
1271	2290630
1272	-1
1273	-1
1274	-1
1275	2295150
1276	-1
1277	-1
1278	-1
1279	-1
1280	2299670
1281	-1
1282	-1
1283	-1
1284	2304190
1285	-1
1286	-1
1287	-1
1288	-1
1289	2308710
1290	-1
1291	-1
1292	-1
1293	2313230
1294	-1
1295	-1
1296	-1
1297	-1
1298	2317750
1299	-1
1300	-1
1301	-1
1302	2322270
1303	-1
1304	-1
1305	-1
1306	-1
1307	2326790
1308	-1
1309	-1
1310	-1
1311	2331310
1312	-1
1313	-1
1314	-1
1315	-1
1316	2335830
1317	-1
1318	-1
1319	-1
1320	2340350
1321	-1
1322	-1
1323	-1
1324	-1
1325	2344870
1326	-1
1327	-1
1328	-1
1329	2349390
1330	-1
1331	-1
1332	-1
1333	-1
1334	2353910
1335	-1
1336	-1
1337	-1
1338	2358430
1339	-1
1340	-1
1341	-1
1342	-1
1343	2362950
1344	-1
1345	-1
1346	-1
1347	-1
1348	2367470
1349	-1
1350	-1
1351	-1
1352	2371990
1353	-1
1354	-1
1355	-1
1356	-1
1357	2376510
1358	-1
1359	-1
1360	-1
1361	2381030
1362	-1
1363	-1
1364	-1
1365	-1
1366	2385550
1367	-1
1368	-1
1369	-1
1370	2390070
1371	-1
1372	-1
1373	-1
1374	-1
1375	2394590
1376	-1
1377	-1
1378	-1
1379	2399110
1380	-1
1381	-1
1382	-1
1383	-1
1384	2403630
1385	-1
1386	-1
1387	-1
1388	2408150
1389	-1
1390	-1
1391	-1
1392	-1
1393	2412670
1394	-1
1395	-1
1396	-1
1397	2417190
1398	-1
1399	-1
1400	-1
1401	-1
1402	2421710
1403	-1
1404	-1
1405	-1
1406	2426230
1407	-1
1408	-1
1409	-1
1410	-1
1411	2430750
1412	-1
1413	-1
1414	-1
1415	2435270
1416	-1
1417	-1
1418	-1
1419	-1
1420	2439790
1421	-1
1422	-1
1423	-1
1424	2444310
1425	-1
1426	-1
1427	-1
1428	-1
1429	2448830
1430	-1
1431	-1
1432	-1
1433	2453350
1434	-1
1435	-1
1436	-1
1437	-1
1438	2457870
1439	-1
1440	-1
1441	-1
1442	2462390
1443	-1
1444	-1
1445	-1
1446	-1
1447	2466910
1448	-1
1449	-1
1450	-1
1451	2471430
1452	-1
1453	-1
1454	-1
1455	-1
1456	2475950
1457	-1
1458	-1
1459	-1
1460	-1
1461	2480470
1462	-1
1463	-1
1464	-1
1465	2484990
1466	-1
1467	-1
1468	-1
1469	-1
1470	2489510
1471	-1
1472	-1
1473	-1
1474	2494030
1475	-1
1476	-1
1477	-1
1478	-1
1479	2498550
1480	-1
1481	-1
1482	-1
1483	2503070
1484	-1
1485	-1
1486	-1
1487	-1
1488	2507590
1489	-1
1490	-1
1491	-1
1492	2512110
1493	-1
1494	-1
1495	-1
1496	-1
1497	2516630
1498	-1
1499	-1
1500	-1
1501	2521150
1502	-1
1503	-1
1504	-1
1505	-1
1506	2525670
1507	-1
1508	-1
1509	-1
1510	2530190
1511	-1
1512	-1
1513	-1
1514	-1
1515	2534710
1516	-1
1517	-1
1518	-1
1519	2539230
1520	-1
1521	-1
1522	-1
1523	-1
1524	2543750
1525	-1
1526	-1
1527	-1
1528	2548270
1529	-1
1530	-1
1531	-1
1532	-1
1533	2552790
1534	-1
1535	-1
1536	-1
1537	2557310
1538	-1
1539	-1
1540	-1
1541	-1
1542	2561830
1543	-1
1544	-1
1545	-1
1546	2566350
1547	-1
1548	-1
1549	-1
1550	-1
1551	2570870
1552	-1
1553	-1
1554	-1
1555	2575390
1556	-1
1557	-1
1558	-1
1559	-1
1560	2579910
1561	-1
1562	-1
1563	-1
1564	2584430
1565	-1
1566	-1
1567	-1
1568	-1
1569	2588950
1570	-1
1571	-1
1572	-1
1573	-1
1574	2593470
1575	-1
1576	-1
1577	-1
1578	2597990
1579	-1
1580	-1
1581	-1
1582	-1
1583	2602510
1584	-1
1585	-1
1586	-1
1587	2607030
1588	-1
1589	-1
1590	-1
1591	-1
1592	2611550
1593	-1
1594	-1
1595	-1
1596	2616070
1597	-1
1598	-1
1599	-1
1600	-1
1601	2620590
1602	-1
1603	-1
1604	-1
1605	2625110
1606	-1
1607	-1
1608	-1
1609	-1
1610	2629630
1611	-1
1612	-1
1613	-1
1614	2634150
1615	-1
1616	-1
1617	-1
1618	-1
1619	2638670
1620	-1
1621	-1
1622	-1
1623	2643190
1624	-1
1625	-1
1626	-1
1627	-1
1628	2647710
1629	-1
1630	-1
1631	-1
1632	2652230
1633	-1
1634	-1
1635	-1
1636	-1
1637	2656750
1638	-1
1639	-1
1640	-1
1641	2661270
1642	-1
1643	-1
1644	-1
1645	-1
1646	2665790
1647	-1
1648	-1
1649	-1
1650	2670310
1651	-1
1652	-1
1653	-1
1654	-1
1655	2674830
1656	-1
1657	-1
1658	-1
1659	2679350
1660	-1
1661	-1
1662	-1
1663	-1
1664	2683870
1665	-1
1666	-1
1667	-1
1668	2688390
1669	-1
1670	-1
1671	-1
1672	-1
1673	2692910
1674	-1
1675	-1
1676	-1
1677	2697430
1678	-1
1679	-1
1680	-1
1681	-1
1682	2701950
1683	-1
1684	-1
1685	-1
1686	-1
1687	2706470
1688	-1
1689	-1
1690	-1
1691	2710990
1692	-1
1693	-1
1694	-1
1695	-1
1696	2715510
1697	-1
1698	-1
1699	-1
1700	2720030
1701	-1
1702	-1
1703	-1
1704	-1
1705	2724550
1706	-1
1707	-1
1708	-1
1709	2729070
1710	-1
1711	-1
1712	-1
1713	-1
1714	2733590
1715	-1
1716	-1
1717	-1
1718	2738110
1719	-1
1720	-1
1721	-1
1722	-1
1723	2742630
1724	-1
1725	-1
1726	-1
1727	2747150
1728	-1
1729	-1
1730	-1
1731	-1
1732	2751670
1733	-1
1734	-1
1735	-1
1736	2756190
1737	-1
1738	-1
1739	-1
1740	-1
1741	2760710
1742	-1
1743	-1
1744	-1
1745	2765230
1746	-1
1747	-1
1748	-1
1749	-1
1750	2769750
1751	-1
1752	-1
1753	-1
1754	2774270
1755	-1
1756	-1
1757	-1
1758	-1
1759	2778790
1760	-1
1761	-1
1762	-1
1763	2783310
1764	-1
1765	-1
1766	-1
1767	-1
1768	2787830
1769	-1
1770	-1
1771	-1
1772	2792350
1773	-1
1774	-1
1775	-1
1776	-1
1777	2796870
1778	-1
1779	-1
1780	-1
1781	2801390
1782	-1
1783	-1
1784	-1
1785	-1
1786	2805910
1787	-1
1788	-1
1789	-1
1790	2810430
1791	-1
1792	-1
1793	-1
1794	-1
1795	2814950
1796	-1
1797	-1
1798	-1
1799	-1
1800	2819470
1801	-1
1802	-1
1803	-1
1804	2823990
1805	-1
1806	-1
1807	-1
1808	-1
1809	2828510
1810	-1
1811	-1
1812	-1
1813	2833030
1814	-1
1815	-1
1816	-1
1817	-1
1818	2837550
1819	-1
1820	-1
1821	-1
1822	2842070
1823	-1
1824	-1
1825	-1
1826	-1
1827	2846590
1828	-1
1829	-1
1830	-1
1831	2851110
1832	-1
1833	-1
1834	-1
1835	-1
1836	2855630
1837	-1
1838	-1
1839	-1
1840	2860150
1841	-1
1842	-1
1843	-1
1844	-1
1845	2864670
1846	-1
1847	-1
1848	-1
1849	2869190
1850	-1
1851	-1
1852	-1
1853	-1
1854	2873710
1855	-1
1856	-1
1857	-1
1858	2878230
1859	-1
1860	-1
1861	-1
1862	-1
1863	2882750
1864	-1
1865	-1
1866	-1
1867	2887270
1868	-1
1869	-1
1870	-1
1871	-1
1872	2891790
1873	-1
1874	-1
1875	-1
1876	2896310
1877	-1
1878	-1
1879	-1
1880	-1
1881	2900830
1882	-1
1883	-1
1884	-1
1885	2905350
1886	-1
1887	-1
1888	-1
1889	-1
1890	2909870
1891	-1
1892	-1
1893	-1
1894	2914390
1895	-1
1896	-1
1897	-1
1898	-1
1899	2918910
1900	-1
1901	-1
1902	-1
1903	2923430
1904	-1
1905	-1
1906	-1
1907	-1
1908	2927950
1909	-1
1910	-1
1911	-1
1912	-1
1913	2932470
1914	-1
1915	-1
1916	-1
1917	2936990
1918	-1
1919	-1
1920	-1
1921	-1
1922	2941510
1923	-1
1924	-1
1925	-1
1926	2946030
1927	-1
1928	-1
1929	-1
1930	-1
1931	2950550
1932	-1
1933	-1
1934	-1
1935	2955070
1936	-1
1937	-1
1938	-1
1939	-1
1940	2959590
1941	-1
1942	-1
1943	-1
1944	2964110
1945	-1
1946	-1
1947	-1
1948	-1
1949	2968630
1950	-1
1951	-1
1952	-1
1953	2973150
1954	-1
1955	-1
1956	-1
1957	-1
1958	2977670
1959	-1
1960	-1
1961	-1
1962	2982190
1963	-1
1964	-1
1965	-1
1966	-1
1967	2986710
1968	-1
1969	-1
1970	-1
1971	2991230
1972	-1
1973	-1
1974	-1
1975	-1
1976	2995750
1977	-1
1978	-1
1979	-1
1980	3000270
1981	-1
1982	-1
1983	-1
1984	-1
1985	3004790
1986	-1
1987	-1
1988	-1
1989	3009310
1990	-1
1991	-1
1992	-1
1993	-1
1994	3013830
1995	-1
1996	-1
1997	-1
1998	3018350
1999	-1
2000	-1
2001	-1
2002	-1
2003	3022870
2004	-1
2005	-1
2006	-1
2007	3027390
2008	-1
2009	-1
2010	-1
2011	-1
2012	3031910
2013	-1
2014	-1
2015	-1
2016	3036430
2017	-1
2018	-1
2019	-1
2020	-1
2021	3040950
2022	-1
2023	-1
2024	-1
2025	-1
2026	3045470
2027	-1
2028	-1
2029	-1
2030	3049990
2031	-1
2032	-1
2033	-1
2034	-1
2035	3054510
2036	-1
2037	-1
2038	-1
2039	3059030
2040	-1
2041	-1
2042	-1
2043	-1
2044	3063550
2045	-1
2046	-1
2047	-1
2048	3068070
2049	-1
2050	-1
2051	-1
2052	-1
2053	3072590
2054	-1
2055	-1
2056	-1
2057	3077110
2058	-1
2059	-1
2060	-1
2061	-1
2062	3081630
2063	-1
2064	-1
2065	-1
2066	3086150
2067	-1
2068	-1
2069	-1
2070	-1
2071	3090670
2072	-1
2073	-1
2074	-1
2075	3095190
2076	-1
2077	-1
2078	-1
2079	-1
2080	3099710
2081	-1
2082	-1
2083	-1
2084	3104230
2085	-1
2086	-1
2087	-1
2088	-1
2089	3108750
2090	-1
2091	-1
2092	-1
2093	3113270
2094	-1
2095	-1
2096	-1
2097	-1
2098	3117790
2099	-1
2100	-1
2101	-1
2102	3122310
2103	-1
2104	-1
2105	-1
2106	-1
2107	3126830
2108	-1
2109	-1
2110	-1
2111	3131350
2112	-1
2113	-1
2114	-1
2115	-1
2116	3135870
2117	-1
2118	-1
2119	-1
2120	3140390
2121	-1
2122	-1
2123	-1
2124	-1
2125	3144910
2126	-1
2127	-1
2128	-1
2129	3149430
2130	-1
2131	-1
2132	-1
2133	-1
2134	3153950
2135	-1
2136	-1
2137	-1
2138	-1
2139	3158470
2140	-1
2141	-1
2142	-1
2143	3162990
2144	-1
2145	-1
2146	-1
2147	-1
2148	3167510
2149	-1
2150	-1
2151	-1
2152	3172030
2153	-1
2154	-1
2155	-1
2156	-1
2157	3176550
2158	-1
2159	-1
2160	-1
2161	3181070
2162	-1
2163	-1
2164	-1
2165	-1
2166	3185590
2167	-1
2168	-1
2169	-1
2170	3190110
2171	-1
2172	-1
2173	-1
2174	-1
2175	3194630
2176	-1
2177	-1
2178	-1
2179	3199150
2180	-1
2181	-1
2182	-1
2183	-1
2184	3203670
2185	-1
2186	-1
2187	-1
2188	3208190
2189	-1
2190	-1
2191	-1
2192	-1
2193	3212710
2194	-1
2195	-1
2196	-1
2197	3217230
2198	-1
2199	-1
2200	-1
2201	-1
2202	3221750
2203	-1
2204	-1
2205	-1
2206	3226270
2207	-1
2208	-1
2209	-1
2210	-1
2211	3230790
2212	-1
2213	-1
2214	-1
2215	3235310
2216	-1
2217	-1
2218	-1
2219	-1
2220	3239830
2221	-1
2222	-1
2223	-1
2224	3244350
2225	-1
2226	-1
2227	-1
2228	-1
2229	3248870
2230	-1
2231	-1
2232	-1
2233	3253390
2234	-1
2235	-1
2236	-1
2237	-1
2238	3257910
2239	-1
2240	-1
2241	-1
2242	3262430
2243	-1
2244	-1
2245	-1
2246	-1
2247	3266950
2248	-1
2249	-1
2250	-1
2251	-1
2252	3271470
2253	-1
2254	-1
2255	-1
2256	3275990
2257	-1
2258	-1
2259	-1
2260	-1
2261	3280510
2262	-1
2263	-1
2264	-1
2265	3285030
2266	-1
2267	-1
2268	-1
2269	-1
2270	3289550
2271	-1
2272	-1
2273	-1
2274	3294070
2275	-1
2276	-1
2277	-1
2278	-1
2279	3298590
2280	-1
2281	-1
2282	-1
2283	3303110
2284	-1
2285	-1
2286	-1
2287	-1
2288	3307630
2289	-1
2290	-1
2291	-1
2292	3312150
2293	-1
2294	-1
2295	-1
2296	-1
2297	3316670
2298	-1
2299	-1
2300	-1
2301	3321190
2302	-1
2303	-1
2304	-1
2305	-1
2306	3325710
2307	-1
2308	-1
2309	-1
2310	3330230
2311	-1
2312	-1
2313	-1
2314	-1
2315	3334750
2316	-1
2317	-1
2318	-1
2319	3339270
2320	-1
2321	-1
2322	-1
2323	-1
2324	3343790
2325	-1
2326	-1
2327	-1
2328	3348310
2329	-1
2330	-1
2331	-1
2332	-1
2333	3352830
2334	-1
2335	-1
2336	-1
2337	3357350
2338	-1
2339	-1
2340	-1
2341	-1
2342	3361870
2343	-1
2344	-1
2345	-1
2346	3366390
2347	-1
2348	-1
2349	-1
2350	-1
2351	3370910
2352	-1
2353	-1
2354	-1
2355	3375430
2356	-1
2357	-1
2358	-1
2359	-1
2360	3379950
2361	-1
2362	-1
2363	-1
2364	-1
2365	3384470
2366	-1
2367	-1
2368	-1
2369	3388990
2370	-1
2371	-1
2372	-1
2373	-1
2374	3393510
2375	-1
2376	-1
2377	-1
2378	3398030
2379	-1
2380	-1
2381	-1
2382	-1
2383	3402550
2384	-1
2385	-1
2386	-1
2387	3407070
2388	-1
2389	-1
2390	-1
2391	-1
2392	3411590
2393	-1
2394	-1
2395	-1
2396	3416110
2397	-1
2398	-1
2399	-1
2400	-1
2401	3420630
2402	-1
2403	-1
2404	-1
2405	3425150
2406	-1
2407	-1
2408	-1
2409	-1
2410	3429670
2411	-1
2412	-1
2413	-1
2414	3434190
2415	-1
2416	-1
2417	-1
2418	-1
2419	3438710
2420	-1
2421	-1
2422	-1
2423	3443230
2424	-1
2425	-1
2426	-1
2427	-1
2428	3447750
2429	-1
2430	-1
2431	-1
2432	3452270
2433	-1
2434	-1
2435	-1
2436	-1
2437	3456790
2438	-1
2439	-1
2440	-1
2441	3461310
2442	-1
2443	-1
2444	-1
2445	-1
2446	3465830
2447	-1
2448	-1
2449	-1
2450	3470350
2451	-1
2452	-1
2453	-1
2454	-1
2455	3474870
2456	-1
2457	-1
2458	-1
2459	3479390
2460	-1
2461	-1
2462	-1
2463	-1
2464	3483910
2465	-1
2466	-1
2467	-1
2468	3488430
2469	-1
2470	-1
2471	-1
2472	-1
2473	3492950
2474	-1
2475	-1
2476	-1
2477	-1
2478	3497470
2479	-1
2480	-1
2481	-1
2482	3501990
2483	-1
2484	-1
2485	-1
2486	-1
2487	3506510
2488	-1
2489	-1
2490	-1
2491	3511030
2492	-1
2493	-1
2494	-1
2495	-1
2496	3515550
2497	-1
2498	-1
2499	-1
2500	3520070
2501	-1
2502	-1
2503	-1
2504	-1
2505	3524590
2506	-1
2507	-1
2508	-1
2509	3529110
2510	-1
2511	-1
2512	-1
2513	-1
2514	3533630
2515	-1
2516	-1
2517	-1
2518	3538150
2519	-1
2520	-1
2521	-1
2522	-1
2523	3542670
2524	-1
2525	-1
2526	-1
2527	3547190
2528	-1
2529	-1
2530	-1
2531	-1
2532	3551710
2533	-1
2534	-1
2535	-1
2536	3556230
2537	-1
2538	-1
2539	-1
2540	-1
2541	3560750
2542	-1
2543	-1
2544	-1
2545	3565270
2546	-1
2547	-1
2548	-1
2549	-1
2550	3569790
2551	-1
2552	-1
2553	-1
2554	3574310
2555	-1
2556	-1
2557	-1
2558	-1
2559	3578830
2560	-1
2561	-1
2562	-1
2563	3583350
2564	-1
2565	-1
2566	-1
2567	-1
2568	3587870
2569	-1
2570	-1
2571	-1
2572	3592390
2573	-1
2574	-1
2575	-1
2576	-1
2577	3596910
2578	-1
2579	-1
2580	-1
2581	3601430
2582	-1
2583	-1
2584	-1
2585	-1
2586	3605950
2587	-1
2588	-1
2589	-1
2590	-1
2591	3610470
2592	-1
2593	-1
2594	-1
2595	3614990
2596	-1
2597	-1
2598	-1
2599	-1
2600	3619510
2601	-1
2602	-1
2603	-1
2604	3624030
2605	-1
2606	-1
2607	-1
2608	-1
2609	3628550
2610	-1
2611	-1
2612	-1
2613	3633070
2614	-1
2615	-1
2616	-1
2617	-1
2618	3637590
2619	-1
2620	-1
2621	-1
2622	3642110
2623	-1
2624	-1
2625	-1
2626	-1
2627	3646630
2628	-1
2629	-1
2630	-1
2631	3651150
2632	-1
2633	-1
2634	-1
2635	-1
2636	3655670
2637	-1
2638	-1
2639	-1
2640	3660190
2641	-1
2642	-1
2643	-1
2644	-1
2645	3664710
2646	-1
2647	-1
2648	-1
2649	3669230
2650	-1
2651	-1
2652	-1
2653	-1
2654	3673750
2655	-1
2656	-1
2657	-1
2658	3678270
2659	-1
2660	-1
2661	-1
2662	-1
2663	3682790
2664	-1
2665	-1
2666	-1
2667	3687310
2668	-1
2669	-1
2670	-1
2671	-1
2672	3691830
2673	-1
2674	-1
2675	-1
2676	3696350
2677	-1
2678	-1
2679	-1
2680	-1
2681	3700870
2682	-1
2683	-1
2684	-1
2685	3705390
2686	-1
2687	-1
2688	-1
2689	-1
2690	3709910
2691	-1
2692	-1
2693	-1
2694	3714430
2695	-1
2696	-1
2697	-1
2698	-1
2699	3718950
2700	-1
2701	-1
2702	-1
2703	-1
2704	3723470
2705	-1
2706	-1
2707	-1
2708	3727990
2709	-1
2710	-1
2711	-1
2712	-1
2713	3732510
2714	-1
2715	-1
2716	-1
2717	3737030
2718	-1
2719	-1
2720	-1
2721	-1
2722	3741550
2723	-1
2724	-1
2725	-1
2726	3746070
2727	-1
2728	-1
2729	-1
2730	-1
2731	3750590
2732	-1
2733	-1
2734	-1
2735	3755110
2736	-1
2737	-1
2738	-1
2739	-1
2740	3759630
2741	-1
2742	-1
2743	-1
2744	3764150
2745	-1
2746	-1
2747	-1
2748	-1
2749	3768670
2750	-1
2751	-1
2752	-1
2753	3773190
2754	-1
2755	-1
2756	-1
2757	-1
2758	3777710
2759	-1
2760	-1
2761	-1
2762	3782230
2763	-1
2764	-1
2765	-1
2766	-1
2767	3786750
2768	-1
2769	-1
2770	-1
2771	3791270
2772	-1
2773	-1
2774	-1
2775	-1
2776	3795790
2777	-1
2778	-1
2779	-1
2780	3800310
2781	-1
2782	-1
2783	-1
2784	-1
2785	3804830
2786	-1
2787	-1
2788	-1
2789	3809350
2790	-1
2791	-1
2792	-1
2793	-1
2794	3813870
2795	-1
2796	-1
2797	-1
2798	3818390
2799	-1
2800	-1
2801	-1
2802	-1
2803	3822910
2804	-1
2805	-1
2806	-1
2807	3827430
2808	-1
2809	-1
2810	-1
2811	-1
2812	3831950
2813	-1
2814	-1
2815	-1
2816	-1
2817	3836470
2818	-1
2819	-1
2820	-1
2821	3840990
2822	-1
2823	-1
2824	-1
2825	-1
2826	3845510
2827	-1
2828	-1
2829	-1
2830	3850030
2831	-1
2832	-1
2833	-1
2834	-1
2835	3854550
2836	-1
2837	-1
2838	-1
2839	3859070
2840	-1
2841	-1
2842	-1
2843	-1
2844	3863590
2845	-1
2846	-1
2847	-1
2848	3868110
2849	-1
2850	-1
2851	-1
2852	-1
2853	3872630
2854	-1
2855	-1
2856	-1
2857	3877150
2858	-1
2859	-1
2860	-1
2861	-1
2862	3881670
2863	-1
2864	-1
2865	-1
2866	3886190
2867	-1
2868	-1
2869	-1
2870	-1
2871	3890710
2872	-1
2873	-1
2874	-1
2875	3895230
2876	-1
2877	-1
2878	-1
2879	-1
2880	3899750
2881	-1
2882	-1
2883	-1
2884	3904270
2885	-1
2886	-1
2887	-1
2888	-1
2889	3908790
2890	-1
2891	-1
2892	-1
2893	3913310
2894	-1
2895	-1
2896	-1
2897	-1
2898	3917830
2899	-1
2900	-1
2901	-1
2902	3922350
2903	-1
2904	-1
2905	-1
2906	-1
2907	3926870
2908	-1
2909	-1
2910	-1
2911	3931390
2912	-1
2913	-1
2914	-1
2915	-1
2916	3935910
2917	-1
2918	-1
2919	-1
2920	3940430
2921	-1
2922	-1
2923	-1
2924	-1
2925	3944950
2926	-1
2927	-1
2928	-1
2929	-1
2930	3949470
2931	-1
2932	-1
2933	-1
2934	3953990
2935	-1
2936	-1
2937	-1
2938	-1
2939	3958510
2940	-1
2941	-1
2942	-1
2943	3963030
2944	-1
2945	-1
2946	-1
2947	-1
2948	3967550
2949	-1
2950	-1
2951	-1
2952	3972070
2953	-1
2954	-1
2955	-1
2956	-1
2957	3976590
2958	-1
2959	-1
2960	-1
2961	3981110
2962	-1
2963	-1
2964	-1
2965	-1
2966	3985630
2967	-1
2968	-1
2969	-1
2970	3990150
2971	-1
2972	-1
2973	-1
2974	-1
2975	3994670
2976	-1
2977	-1
2978	-1
2979	3999190
2980	-1
2981	-1
2982	-1
2983	-1
2984	4003710
2985	-1
2986	-1
2987	-1
2988	4008230
2989	-1
2990	-1
2991	-1
2992	-1
2993	4012750
2994	-1
2995	-1
2996	-1
2997	4017270
2998	-1
2999	-1
3000	-1
3001	-1
3002	4021790
3003	-1
3004	-1
3005	-1
3006	4026310
3007	-1
3008	-1
3009	-1
3010	-1
3011	4030830
3012	-1
3013	-1
3014	-1
3015	4035350
3016	-1
3017	-1
3018	-1
3019	-1
3020	4039870
3021	-1
3022	-1
3023	-1
3024	4044390
3025	-1
3026	-1
3027	-1
3028	-1
3029	4048910
3030	-1
3031	-1
3032	-1
3033	4053430
3034	-1
3035	-1
3036	-1
3037	-1
3038	4057950
3039	-1
3040	-1
3041	-1
3042	-1
3043	4062470
3044	-1
3045	-1
3046	-1
3047	4066990
3048	-1
3049	-1
3050	-1
3051	-1
3052	4071510
3053	-1
3054	-1
3055	-1
3056	4076030
3057	-1
3058	-1
3059	-1
3060	-1
3061	4080550
3062	-1
3063	-1
3064	-1
3065	4085070
3066	-1
3067	-1
3068	-1
3069	-1
3070	4089590
3071	-1
3072	-1
3073	-1
3074	4094110
3075	-1
3076	-1
3077	-1
3078	-1
3079	4098630
3080	-1
3081	-1
3082	-1
3083	4103150
3084	-1
3085	-1
3086	-1
3087	-1
3088	4107670
3089	-1
3090	-1
3091	-1
3092	4112190
3093	-1
3094	-1
3095	-1
3096	-1
3097	4116710
3098	-1
3099	-1
3100	-1
3101	4121230
3102	-1
3103	-1
3104	-1
3105	-1
3106	4125750
3107	-1
3108	-1
3109	-1
3110	4130270
3111	-1
3112	-1
3113	-1
3114	-1
3115	4134790
3116	-1
3117	-1
3118	-1
3119	4139310
3120	-1
3121	-1
3122	-1
3123	-1
3124	4143830
3125	-1
3126	-1
3127	-1
3128	4148350
3129	-1
3130	-1
3131	-1
3132	-1
3133	4152870
3134	-1
3135	-1
3136	-1
3137	4157390
3138	-1
3139	-1
3140	-1
3141	-1
3142	4161910
3143	-1
3144	-1
3145	-1
3146	4166430
3147	-1
3148	-1
3149	-1
3150	-1
3151	4170950
3152	-1
3153	-1
3154	-1
3155	-1
3156	4175470
3157	-1
3158	-1
3159	-1
3160	4179990
3161	-1
3162	-1
3163	-1
3164	-1
3165	4184510
3166	-1
3167	-1
3168	-1
3169	4189030
3170	-1
3171	-1
3172	-1
3173	-1
3174	4193550
3175	-1
3176	-1
3177	-1
3178	4198070
3179	-1
3180	-1
3181	-1
3182	-1
3183	4202590
3184	-1
3185	-1
3186	-1
3187	4207110
3188	-1
3189	-1
3190	-1
3191	-1
3192	4211630
3193	-1
3194	-1
3195	-1
3196	4216150
3197	-1
3198	-1
3199	-1
3200	-1
3201	4220670
3202	-1
3203	-1
3204	-1
3205	4225190
3206	-1
3207	-1
3208	-1
3209	-1
3210	4229710
3211	-1
3212	-1
3213	-1
3214	4234230
3215	-1
3216	-1
3217	-1
3218	-1
3219	4238750
3220	-1
3221	-1
3222	-1
3223	4243270
3224	-1
3225	-1
3226	-1
3227	-1
3228	4247790
3229	-1
3230	-1
3231	-1
3232	4252310
3233	-1
3234	-1
3235	-1
3236	-1
3237	4256830
3238	-1
3239	-1
3240	-1
3241	4261350
3242	-1
3243	-1
3244	-1
3245	-1
3246	4265870
3247	-1
3248	-1
3249	-1
3250	4270390
3251	-1
3252	-1
3253	-1
3254	-1
3255	4274910
3256	-1
3257	-1
3258	-1
3259	4279430
3260	-1
3261	-1
3262	-1
3263	-1
3264	4283950
3265	-1
3266	-1
3267	-1
3268	-1
3269	4288470
3270	-1
3271	-1
3272	-1
3273	4292990
3274	-1
3275	-1
3276	-1
3277	-1
3278	4297510
3279	-1
3280	-1
3281	-1
3282	4302030
3283	-1
3284	-1
3285	-1
3286	-1
3287	4306550
3288	-1
3289	-1
3290	-1
3291	4311070
3292	-1
3293	-1
3294	-1
3295	-1
3296	4315590
3297	-1
3298	-1
3299	-1
3300	4320110
3301	-1
3302	-1
3303	-1
3304	-1
3305	4324630
3306	-1
3307	-1
3308	-1
3309	4329150
3310	-1
3311	-1
3312	-1
3313	-1
3314	4333670
3315	-1
3316	-1
3317	-1
3318	4338190
3319	-1
3320	-1
3321	-1
3322	-1
3323	4342710
3324	-1
3325	-1
3326	-1
3327	4347230
3328	-1
3329	-1
3330	-1
3331	-1
3332	4351750
3333	-1
3334	-1
3335	-1
3336	4356270
3337	-1
3338	-1
3339	-1
3340	-1
3341	4360790
3342	-1
3343	-1
3344	-1
3345	4365310
3346	-1
3347	-1
3348	-1
3349	-1
3350	4369830
3351	-1
3352	-1
3353	-1
3354	4374350
3355	-1
3356	-1
3357	-1
3358	-1
3359	4378870
3360	-1
3361	-1
3362	-1
3363	4383390
3364	-1
3365	-1
3366	-1
3367	-1
3368	4387910
3369	-1
3370	-1
3371	-1
3372	4392430
3373	-1
3374	-1
3375	-1
3376	-1
3377	4396950
3378	-1
3379	-1
3380	-1
3381	-1
3382	4401470
3383	-1
3384	-1
3385	-1
3386	4405990
3387	-1
3388	-1
3389	-1
3390	-1
3391	4410510
3392	-1
3393	-1
3394	-1
3395	4415030
3396	-1
3397	-1
3398	-1
3399	-1
3400	4419550
3401	-1
3402	-1
3403	-1
3404	4424070
3405	-1
3406	-1
3407	-1
3408	-1
3409	4428590
3410	-1
3411	-1
3412	-1
3413	4433110
3414	-1
3415	-1
3416	-1
3417	-1
3418	4437630
3419	-1
3420	-1
3421	-1
3422	4442150
3423	-1
3424	-1
3425	-1
3426	-1
3427	4446670
3428	-1
3429	-1
3430	-1
3431	4451190
3432	-1
3433	-1
3434	-1
3435	-1
3436	4455710
3437	-1
3438	-1
3439	-1
3440	4460230
3441	-1
3442	-1
3443	-1
3444	-1
3445	4464750
3446	-1
3447	-1
3448	-1
3449	4469270
3450	-1
3451	-1
3452	-1
3453	-1
3454	4473790
3455	-1
3456	-1
3457	-1
3458	4478310
3459	-1
3460	-1
3461	-1
3462	-1
3463	4482830
3464	-1
3465	-1
3466	-1
3467	4487350
3468	-1
3469	-1
3470	-1
3471	-1
3472	4491870
3473	-1
3474	-1
3475	-1
3476	4496390
3477	-1
3478	-1
3479	-1
3480	-1
3481	4500910
3482	-1
3483	-1
3484	-1
3485	4505430
3486	-1
3487	-1
3488	-1
3489	-1
3490	4509950
3491	-1
3492	-1
3493	-1
3494	-1
3495	4514470
3496	-1
3497	-1
3498	-1
3499	4518990
3500	-1
3501	-1
3502	-1
3503	-1
3504	4523510
3505	-1
3506	-1
3507	-1
3508	4528030
3509	-1
3510	-1
3511	-1
3512	-1
3513	4532550
3514	-1
3515	-1
3516	-1
3517	4537070
3518	-1
3519	-1
3520	-1
3521	-1
3522	4541590
3523	-1
3524	-1
3525	-1
3526	4546110
3527	-1
3528	-1
3529	-1
3530	-1
3531	4550630
3532	-1
3533	-1
3534	-1
3535	4555150
3536	-1
3537	-1
3538	-1
3539	-1
3540	4559670
3541	-1
3542	-1
3543	-1
3544	4564190
3545	-1
3546	-1
3547	-1
3548	-1
3549	4568710
3550	-1
3551	-1
3552	-1
3553	4573230
3554	-1
3555	-1
3556	-1
3557	-1
3558	4577750
3559	-1
3560	-1
3561	-1
3562	4582270
3563	-1
3564	-1
3565	-1
3566	-1
3567	4586790
3568	-1
3569	-1
3570	-1
3571	4591310
3572	-1
3573	-1
3574	-1
3575	-1
3576	4595830
3577	-1
3578	-1
3579	-1
3580	4600350
3581	-1
3582	-1
3583	-1
3584	-1
3585	4604870
3586	-1
3587	-1
3588	-1
3589	4609390
3590	-1
3591	-1
3592	-1
3593	-1
3594	4613910
3595	-1
3596	-1
3597	-1
3598	4618430
3599	-1
3600	-1
3601	-1
3602	-1
3603	4622950
3604	-1
3605	-1
3606	-1
3607	-1
3608	4627470
3609	-1
3610	-1
3611	-1
3612	4631990
3613	-1
3614	-1
3615	-1
3616	-1
3617	4636510
3618	-1
3619	-1
3620	-1
3621	4641030
3622	-1
3623	-1
3624	-1
3625	-1
3626	4645550
3627	-1
3628	-1
3629	-1
3630	4650070
3631	-1
3632	-1
3633	-1
3634	-1
3635	4654590
3636	-1
3637	-1
3638	-1
3639	4659110
3640	-1
3641	-1
3642	-1
3643	-1
3644	4663630
3645	-1
3646	-1
3647	-1
3648	4668150
3649	-1
3650	-1
3651	-1
3652	-1
3653	4672670
3654	-1
3655	-1
3656	-1
3657	4677190
3658	-1
3659	-1
3660	-1
3661	-1
3662	4681710
3663	-1
3664	-1
3665	-1
3666	4686230
3667	-1
3668	-1
3669	-1
3670	-1
3671	4690750
3672	-1
3673	-1
3674	-1
3675	4695270
3676	-1
3677	-1
3678	-1
3679	-1
3680	4699790
3681	-1
3682	-1
3683	-1
3684	4704310
3685	-1
3686	-1
3687	-1
3688	-1
3689	4708830
3690	-1
3691	-1
3692	-1
3693	4713350
3694	-1
3695	-1
3696	-1
3697	-1
3698	4717870
3699	-1
3700	-1
3701	-1
3702	4722390
3703	-1
3704	-1
3705	-1
3706	-1
3707	4726910
3708	-1
3709	-1
3710	-1
3711	4731430
3712	-1
3713	-1
3714	-1
3715	-1
3716	4735950
3717	-1
3718	-1
3719	-1
3720	-1
3721	4740470
3722	-1
3723	-1
3724	-1
3725	4744990
3726	-1
3727	-1
3728	-1
3729	-1
3730	4749510
3731	-1
3732	-1
3733	-1
3734	4754030
3735	-1
3736	-1
3737	-1
3738	-1
3739	4758550
3740	-1
3741	-1
3742	-1
3743	4763070
3744	-1
3745	-1
3746	-1
3747	-1
3748	4767590
3749	-1
3750	-1
3751	-1
3752	4772110
3753	-1
3754	-1
3755	-1
3756	-1
3757	4776630
3758	-1
3759	-1
3760	-1
3761	4781150
3762	-1
3763	-1
3764	-1
3765	-1
3766	4785670
3767	-1
3768	-1
3769	-1
3770	4790190
3771	-1
3772	-1
3773	-1
3774	-1
3775	4794710
3776	-1
3777	-1
3778	-1
3779	4799230
3780	-1
3781	-1
3782	-1
3783	-1
3784	4803750
3785	-1
3786	-1
3787	-1
3788	4808270
3789	-1
3790	-1
3791	-1
3792	-1
3793	4812790
3794	-1
3795	-1
3796	-1
3797	4817310
3798	-1
3799	-1
3800	-1
3801	-1
3802	4821830
3803	-1
3804	-1
3805	-1
3806	4826350
3807	-1
3808	-1
3809	-1
3810	-1
3811	4830870
3812	-1
3813	-1
3814	-1
3815	4835390
3816	-1
3817	-1
3818	-1
3819	-1
3820	4839910
3821	-1
3822	-1
3823	-1
3824	4844430
3825	-1
3826	-1
3827	-1
3828	-1
3829	4848950
3830	-1
3831	-1
3832	-1
3833	-1
3834	4853470
3835	-1
3836	-1
3837	-1
3838	4857990
3839	-1
3840	-1
3841	-1
3842	-1
3843	4862510
3844	-1
3845	-1
3846	-1
3847	4867030
3848	-1
3849	-1
3850	-1
3851	-1
3852	4871550
3853	-1
3854	-1
3855	-1
3856	4876070
3857	-1
3858	-1
3859	-1
3860	-1
3861	4880590
3862	-1
3863	-1
3864	-1
3865	4885110
3866	-1
3867	-1
3868	-1
3869	-1
3870	4889630
3871	-1
3872	-1
3873	-1
3874	4894150
3875	-1
3876	-1
3877	-1
3878	-1
3879	4898670
3880	-1
3881	-1
3882	-1
3883	4903190
3884	-1
3885	-1
3886	-1
3887	-1
3888	4907710
3889	-1
3890	-1
3891	-1
3892	4912230
3893	-1
3894	-1
3895	-1
3896	-1
3897	4916750
3898	-1
3899	-1
3900	-1
3901	4921270
3902	-1
3903	-1
3904	-1
3905	-1
3906	4925790
3907	-1
3908	-1
3909	-1
3910	4930310
3911	-1
3912	-1
3913	-1
3914	-1
3915	4934830
3916	-1
3917	-1
3918	-1
3919	4939350
3920	-1
3921	-1
3922	-1
3923	-1
3924	4943870
3925	-1
3926	-1
3927	-1
3928	4948390
3929	-1
3930	-1
3931	-1
3932	-1
3933	4952910
3934	-1
3935	-1
3936	-1
3937	4957430
3938	-1
3939	-1
3940	-1
3941	-1
3942	4961950
3943	-1
3944	-1
3945	-1
3946	-1
3947	4966470
3948	-1
3949	-1
3950	-1
3951	4970990
3952	-1
3953	-1
3954	-1
3955	-1
3956	4975510
3957	-1
3958	-1
3959	-1
3960	4980030
3961	-1
3962	-1
3963	-1
3964	-1
3965	4984550
3966	-1
3967	-1
3968	-1
3969	4989070
3970	-1
3971	-1
3972	-1
3973	-1
3974	4993590
3975	-1
3976	-1
3977	-1
3978	4998110
3979	-1
3980	-1
3981	-1
3982	-1
3983	5002630
3984	-1
3985	-1
3986	-1
3987	5007150
3988	-1
3989	-1
3990	-1
3991	-1
3992	5011670
3993	-1
3994	-1
3995	-1
3996	5016190
3997	-1
3998	-1
3999	-1
4000	-1
4001	5020710
4002	-1
4003	-1
4004	-1
4005	5025230
4006	-1
4007	-1
4008	-1
4009	-1
4010	5029750
4011	-1
4012	-1
4013	-1
4014	5034270
4015	-1
4016	-1
4017	-1
4018	-1
4019	5038790
4020	-1
4021	-1
4022	-1
4023	5043310
4024	-1
4025	-1
4026	-1
4027	-1
4028	5047830
4029	-1
4030	-1
4031	-1
4032	5052350
4033	-1
4034	-1
4035	-1
4036	-1
4037	5056870
4038	-1
4039	-1
4040	-1
4041	5061390
4042	-1
4043	-1
4044	-1
4045	-1
4046	5065910
4047	-1
4048	-1
4049	-1
4050	5070430
4051	-1
4052	-1
4053	-1
4054	-1
4055	5074950
4056	-1
4057	-1
4058	-1
4059	-1
4060	5079470
4061	-1
4062	-1
4063	-1
4064	5083990
4065	-1
4066	-1
4067	-1
4068	-1
4069	5088510
4070	-1
4071	-1
4072	-1
4073	5093030
4074	-1
4075	-1
4076	-1
4077	-1
4078	5097550
4079	-1
4080	-1
4081	-1
4082	5102070
4083	-1
4084	-1
4085	-1
4086	-1
4087	5106590
4088	-1
4089	-1
4090	-1
4091	5111110
4092	-1
4093	-1
4094	-1
4095	-1
4096	5115630
4097	-1
4098	-1
4099	-1
4100	5120150
4101	-1
4102	-1
4103	-1
4104	-1
4105	5124670
4106	-1
4107	-1
4108	-1
4109	5129190
4110	-1
4111	-1
4112	-1
4113	-1
4114	5133710
4115	-1
4116	-1
4117	-1
4118	5138230
4119	-1
4120	-1
4121	-1
4122	-1
4123	5142750
4124	-1
4125	-1
4126	-1
4127	5147270
4128	-1
4129	-1
4130	-1
4131	-1
4132	5151790
4133	-1
4134	-1
4135	-1
4136	5156310
4137	-1
4138	-1
4139	-1
4140	-1
4141	5160830
4142	-1
4143	-1
4144	-1
4145	5165350
4146	-1
4147	-1
4148	-1
4149	-1
4150	5169870
4151	-1
4152	-1
4153	-1
4154	5174390
4155	-1
4156	-1
4157	-1
4158	-1
4159	5178910
4160	-1
4161	-1
4162	-1
4163	5183430
4164	-1
4165	-1
4166	-1
4167	-1
4168	5187950
4169	-1
4170	-1
4171	-1
4172	-1
4173	5192470
4174	-1
4175	-1
4176	-1
4177	5196990
4178	-1
4179	-1
4180	-1
4181	-1
4182	5201510
4183	-1
4184	-1
4185	-1
4186	5206030
4187	-1
4188	-1
4189	-1
4190	-1
4191	5210550
4192	-1
4193	-1
4194	-1
4195	5215070
4196	-1
4197	-1
4198	-1
4199	-1
4200	5219590
4201	-1
4202	-1
4203	-1
4204	5224110
4205	-1
4206	-1
4207	-1
4208	-1
4209	5228630
4210	-1
4211	-1
4212	-1
4213	5233150
4214	-1
4215	-1
4216	-1
4217	-1
4218	5237670
4219	-1
4220	-1
4221	-1
4222	5242190
4223	-1
4224	-1
4225	-1
4226	-1
4227	5246710
4228	-1
4229	-1
4230	-1
4231	5251230
4232	-1
4233	-1
4234	-1
4235	-1
4236	5255750
4237	-1
4238	-1
4239	-1
4240	5260270
4241	-1
4242	-1
4243	-1
4244	-1
4245	5264790
4246	-1
4247	-1
4248	-1
4249	5269310
4250	-1
4251	-1
4252	-1
4253	-1
4254	5273830
4255	-1
4256	-1
4257	-1
4258	5278350
4259	-1
4260	-1
4261	-1
4262	-1
4263	5282870
4264	-1
4265	-1
4266	-1
4267	5287390
4268	-1
4269	-1
4270	-1
4271	-1
4272	5291910
4273	-1
4274	-1
4275	-1
4276	5296430
4277	-1
4278	-1
4279	-1
4280	-1
4281	5300950
4282	-1
4283	-1
4284	-1
4285	-1
4286	5305470
4287	-1
4288	-1
4289	-1
4290	5309990
4291	-1
4292	-1
4293	-1
4294	-1
4295	5314510
4296	-1
4297	-1
4298	-1
4299	5319030
4300	-1
4301	-1
4302	-1
4303	-1
4304	5323550
4305	-1
4306	-1
4307	-1
4308	5328070
4309	-1
4310	-1
4311	-1
4312	-1
4313	5332590
4314	-1
4315	-1
4316	-1
4317	5337110
4318	-1
4319	-1
4320	-1
4321	-1
4322	5341630
4323	-1
4324	-1
4325	-1
4326	5346150
4327	-1
4328	-1
4329	-1
4330	-1
4331	5350670
4332	-1
4333	-1
4334	-1
4335	5355190
4336	-1
4337	-1
4338	-1
4339	-1
4340	5359710
4341	-1
4342	-1
4343	-1
4344	5364230
4345	-1
4346	-1
4347	-1
4348	-1
4349	5368750
4350	-1
4351	-1
4352	-1
4353	5373270
4354	-1
4355	-1
4356	-1
4357	-1
4358	5377790
4359	-1
4360	-1
4361	-1
4362	5382310
4363	-1
4364	-1
4365	-1
4366	-1
4367	5386830
4368	-1
4369	-1
4370	-1
4371	5391350
4372	-1
4373	-1
4374	-1
4375	-1
4376	5395870
4377	-1
4378	-1
4379	-1
4380	5400390
4381	-1
4382	-1
4383	-1
4384	-1
4385	5404910
4386	-1
4387	-1
4388	-1
4389	5409430
4390	-1
4391	-1
4392	-1
4393	-1
4394	5413950
4395	-1
4396	-1
4397	-1
4398	-1
4399	5418470
4400	-1
4401	-1
4402	-1
4403	5422990
4404	-1
4405	-1
4406	-1
4407	-1
4408	5427510
4409	-1
4410	-1
4411	-1
4412	5432030
4413	-1
4414	-1
4415	-1
4416	-1
4417	5436550
4418	-1
4419	-1
4420	-1
4421	5441070
4422	-1
4423	-1
4424	-1
4425	-1
4426	5445590
4427	-1
4428	-1
4429	-1
4430	5450110
4431	-1
4432	-1
4433	-1
4434	-1
4435	5454630
4436	-1
4437	-1
4438	-1
4439	5459150
4440	-1
4441	-1
4442	-1
4443	-1
4444	5463670
4445	-1
4446	-1
4447	-1
4448	5468190
4449	-1
4450	-1
4451	-1
4452	-1
4453	5472710
4454	-1
4455	-1
4456	-1
4457	5477230
4458	-1
4459	-1
4460	-1
4461	-1
4462	5481750
4463	-1
4464	-1
4465	-1
4466	5486270
4467	-1
4468	-1
4469	-1
4470	-1
4471	5490790
4472	-1
4473	-1
4474	-1
4475	5495310
4476	-1
4477	-1
4478	-1
4479	-1
4480	5499830
4481	-1
4482	-1
4483	-1
4484	5504350
4485	-1
4486	-1
4487	-1
4488	-1
4489	5508870
4490	-1
4491	-1
4492	-1
4493	5513390
4494	-1
4495	-1
4496	-1
4497	-1
4498	5517910
4499	-1
