0	1010069
1	1011576
2	1013082
3	-1
4	1014589
5	1016096
6	-1
7	1017602
8	1019109
9	-1
10	1020616
11	1022122
12	-1
13	1023629
14	1025136
15	-1
16	1026642
17	1028149
18	-1
19	1029656
20	1031162
21	-1
22	1032669
23	1034176
24	-1
25	1035682
26	1037189
27	-1
28	1038696
29	1040202
30	-1
31	1041709
32	1043216
33	-1
34	1044722
35	1046229
36	-1
37	1047736
38	1049242
39	-1
40	1050749
41	1052256
42	-1
43	1053762
44	1055269
45	-1
46	1056776
47	1058282
48	-1
49	1059789
50	1061296
51	-1
52	1062802
53	1064309
54	-1
55	1065816
56	1067322
57	-1
58	1068829
59	1070336
60	-1
61	1071842
62	1073349
63	-1
64	1074856
65	1076362
66	-1
67	1077869
68	1079376
69	-1
70	1080882
71	1082389
72	-1
73	1083896
74	1085402
75	-1
76	1086909
77	1088416
78	-1
79	1089922
80	1091429
81	-1
82	1092936
83	1094442
84	-1
85	1095949
86	1097456
87	-1
88	1098962
89	1100469
90	-1
91	1101976
92	1103482
93	-1
94	1104989
95	1106496
96	-1
97	1108002
98	1109509
99	-1
100	1111016
101	1112522
102	-1
103	1114029
104	1115536
105	-1
106	1117042
107	1118549
108	-1
109	1120056
110	1121562
111	-1
112	1123069
113	1124576
114	-1
115	1126082
116	1127589
117	-1
118	1129096
119	1130602
120	-1
121	1132109
122	1133616
123	-1
124	1135122
125	1136629
126	-1
127	1138136
128	1139642
129	-1
130	1141149
131	1142656
132	-1
133	1144162
134	1145669
135	-1
136	1147176
137	1148682
138	-1
139	1150189
140	1151696
141	-1
142	1153202
143	1154709
144	-1
145	1156216
146	1157722
147	-1
148	1159229
149	1160736
150	-1
151	1162242
152	1163749
153	-1
154	1165256
155	1166762
156	-1
157	1168269
158	1169776
159	-1
160	1171282
161	1172789
162	-1
163	1174296
164	1175802
165	-1
166	1177309
167	1178816
168	-1
169	1180322
170	1181829
171	-1
172	1183336
173	1184842
174	-1
175	1186349
176	1187856
177	-1
178	1189362
179	1190869
180	-1
181	1192376
182	1193882
183	-1
184	1195389
185	1196896
186	-1
187	1198402
188	1199909
189	-1
190	1201416
191	1202922
192	-1
193	1204429
194	1205936
195	-1
196	1207442
197	1208949
198	-1
199	1210456
200	1211962
201	-1
202	1213469
203	1214976
204	-1
205	1216482
206	1217989
207	-1
208	1219496
209	1221002
210	-1
211	1222509
212	1224016
213	-1
214	1225522
215	1227029
216	-1
217	1228536
218	1230042
219	-1
220	1231549
221	1233056
222	-1
223	1234562
224	1236069
225	-1
226	1237576
227	1239082
228	-1
229	1240589
230	1242096
231	-1
232	1243602
233	1245109
234	-1
235	1246616
236	1248122
237	-1
238	1249629
239	1251136
240	-1
241	1252642
242	1254149
243	-1
244	1255656
245	1257162
246	-1
247	1258669
248	1260176
249	-1
250	1261682
251	1263189
252	-1
253	1264696
254	1266202
255	-1
256	1267709
257	1269216
258	-1
259	1270722
260	1272229
261	-1
262	1273736
263	1275242
264	-1
265	1276749
266	1278256
267	-1
268	1279762
269	1281269
270	-1
271	1282776
272	1284282
273	-1
274	1285789
275	1287296
276	-1
277	1288802
278	1290309
279	-1
280	1291816
281	1293322
282	-1
283	1294829
284	1296336
285	-1
286	1297842
287	1299349
288	-1
289	1300856
290	1302362
291	-1
292	1303869
293	1305376
294	-1
295	1306882
296	1308389
297	-1
298	1309896
299	1311402
300	-1
301	1312909
302	1314416
303	-1
304	1315922
305	1317429
306	-1
307	1318936
308	1320442
309	-1
310	1321949
311	1323456
312	-1
313	1324962
314	1326469
315	-1
316	1327976
317	1329482
318	-1
319	1330989
320	1332496
321	-1
322	1334002
323	1335509
324	-1
325	1337016
326	1338522
327	-1
328	1340029
329	1341536
330	-1
331	1343042
332	1344549
333	-1
334	1346056
335	1347562
336	-1
337	1349069
338	1350576
339	-1
340	1352082
341	1353589
342	-1
343	1355096
344	1356602
345	-1
346	1358109
347	1359616
348	-1
349	1361122
350	1362629
351	-1
352	1364136
353	1365642
354	-1
355	1367149
356	1368656
357	-1
358	1370162
359	1371669
360	-1
361	1373176
362	1374682
363	-1
364	1376189
365	1377696
366	-1
367	1379202
368	1380709
369	-1
370	1382216
371	1383722
372	-1
373	1385229
374	1386736
375	-1
376	1388242
377	1389749
378	-1
379	1391256
380	1392762
381	-1
382	1394269
383	1395776
384	-1
385	1397282
386	1398789
387	-1
388	1400296
389	1401802
390	-1
391	1403309
392	1404816
393	-1
394	1406322
395	1407829
396	-1
397	1409336
398	1410842
399	-1
400	1412349
401	1413856
402	-1
403	1415362
404	1416869
405	-1
406	1418376
407	1419882
408	-1
409	1421389
410	1422896
411	-1
412	1424402
413	1425909
414	-1
415	1427416
416	1428922
417	-1
418	1430429
419	1431936
420	-1
421	1433442
422	1434949
423	-1
424	1436456
425	1437962
426	-1
427	1439469
428	1440976
429	-1
430	1442482
431	1443989
432	-1
433	1445496
434	1447002
435	-1
436	1448509
437	1450016
438	-1
439	1451522
440	1453029
441	-1
442	1454536
443	1456042
444	-1
445	1457549
446	1459056
447	-1
448	1460562
449	1462069
450	-1
451	1463576
452	1465082
453	-1
454	1466589
455	1468096
456	-1
457	1469602
458	1471109
459	-1
460	1472616
461	1474122
462	-1
463	1475629
464	1477136
465	-1
466	1478642
467	1480149
468	-1
469	1481656
470	1483162
471	-1
472	1484669
473	1486176
474	-1
475	1487682
476	1489189
477	-1
478	1490696
479	1492202
480	-1
481	1493709
482	1495216
483	-1
484	1496722
485	1498229
486	-1
487	1499736
488	1501242
489	-1
490	1502749
491	1504256
492	-1
493	1505762
494	1507269
495	-1
496	1508776
497	1510282
498	-1
499	1511789
500	1513296
501	-1
502	1514802
503	1516309
504	-1
505	1517816
506	1519322
507	-1
508	1520829
509	1522336
510	-1
511	1523842
512	1525349
513	-1
514	1526856
515	1528362
516	-1
517	1529869
518	1531376
519	-1
520	1532882
521	1534389
522	-1
523	1535896
524	1537402
525	-1
526	1538909
527	1540416
528	-1
529	1541922
530	1543429
531	-1
532	1544936
533	1546442
534	-1
535	1547949
536	1549456
537	-1
538	1550962
539	1552469
540	-1
541	1553976
542	1555482
543	-1
544	1556989
545	1558496
546	-1
547	1560002
548	1561509
549	-1
550	1563016
551	1564522
552	-1
553	1566029
554	1567536
555	-1
556	1569042
557	1570549
558	-1
559	1572056
560	1573562
561	-1
562	1575069
563	1576576
564	-1
565	1578082
566	1579589
567	-1
568	1581096
569	1582602
570	-1
571	1584109
572	1585616
573	-1
574	1587122
575	1588629
576	-1
577	1590136
578	1591642
579	-1
580	1593149
581	1594656
582	-1
583	1596162
584	1597669
585	-1
586	1599176
587	1600682
588	-1
589	1602189
590	1603696
591	-1
592	1605202
593	1606709
594	-1
595	1608216
596	1609722
597	-1
598	1611229
599	1612736
600	-1
601	1614242
602	1615749
603	-1
604	1617256
605	1618762
606	-1
607	1620269
608	1621776
609	-1
610	1623282
611	1624789
612	-1
613	1626296
614	1627802
615	-1
616	1629309
617	1630816
618	-1
619	1632322
620	1633829
621	-1
622	1635336
623	1636842
624	-1
625	1638349
626	1639856
627	-1
628	1641362
629	1642869
630	-1
631	1644376
632	1645882
633	-1
634	1647389
635	1648896
636	-1
637	1650402
638	1651909
639	-1
640	1653416
641	1654922
642	-1
643	1656429
644	1657936
645	-1
646	1659442
647	1660949
648	-1
649	1662456
650	1663962
651	-1
652	1665469
653	1666976
654	-1
655	1668482
656	1669989
657	-1
658	1671496
659	1673002
660	-1
661	1674509
662	1676016
663	-1
664	1677522
665	1679029
666	-1
667	1680536
668	1682042
669	-1
670	1683549
671	1685056
672	-1
673	1686562
674	1688069
675	-1
676	1689576
677	1691082
678	-1
679	1692589
680	1694096
681	-1
682	1695602
683	1697109
684	-1
685	1698616
686	1700122
687	-1
688	1701629
689	1703136
690	-1
691	1704642
692	1706149
693	-1
694	1707656
695	1709162
696	-1
697	1710669
698	1712176
699	-1
700	1713682
701	1715189
702	-1
703	1716696
704	1718202
705	-1
706	1719709
707	1721216
708	-1
709	1722722
710	1724229
711	-1
712	1725736
713	1727242
714	-1
715	1728749
716	1730256
717	-1
718	1731762
719	1733269
720	-1
721	1734776
722	1736282
723	-1
724	1737789
725	1739296
726	-1
727	1740802
728	1742309
729	-1
730	1743816
731	1745322
732	-1
733	1746829
734	1748336
735	-1
736	1749842
737	1751349
738	-1
739	1752856
740	1754362
741	-1
742	1755869
743	1757376
744	-1
745	1758882
746	1760389
747	-1
748	1761896
749	1763402
750	-1
751	1764909
752	1766416
753	-1
754	1767922
755	1769429
756	-1
757	1770936
758	1772442
759	-1
760	1773949
761	1775456
762	-1
763	1776962
764	1778469
765	-1
766	1779976
767	1781482
768	-1
769	1782989
770	1784496
771	-1
772	1786002
773	1787509
774	-1
775	1789016
776	1790522
777	-1
778	1792029
779	1793536
780	-1
781	1795042
782	1796549
783	-1
784	1798056
785	1799562
786	-1
787	1801069
788	1802576
789	-1
790	1804082
791	1805589
792	-1
793	1807096
794	1808602
795	-1
796	1810109
797	1811616
798	-1
799	1813122
800	1814629
801	-1
802	1816136
803	1817642
804	-1
805	1819149
806	1820656
807	-1
808	1822162
809	1823669
810	-1
811	1825176
812	1826682
813	-1
814	1828189
815	1829696
816	-1
817	1831202
818	1832709
819	-1
820	1834216
821	1835722
822	-1
823	1837229
824	1838736
825	-1
826	1840242
827	1841749
828	-1
829	1843256
830	1844762
831	-1
832	1846269
833	1847776
834	-1
835	1849282
836	1850789
837	-1
838	1852296
839	1853802
840	-1
841	1855309
842	1856816
843	-1
844	1858322
845	1859829
846	-1
847	1861336
848	1862842
849	-1
850	1864349
851	1865856
852	-1
853	1867362
854	1868869
855	-1
856	1870376
857	1871882
858	-1
859	1873389
860	1874896
861	-1
862	1876402
863	1877909
864	-1
865	1879416
866	1880922
867	-1
868	1882429
869	1883936
870	-1
871	1885442
872	1886949
873	-1
874	1888456
875	1889962
876	-1
877	1891469
878	1892976
879	-1
880	1894482
881	1895989
882	-1
883	1897496
884	1899002
885	-1
886	1900509
887	1902016
888	-1
889	1903522
890	1905029
891	-1
892	1906536
893	1908042
894	-1
895	1909549
896	1911056
897	-1
898	1912562
899	1914069
900	-1
901	1915576
902	1917082
903	-1
904	1918589
905	1920096
906	-1
907	1921602
908	1923109
909	-1
910	1924616
911	1926122
912	-1
913	1927629
914	1929136
915	-1
916	1930642
917	1932149
918	-1
919	1933656
920	1935162
921	-1
922	1936669
923	1938176
924	-1
925	1939682
926	1941189
927	-1
928	1942696
929	1944202
930	-1
931	1945709
932	1947216
933	-1
934	1948722
935	1950229
936	-1
937	1951736
938	1953242
939	-1
940	1954749
941	1956256
942	-1
943	1957762
944	1959269
945	-1
946	1960776
947	1962282
948	-1
949	1963789
950	1965296
951	-1
952	1966802
953	1968309
954	-1
955	1969816
956	1971322
957	-1
958	1972829
959	1974336
960	-1
961	1975842
962	1977349
963	-1
964	1978856
965	1980362
966	-1
967	1981869
968	1983376
969	-1
970	1984882
971	1986389
972	-1
973	1987896
974	1989402
975	-1
976	1990909
977	1992416
978	-1
979	1993922
980	1995429
981	-1
982	1996936
983	1998442
984	-1
985	1999949
986	2001456
987	-1
988	2002962
989	2004469
990	-1
991	2005976
992	2007482
993	-1
994	2008989
995	2010496
996	-1
997	-1
998	2012556
999	2014062
