0	1010069
1	1011576
2	1013082
3	-1
4	1014589
5	1016096
6	-1
7	1017602
8	1019109
9	-1
10	1020616
11	1022122
12	-1
13	1023629
14	1025136
15	-1
16	1026642
17	1028149
18	-1
19	1029656
20	1031162
21	-1
22	1032669
23	1034176
24	-1
25	1035682
26	1037189
27	-1
28	1038696
29	1040202
30	-1
31	1041709
32	1043216
33	-1
34	1044722
35	1046229
36	-1
37	1047736
38	1049242
39	-1
40	1050749
41	1052256
42	-1
43	1053762
44	1055269
45	-1
46	1056776
47	1058282
48	-1
49	1059789
50	1061296
51	-1
52	1062802
53	1064309
54	-1
55	1065816
56	1067322
57	-1
58	1068829
59	1070336
60	-1
61	1071842
62	1073349
63	-1
64	1074856
65	1076362
66	-1
67	1077869
68	1079376
69	-1
70	1080882
71	1082389
72	-1
73	1083896
74	1085402
75	-1
76	1086909
77	1088416
78	-1
79	1089922
80	1091429
81	-1
82	1092936
83	1094442
84	-1
85	1095949
86	1097456
87	-1
88	1098962
89	1100469
90	-1
91	1101976
92	1103482
93	-1
94	1104989
95	1106496
96	-1
97	1108002
98	1109509
99	-1
100	1111016
101	1112522
102	-1
103	1114029
104	1115536
105	-1
106	1117042
107	1118549
108	-1
109	1120056
110	1121562
111	-1
112	1123069
113	1124576
114	-1
115	1126082
116	1127589
117	-1
118	1129096
119	1130602
120	-1
121	1132109
122	1133616
123	-1
124	1135122
125	1136629
126	-1
127	1138136
128	1139642
129	-1
130	1141149
131	1142656
132	-1
133	1144162
134	1145669
135	-1
136	1147176
137	1148682
138	-1
139	1150189
140	1151696
141	-1
142	1153202
143	1154709
144	-1
145	1156216
146	1157722
147	-1
148	1159229
149	1160736
150	-1
151	1162242
152	1163749
153	-1
154	1165256
155	1166762
156	-1
157	1168269
158	1169776
159	-1
160	1171282
161	1172789
162	-1
163	1174296
164	1175802
165	-1
166	1177309
167	1178816
168	-1
169	1180322
170	1181829
171	-1
172	1183336
173	1184842
174	-1
175	1186349
176	1187856
177	-1
178	1189362
179	1190869
180	-1
181	1192376
182	1193882
183	-1
184	1195389
185	1196896
186	-1
187	1198402
188	1199909
189	-1
190	1201416
191	1202922
192	-1
193	1204429
194	1205936
195	-1
196	1207442
197	1208949
198	-1
199	1210456
200	1211962
201	-1
202	1213469
203	1214976
204	-1
205	1216482
206	1217989
207	-1
208	1219496
209	1221002
210	-1
211	1222509
212	1224016
213	-1
214	1225522
215	1227029
216	-1
217	1228536
218	1230042
219	-1
220	1231549
221	1233056
222	-1
223	1234562
224	1236069
225	-1
226	1237576
227	1239082
228	-1
229	1240589
230	1242096
231	-1
232	1243602
233	1245109
234	-1
235	1246616
236	1248122
237	-1
238	1249629
239	1251136
240	-1
241	1252642
242	1254149
243	-1
244	1255656
245	1257162
246	-1
247	1258669
248	1260176
249	-1
250	1261682
251	1263189
252	-1
253	1264696
254	1266202
255	-1
256	1267709
257	1269216
258	-1
259	1270722
260	1272229
261	-1
262	1273736
263	1275242
264	-1
265	1276749
266	1278256
267	-1
268	1279762
269	1281269
270	-1
271	1282776
272	1284282
273	-1
274	1285789
275	1287296
276	-1
277	1288802
278	1290309
279	-1
280	1291816
281	1293322
282	-1
283	1294829
284	1296336
285	-1
286	1297842
287	1299349
288	-1
289	1300856
290	1302362
291	-1
292	1303869
293	1305376
294	-1
295	1306882
296	1308389
297	-1
298	1309896
299	1311402
300	-1
301	1312909
302	1314416
303	-1
304	1315922
305	1317429
306	-1
307	1318936
308	1320442
309	-1
310	1321949
311	1323456
312	-1
313	1324962
314	1326469
315	-1
316	1327976
317	1329482
318	-1
319	1330989
320	1332496
321	-1
322	1334002
323	1335509
324	-1
325	1337016
326	1338522
327	-1
328	1340029
329	1341536
330	-1
331	1343042
332	1344549
333	-1
334	1346056
335	1347562
336	-1
337	1349069
338	1350576
339	-1
340	1352082
341	1353589
342	-1
343	1355096
344	1356602
345	-1
346	1358109
347	1359616
348	-1
349	1361122
350	1362629
351	-1
352	1364136
353	1365642
354	-1
355	1367149
356	1368656
357	-1
358	1370162
359	1371669
360	-1
361	1373176
362	1374682
363	-1
364	1376189
365	1377696
366	-1
367	1379202
368	1380709
369	-1
370	1382216
371	1383722
372	-1
373	1385229
374	1386736
375	-1
376	1388242
377	1389749
378	-1
379	1391256
380	1392762
381	-1
382	1394269
383	1395776
384	-1
385	1397282
386	1398789
387	-1
388	1400296
389	1401802
390	-1
391	1403309
392	1404816
393	-1
394	1406322
395	1407829
396	-1
397	1409336
398	1410842
399	-1
400	1412349
401	1413856
402	-1
403	1415362
404	1416869
405	-1
406	1418376
407	1419882
408	-1
409	1421389
410	1422896
411	-1
412	1424402
413	1425909
414	-1
415	1427416
416	1428922
417	-1
418	1430429
419	1431936
420	-1
421	1433442
422	1434949
423	-1
424	1436456
425	1437962
426	-1
427	1439469
428	1440976
429	-1
430	1442482
431	1443989
432	-1
433	1445496
434	1447002
435	-1
436	1448509
437	1450016
438	-1
439	1451522
440	1453029
441	-1
442	1454536
443	1456042
444	-1
445	1457549
446	1459056
447	-1
448	1460562
449	1462069
450	-1
451	1463576
452	1465082
453	-1
454	1466589
455	1468096
456	-1
457	1469602
458	1471109
459	-1
460	1472616
461	1474122
462	-1
463	1475629
464	1477136
465	-1
466	1478642
467	1480149
468	-1
469	1481656
470	1483162
471	-1
472	1484669
473	1486176
474	-1
475	1487682
476	1489189
477	-1
478	1490696
479	1492202
480	-1
481	1493709
482	1495216
483	-1
484	1496722
485	1498229
486	-1
487	1499736
488	1501242
489	-1
490	1502749
491	1504256
492	-1
493	1505762
494	1507269
495	-1
496	1508776
497	1510282
498	-1
499	-1
