0	1010069
1	1011576
2	1013082
3	-1
4	1014589
5	1016096
6	-1
7	1017602
8	1019109
9	-1
10	1020616
11	1022122
12	-1
13	1023629
14	1025136
15	-1
16	1026642
17	1028149
18	-1
19	1029656
20	1031162
21	-1
22	1032669
23	1034176
24	-1
25	1035682
26	1037189
27	-1
28	1038696
29	1040202
30	-1
31	1041709
32	1043216
33	-1
34	1044722
35	1046229
36	-1
37	1047736
38	1049242
39	-1
40	1050749
41	1052256
42	-1
43	1053762
44	1055269
45	-1
46	1056776
47	1058282
48	-1
49	1059789
50	1061296
51	-1
52	1062802
53	1064309
54	-1
55	1065816
56	1067322
57	-1
58	1068829
59	1070336
60	-1
61	1071842
62	1073349
63	-1
64	1074856
65	1076362
66	-1
67	1077869
68	1079376
69	-1
70	1080882
71	1082389
72	-1
73	1083896
74	1085402
75	-1
76	1086909
77	1088416
78	-1
79	1089922
80	1091429
81	-1
82	1092936
83	1094442
84	-1
85	1095949
86	1097456
87	-1
88	1098962
89	1100469
90	-1
91	1101976
92	1103482
93	-1
94	1104989
95	1106496
96	-1
97	1108002
98	1109509
99	-1
100	1111016
101	1112522
102	-1
103	1114029
104	1115536
105	-1
106	1117042
107	1118549
108	-1
109	1120056
110	1121562
111	-1
112	1123069
113	1124576
114	-1
115	1126082
116	1127589
117	-1
118	1129096
119	1130602
120	-1
121	1132109
122	1133616
123	-1
124	1135122
125	1136629
126	-1
127	1138136
128	1139642
129	-1
130	1141149
131	1142656
132	-1
133	1144162
134	1145669
135	-1
136	1147176
137	1148682
138	-1
139	1150189
140	1151696
141	-1
142	1153202
143	1154709
144	-1
145	1156216
146	1157722
147	-1
148	1159229
149	1160736
150	-1
151	1162242
152	1163749
153	-1
154	1165256
155	1166762
156	-1
157	1168269
158	1169776
159	-1
160	1171282
161	1172789
162	-1
163	1174296
164	1175802
165	-1
166	1177309
167	1178816
168	-1
169	1180322
170	1181829
171	-1
172	1183336
173	1184842
174	-1
175	1186349
176	1187856
177	-1
178	1189362
179	1190869
180	-1
181	1192376
182	1193882
183	-1
184	1195389
185	1196896
186	-1
187	1198402
188	1199909
189	-1
190	1201416
191	1202922
192	-1
193	1204429
194	1205936
195	-1
196	1207442
197	1208949
198	-1
199	1210456
200	1211962
201	-1
202	1213469
203	1214976
204	-1
205	1216482
206	1217989
207	-1
208	1219496
209	1221002
210	-1
211	1222509
212	1224016
213	-1
214	1225522
215	1227029
216	-1
217	1228536
218	1230042
219	-1
220	1231549
221	1233056
222	-1
223	1234562
224	1236069
225	-1
226	1237576
227	1239082
228	-1
229	1240589
230	1242096
231	-1
232	1243602
233	1245109
234	-1
235	1246616
236	1248122
237	-1
238	1249629
239	1251136
240	-1
241	1252642
242	1254149
243	-1
244	1255656
245	1257162
246	-1
247	1258669
248	1260176
249	-1
250	1261682
251	1263189
252	-1
253	1264696
254	1266202
255	-1
256	1267709
257	1269216
258	-1
259	1270722
260	1272229
261	-1
262	1273736
263	1275242
264	-1
265	1276749
266	1278256
267	-1
268	1279762
269	1281269
270	-1
271	1282776
272	1284282
273	-1
274	1285789
275	1287296
276	-1
277	1288802
278	1290309
279	-1
280	1291816
281	1293322
282	-1
283	1294829
284	1296336
285	-1
286	1297842
287	1299349
288	-1
289	1300856
290	1302362
291	-1
292	1303869
293	1305376
294	-1
295	1306882
296	1308389
297	-1
298	1309896
299	1311402
300	-1
301	1312909
302	1314416
303	-1
304	1315922
305	1317429
306	-1
307	1318936
308	1320442
309	-1
310	1321949
311	1323456
312	-1
313	1324962
314	1326469
315	-1
316	1327976
317	1329482
318	-1
319	1330989
320	1332496
321	-1
322	1334002
323	1335509
324	-1
325	1337016
326	1338522
327	-1
328	1340029
329	1341536
330	-1
331	1343042
332	1344549
333	-1
334	1346056
335	1347562
336	-1
337	1349069
338	1350576
339	-1
340	1352082
341	1353589
342	-1
343	1355096
344	1356602
345	-1
346	1358109
347	1359616
348	-1
349	1361122
350	1362629
351	-1
352	1364136
353	1365642
354	-1
355	1367149
356	1368656
357	-1
358	1370162
359	1371669
360	-1
361	1373176
362	1374682
363	-1
364	1376189
365	1377696
366	-1
367	1379202
368	1380709
369	-1
370	1382216
371	1383722
372	-1
373	1385229
374	1386736
375	-1
376	1388242
377	1389749
378	-1
379	1391256
380	1392762
381	-1
382	1394269
383	1395776
384	-1
385	1397282
386	1398789
387	-1
388	1400296
389	1401802
390	-1
391	1403309
392	1404816
393	-1
394	1406322
395	1407829
396	-1
397	1409336
398	1410842
399	-1
400	1412349
401	1413856
402	-1
403	1415362
404	1416869
405	-1
406	1418376
407	1419882
408	-1
409	1421389
410	1422896
411	-1
412	1424402
413	1425909
414	-1
415	1427416
416	1428922
417	-1
418	1430429
419	1431936
420	-1
421	1433442
422	1434949
423	-1
424	1436456
425	1437962
426	-1
427	1439469
428	1440976
429	-1
430	1442482
431	1443989
432	-1
433	1445496
434	1447002
435	-1
436	1448509
437	1450016
438	-1
439	1451522
440	1453029
441	-1
442	1454536
443	1456042
444	-1
445	1457549
446	1459056
447	-1
448	1460562
449	1462069
450	-1
451	1463576
452	1465082
453	-1
454	1466589
455	1468096
456	-1
457	1469602
458	1471109
459	-1
460	1472616
461	1474122
462	-1
463	1475629
464	1477136
465	-1
466	1478642
467	1480149
468	-1
469	1481656
470	1483162
471	-1
472	1484669
473	1486176
474	-1
475	1487682
476	1489189
477	-1
478	1490696
479	1492202
480	-1
481	1493709
482	1495216
483	-1
484	1496722
485	1498229
486	-1
487	1499736
488	1501242
489	-1
490	1502749
491	1504256
492	-1
493	1505762
494	1507269
495	-1
496	1508776
497	1510282
498	-1
499	1511789
500	1513296
501	-1
502	1514802
503	1516309
504	-1
505	1517816
506	1519322
507	-1
508	1520829
509	1522336
510	-1
511	1523842
512	1525349
513	-1
514	1526856
515	1528362
516	-1
517	1529869
518	1531376
519	-1
520	1532882
521	1534389
522	-1
523	1535896
524	1537402
525	-1
526	1538909
527	1540416
528	-1
529	1541922
530	1543429
531	-1
532	1544936
533	1546442
534	-1
535	1547949
536	1549456
537	-1
538	1550962
539	1552469
540	-1
541	1553976
542	1555482
543	-1
544	1556989
545	1558496
546	-1
547	1560002
548	1561509
549	-1
550	1563016
551	1564522
552	-1
553	1566029
554	1567536
555	-1
556	1569042
557	1570549
558	-1
559	1572056
560	1573562
561	-1
562	1575069
563	1576576
564	-1
565	1578082
566	1579589
567	-1
568	1581096
569	1582602
570	-1
571	1584109
572	1585616
573	-1
574	1587122
575	1588629
576	-1
577	1590136
578	1591642
579	-1
580	1593149
581	1594656
582	-1
583	1596162
584	1597669
585	-1
586	1599176
587	1600682
588	-1
589	1602189
590	1603696
591	-1
592	1605202
593	1606709
594	-1
595	1608216
596	1609722
597	-1
598	1611229
599	1612736
600	-1
601	1614242
602	1615749
603	-1
604	1617256
605	1618762
606	-1
607	1620269
608	1621776
609	-1
610	1623282
611	1624789
612	-1
613	1626296
614	1627802
615	-1
616	1629309
617	1630816
618	-1
619	1632322
620	1633829
621	-1
622	1635336
623	1636842
624	-1
625	1638349
626	1639856
627	-1
628	1641362
629	1642869
630	-1
631	1644376
632	1645882
633	-1
634	1647389
635	1648896
636	-1
637	1650402
638	1651909
639	-1
640	1653416
641	1654922
642	-1
643	1656429
644	1657936
645	-1
646	1659442
647	1660949
648	-1
649	1662456
650	1663962
651	-1
652	1665469
653	1666976
654	-1
655	1668482
656	1669989
657	-1
658	1671496
659	1673002
660	-1
661	1674509
662	1676016
663	-1
664	1677522
665	1679029
666	-1
667	1680536
668	1682042
669	-1
670	1683549
671	1685056
672	-1
673	1686562
674	1688069
675	-1
676	1689576
677	1691082
678	-1
679	1692589
680	1694096
681	-1
682	1695602
683	1697109
684	-1
685	1698616
686	1700122
687	-1
688	1701629
689	1703136
690	-1
691	1704642
692	1706149
693	-1
694	1707656
695	1709162
696	-1
697	1710669
698	1712176
699	-1
700	1713682
701	1715189
702	-1
703	1716696
704	1718202
705	-1
706	1719709
707	1721216
708	-1
709	1722722
710	1724229
711	-1
712	1725736
713	1727242
714	-1
715	1728749
716	1730256
717	-1
718	1731762
719	1733269
720	-1
721	1734776
722	1736282
723	-1
724	1737789
725	1739296
726	-1
727	1740802
728	1742309
729	-1
730	1743816
731	1745322
732	-1
733	1746829
734	1748336
735	-1
736	1749842
737	1751349
738	-1
739	1752856
740	1754362
741	-1
742	1755869
743	1757376
744	-1
745	1758882
746	1760389
747	-1
748	1761896
749	1763402
750	-1
751	1764909
752	1766416
753	-1
754	1767922
755	1769429
756	-1
757	1770936
758	1772442
759	-1
760	1773949
761	1775456
762	-1
763	1776962
764	1778469
765	-1
766	1779976
767	1781482
768	-1
769	1782989
770	1784496
771	-1
772	1786002
773	1787509
774	-1
775	1789016
776	1790522
777	-1
778	1792029
779	1793536
780	-1
781	1795042
782	1796549
783	-1
784	1798056
785	1799562
786	-1
787	1801069
788	1802576
789	-1
790	1804082
791	1805589
792	-1
793	1807096
794	1808602
795	-1
796	1810109
797	1811616
798	-1
799	1813122
800	1814629
801	-1
802	1816136
803	1817642
804	-1
805	1819149
806	1820656
807	-1
808	1822162
809	1823669
810	-1
811	1825176
812	1826682
813	-1
814	1828189
815	1829696
816	-1
817	1831202
818	1832709
819	-1
820	1834216
821	1835722
822	-1
823	1837229
824	1838736
825	-1
826	1840242
827	1841749
828	-1
829	1843256
830	1844762
831	-1
832	1846269
833	1847776
834	-1
835	1849282
836	1850789
837	-1
838	1852296
839	1853802
840	-1
841	1855309
842	1856816
843	-1
844	1858322
845	1859829
846	-1
847	1861336
848	1862842
849	-1
850	1864349
851	1865856
852	-1
853	1867362
854	1868869
855	-1
856	1870376
857	1871882
858	-1
859	1873389
860	1874896
861	-1
862	1876402
863	1877909
864	-1
865	1879416
866	1880922
867	-1
868	1882429
869	1883936
870	-1
871	1885442
872	1886949
873	-1
874	1888456
875	1889962
876	-1
877	1891469
878	1892976
879	-1
880	1894482
881	1895989
882	-1
883	1897496
884	1899002
885	-1
886	1900509
887	1902016
888	-1
889	1903522
890	1905029
891	-1
892	1906536
893	1908042
894	-1
895	1909549
896	1911056
897	-1
898	1912562
899	1914069
900	-1
901	1915576
902	1917082
903	-1
904	1918589
905	1920096
906	-1
907	1921602
908	1923109
909	-1
910	1924616
911	1926122
912	-1
913	1927629
914	1929136
915	-1
916	1930642
917	1932149
918	-1
919	1933656
920	1935162
921	-1
922	1936669
923	1938176
924	-1
925	1939682
926	1941189
927	-1
928	1942696
929	1944202
930	-1
931	1945709
932	1947216
933	-1
934	1948722
935	1950229
936	-1
937	1951736
938	1953242
939	-1
940	1954749
941	1956256
942	-1
943	1957762
944	1959269
945	-1
946	1960776
947	1962282
948	-1
949	1963789
950	1965296
951	-1
952	1966802
953	1968309
954	-1
955	1969816
956	1971322
957	-1
958	1972829
959	1974336
960	-1
961	1975842
962	1977349
963	-1
964	1978856
965	1980362
966	-1
967	1981869
968	1983376
969	-1
970	1984882
971	1986389
972	-1
973	1987896
974	1989402
975	-1
976	1990909
977	1992416
978	-1
979	1993922
980	1995429
981	-1
982	1996936
983	1998442
984	-1
985	1999949
986	2001456
987	-1
988	2002962
989	2004469
990	-1
991	2005976
992	2007482
993	-1
994	2008989
995	2010496
996	-1
997	2012002
998	2013509
999	-1
1000	2015016
1001	2016522
1002	-1
1003	2018029
1004	2019536
1005	-1
1006	2021042
1007	2022549
1008	-1
1009	2024056
1010	2025562
1011	-1
1012	2027069
1013	2028576
1014	-1
1015	2030082
1016	2031589
1017	-1
1018	2033096
1019	2034602
1020	-1
1021	2036109
1022	2037616
1023	-1
1024	2039122
1025	2040629
1026	-1
1027	2042136
1028	2043642
1029	-1
1030	2045149
1031	2046656
1032	-1
1033	2048162
1034	2049669
1035	-1
1036	2051176
1037	2052682
1038	-1
1039	2054189
1040	2055696
1041	-1
1042	2057202
1043	2058709
1044	-1
1045	2060216
1046	2061722
1047	-1
1048	2063229
1049	2064736
1050	-1
1051	2066242
1052	2067749
1053	-1
1054	2069256
1055	2070762
1056	-1
1057	2072269
1058	2073776
1059	-1
1060	2075282
1061	2076789
1062	-1
1063	2078296
1064	2079802
1065	-1
1066	2081309
1067	2082816
1068	-1
1069	2084322
1070	2085829
1071	-1
1072	2087336
1073	2088842
1074	-1
1075	2090349
1076	2091856
1077	-1
1078	2093362
1079	2094869
1080	-1
1081	2096376
1082	2097882
1083	-1
1084	2099389
1085	2100896
1086	-1
1087	2102402
1088	2103909
1089	-1
1090	2105416
1091	2106922
1092	-1
1093	2108429
1094	2109936
1095	-1
1096	2111442
1097	2112949
1098	-1
1099	2114456
1100	2115962
1101	-1
1102	2117469
1103	2118976
1104	-1
1105	2120482
1106	2121989
1107	-1
1108	2123496
1109	2125002
1110	-1
1111	2126509
1112	2128016
1113	-1
1114	2129522
1115	2131029
1116	-1
1117	2132536
1118	2134042
1119	-1
1120	2135549
1121	2137056
1122	-1
1123	2138562
1124	2140069
1125	-1
1126	2141576
1127	2143082
1128	-1
1129	2144589
1130	2146096
1131	-1
1132	2147602
1133	2149109
1134	-1
1135	2150616
1136	2152122
1137	-1
1138	2153629
1139	2155136
1140	-1
1141	2156642
1142	2158149
1143	-1
1144	2159656
1145	2161162
1146	-1
1147	2162669
1148	2164176
1149	-1
1150	2165682
1151	2167189
1152	-1
1153	2168696
1154	2170202
1155	-1
1156	2171709
1157	2173216
1158	-1
1159	2174722
1160	2176229
1161	-1
1162	2177736
1163	2179242
1164	-1
1165	2180749
1166	2182256
1167	-1
1168	2183762
1169	2185269
1170	-1
1171	2186776
1172	2188282
1173	-1
1174	2189789
1175	2191296
1176	-1
1177	2192802
1178	2194309
1179	-1
1180	2195816
1181	2197322
1182	-1
1183	2198829
1184	2200336
1185	-1
1186	2201842
1187	2203349
1188	-1
1189	2204856
1190	2206362
1191	-1
1192	2207869
1193	2209376
1194	-1
1195	2210882
1196	2212389
1197	-1
1198	2213896
1199	2215402
1200	-1
1201	2216909
1202	2218416
1203	-1
1204	2219922
1205	2221429
1206	-1
1207	2222936
1208	2224442
1209	-1
1210	2225949
1211	2227456
1212	-1
1213	2228962
1214	2230469
1215	-1
1216	2231976
1217	2233482
1218	-1
1219	2234989
1220	2236496
1221	-1
1222	2238002
1223	2239509
1224	-1
1225	2241016
1226	2242522
1227	-1
1228	2244029
1229	2245536
1230	-1
1231	2247042
1232	2248549
1233	-1
1234	2250056
1235	2251562
1236	-1
1237	2253069
1238	2254576
1239	-1
1240	2256082
1241	2257589
1242	-1
1243	2259096
1244	2260602
1245	-1
1246	2262109
1247	2263616
1248	-1
1249	2265122
1250	2266629
1251	-1
1252	2268136
1253	2269642
1254	-1
1255	2271149
1256	2272656
1257	-1
1258	2274162
1259	2275669
1260	-1
1261	2277176
1262	2278682
1263	-1
1264	2280189
1265	2281696
1266	-1
1267	2283202
1268	2284709
1269	-1
1270	2286216
1271	2287722
1272	-1
1273	2289229
1274	2290736
1275	-1
1276	2292242
1277	2293749
1278	-1
1279	2295256
1280	2296762
1281	-1
1282	2298269
1283	2299776
1284	-1
1285	2301282
1286	2302789
1287	-1
1288	2304296
1289	2305802
1290	-1
1291	2307309
1292	2308816
1293	-1
1294	2310322
1295	2311829
1296	-1
1297	2313336
1298	2314842
1299	-1
1300	2316349
1301	2317856
1302	-1
1303	2319362
1304	2320869
1305	-1
1306	2322376
1307	2323882
1308	-1
1309	2325389
1310	2326896
1311	-1
1312	2328402
1313	2329909
1314	-1
1315	2331416
1316	2332922
1317	-1
1318	2334429
1319	2335936
1320	-1
1321	2337442
1322	2338949
1323	-1
1324	2340456
1325	2341962
1326	-1
1327	2343469
1328	2344976
1329	-1
1330	2346482
1331	2347989
1332	-1
1333	2349496
1334	2351002
1335	-1
1336	2352509
1337	2354016
1338	-1
1339	2355522
1340	2357029
1341	-1
1342	2358536
1343	2360042
1344	-1
1345	2361549
1346	2363056
1347	-1
1348	2364562
1349	2366069
1350	-1
1351	2367576
1352	2369082
1353	-1
1354	2370589
1355	2372096
1356	-1
1357	2373602
1358	2375109
1359	-1
1360	2376616
1361	2378122
1362	-1
1363	2379629
1364	2381136
1365	-1
1366	2382642
1367	2384149
1368	-1
1369	2385656
1370	2387162
1371	-1
1372	2388669
1373	2390176
1374	-1
1375	2391682
1376	2393189
1377	-1
1378	2394696
1379	2396202
1380	-1
1381	2397709
1382	2399216
1383	-1
1384	2400722
1385	2402229
1386	-1
1387	2403736
1388	2405242
1389	-1
1390	2406749
1391	2408256
1392	-1
1393	2409762
1394	2411269
1395	-1
1396	2412776
1397	2414282
1398	-1
1399	2415789
1400	2417296
1401	-1
1402	2418802
1403	2420309
1404	-1
1405	2421816
1406	2423322
1407	-1
1408	2424829
1409	2426336
1410	-1
1411	2427842
1412	2429349
1413	-1
1414	2430856
1415	2432362
1416	-1
1417	2433869
1418	2435376
1419	-1
1420	2436882
1421	2438389
1422	-1
1423	2439896
1424	2441402
1425	-1
1426	2442909
1427	2444416
1428	-1
1429	2445922
1430	2447429
1431	-1
1432	2448936
1433	2450442
1434	-1
1435	2451949
1436	2453456
1437	-1
1438	2454962
1439	2456469
1440	-1
1441	-1
1442	2457976
1443	2459482
1444	-1
1445	2460989
1446	2462496
1447	-1
1448	2464002
1449	2465509
1450	-1
1451	2467016
1452	2468522
1453	-1
1454	2470029
1455	2471536
1456	-1
1457	2473042
1458	2474549
1459	-1
1460	2476056
1461	2477562
1462	-1
1463	2479069
1464	2480576
1465	-1
1466	2482082
1467	2483589
1468	-1
1469	2485096
1470	2486602
1471	-1
1472	2488109
1473	2489616
1474	-1
1475	2491122
1476	2492629
1477	-1
1478	2494136
1479	2495642
1480	-1
1481	2497149
1482	2498656
1483	-1
1484	2500162
1485	2501669
1486	-1
1487	2503176
1488	2504682
1489	-1
1490	2506189
1491	2507696
1492	-1
1493	2509202
1494	2510709
1495	-1
1496	2512216
1497	2513723
1498	-1
1499	2515229
1500	2516736
1501	-1
1502	2518243
1503	2519749
1504	-1
1505	2521256
1506	2522763
1507	-1
1508	2524269
1509	2525776
1510	-1
1511	2527283
1512	2528789
1513	-1
1514	2530296
1515	2531803
1516	-1
1517	2533309
1518	2534816
1519	-1
1520	2536323
1521	2537829
1522	-1
1523	2539336
1524	2540843
1525	-1
1526	2542349
1527	2543856
1528	-1
1529	2545363
1530	2546869
1531	-1
1532	2548376
1533	2549883
1534	-1
1535	2551389
1536	2552896
1537	-1
1538	2554403
1539	2555909
1540	-1
1541	2557416
1542	2558923
1543	-1
1544	2560429
1545	2561936
1546	-1
1547	2563443
1548	2564949
1549	-1
1550	2566456
1551	2567963
1552	-1
1553	2569469
1554	2570976
1555	-1
1556	2572483
1557	2573989
1558	-1
1559	2575496
1560	2577003
1561	-1
1562	2578509
1563	2580016
1564	-1
1565	2581523
1566	2583029
1567	-1
1568	2584536
1569	2586043
1570	-1
1571	2587549
1572	2589056
1573	-1
1574	2590563
1575	2592069
1576	-1
1577	2593576
1578	2595083
1579	-1
1580	2596589
1581	2598096
1582	-1
1583	2599603
1584	2601109
1585	-1
1586	2602616
1587	2604123
1588	-1
1589	2605629
1590	2607136
1591	-1
1592	2608643
1593	2610149
1594	-1
1595	2611656
1596	2613163
1597	-1
1598	2614669
1599	2616176
1600	-1
1601	2617683
1602	2619189
1603	-1
1604	2620696
1605	2622203
1606	-1
1607	2623709
1608	2625216
1609	-1
1610	2626723
1611	2628229
1612	-1
1613	2629736
1614	2631243
1615	-1
1616	2632749
1617	2634256
1618	-1
1619	2635763
1620	2637269
1621	-1
1622	2638776
1623	2640283
1624	-1
1625	2641789
1626	2643296
1627	-1
1628	2644803
1629	2646309
1630	-1
1631	2647816
1632	2649323
1633	-1
1634	2650829
1635	2652336
1636	-1
1637	2653843
1638	2655349
1639	-1
1640	2656856
1641	2658363
1642	-1
1643	2659869
1644	2661376
1645	-1
1646	2662883
1647	2664389
1648	-1
1649	2665896
1650	2667403
1651	-1
1652	2668909
1653	2670416
1654	-1
1655	2671923
1656	2673429
1657	-1
1658	2674936
1659	2676443
1660	-1
1661	2677949
1662	2679456
1663	-1
1664	2680963
1665	2682469
1666	-1
1667	-1
1668	2683976
1669	2685483
1670	-1
1671	2686989
1672	2688496
1673	-1
1674	2690003
1675	2691509
1676	-1
1677	2693016
1678	2694523
1679	-1
1680	2696029
1681	2697536
1682	-1
1683	2699043
1684	2700549
1685	-1
1686	2702056
1687	2703563
1688	-1
1689	2705069
1690	2706576
1691	-1
1692	2708083
1693	2709589
1694	-1
1695	2711096
1696	2712603
1697	-1
1698	2714109
1699	2715616
1700	-1
1701	2717123
1702	2718629
1703	-1
1704	2720136
1705	2721643
1706	-1
1707	2723149
1708	2724656
1709	-1
1710	2726163
1711	2727669
1712	-1
1713	2729176
1714	2730683
1715	-1
1716	2732189
1717	2733696
1718	-1
1719	2735203
1720	2736709
1721	-1
1722	2738216
1723	2739723
1724	-1
1725	2741229
1726	2742736
1727	-1
1728	2744243
1729	2745749
1730	-1
1731	2747256
1732	2748763
1733	-1
1734	2750269
1735	2751776
1736	-1
1737	2753283
1738	2754789
1739	-1
1740	2756296
1741	2757803
1742	-1
1743	2759309
1744	2760816
1745	-1
1746	2762323
1747	2763829
1748	-1
1749	2765336
1750	2766843
1751	-1
1752	2768349
1753	2769856
1754	-1
1755	2771363
1756	2772869
1757	-1
1758	2774376
1759	2775883
1760	-1
1761	2777389
1762	2778896
1763	-1
1764	2780403
1765	2781909
1766	-1
1767	2783416
1768	2784923
1769	-1
1770	2786429
1771	2787936
1772	-1
1773	2789443
1774	2790949
1775	-1
1776	2792456
1777	2793963
1778	-1
1779	2795469
1780	2796976
1781	-1
1782	2798483
1783	2799989
1784	-1
1785	2801496
1786	2803003
1787	-1
1788	2804509
1789	2806016
1790	-1
1791	2807523
1792	2809029
1793	-1
1794	2810536
1795	2812043
1796	-1
1797	2813549
1798	2815056
1799	-1
1800	2816563
1801	2818069
1802	-1
1803	2819576
1804	2821083
1805	-1
1806	2822589
1807	2824096
1808	-1
1809	2825603
1810	2827109
1811	-1
1812	2828616
1813	2830123
1814	-1
1815	2831629
1816	2833136
1817	-1
1818	2834643
1819	2836149
1820	-1
1821	2837656
1822	2839163
1823	-1
1824	2840669
1825	2842176
1826	-1
1827	2843683
1828	2845189
1829	-1
1830	2846696
1831	2848203
1832	-1
1833	2849709
1834	2851216
1835	-1
1836	2852723
1837	2854229
1838	-1
1839	2855736
1840	2857243
1841	-1
1842	2858749
1843	2860256
1844	-1
1845	2861763
1846	2863269
1847	-1
1848	2864776
1849	2866283
1850	-1
1851	2867789
1852	2869296
1853	-1
1854	2870803
1855	2872309
1856	-1
1857	2873816
1858	2875323
1859	-1
1860	2876829
1861	2878336
1862	-1
1863	2879843
1864	2881349
1865	-1
1866	2882856
1867	2884363
1868	-1
1869	2885869
1870	2887376
1871	-1
1872	2888883
1873	2890389
1874	-1
1875	2891896
1876	2893403
1877	-1
1878	2894909
1879	2896416
1880	-1
1881	2897923
1882	2899429
1883	-1
1884	2900936
1885	2902443
1886	-1
1887	2903949
1888	2905456
1889	-1
1890	2906963
1891	2908469
1892	-1
1893	-1
1894	2909976
1895	2911483
1896	-1
1897	2912989
1898	2914496
1899	-1
1900	2916003
1901	2917509
1902	-1
1903	2919016
1904	2920523
1905	-1
1906	2922029
1907	2923536
1908	-1
1909	2925043
1910	2926549
1911	-1
1912	2928056
1913	2929563
1914	-1
1915	2931069
1916	2932576
1917	-1
1918	2934083
1919	2935589
1920	-1
1921	2937096
1922	2938603
1923	-1
1924	2940109
1925	2941616
1926	-1
1927	2943123
1928	2944629
1929	-1
1930	2946136
1931	2947643
1932	-1
1933	2949149
1934	2950656
1935	-1
1936	2952163
1937	2953669
1938	-1
1939	2955176
1940	2956683
1941	-1
1942	2958189
1943	2959696
1944	-1
1945	2961203
1946	2962709
1947	-1
1948	2964216
1949	2965723
1950	-1
1951	2967229
1952	2968736
1953	-1
1954	2970243
1955	2971749
1956	-1
1957	2973256
1958	2974763
1959	-1
1960	2976269
1961	2977776
1962	-1
1963	2979283
1964	2980789
1965	-1
1966	2982296
1967	2983803
1968	-1
1969	2985309
1970	2986816
1971	-1
1972	2988323
1973	2989829
1974	-1
1975	2991336
1976	2992843
1977	-1
1978	2994349
1979	2995856
1980	-1
1981	2997363
1982	2998869
1983	-1
1984	3000376
1985	3001883
1986	-1
1987	3003389
1988	3004896
1989	-1
1990	3006403
1991	3007909
1992	-1
1993	3009416
1994	3010923
1995	-1
1996	3012429
1997	3013936
1998	-1
1999	3015443
2000	3016949
2001	-1
2002	3018456
2003	3019963
2004	-1
2005	3021469
2006	3022976
2007	-1
2008	3024483
2009	3025989
2010	-1
2011	3027496
2012	3029003
2013	-1
2014	3030509
2015	3032016
2016	-1
2017	3033523
2018	3035029
2019	-1
2020	3036536
2021	3038043
2022	-1
2023	3039549
2024	3041056
2025	-1
2026	3042563
2027	3044069
2028	-1
2029	3045576
2030	3047083
2031	-1
2032	3048589
2033	3050096
2034	-1
2035	3051603
2036	3053109
2037	-1
2038	3054616
2039	3056123
2040	-1
2041	3057629
2042	3059136
2043	-1
2044	3060643
2045	3062149
2046	-1
2047	3063656
2048	3065163
2049	-1
2050	3066669
2051	3068176
2052	-1
2053	3069683
2054	3071189
2055	-1
2056	3072696
2057	3074203
2058	-1
2059	3075709
2060	3077216
2061	-1
2062	3078723
2063	3080229
2064	-1
2065	3081736
2066	3083243
2067	-1
2068	3084749
2069	3086256
2070	-1
2071	3087763
2072	3089269
2073	-1
2074	3090776
2075	3092283
2076	-1
2077	3093789
2078	3095296
2079	-1
2080	3096803
2081	3098309
2082	-1
2083	3099816
2084	3101323
2085	-1
2086	3102829
2087	3104336
2088	-1
2089	3105843
2090	3107349
2091	-1
2092	3108856
2093	3110363
2094	-1
2095	3111869
2096	3113376
2097	-1
2098	3114883
2099	3116389
2100	-1
2101	3117896
2102	3119403
2103	-1
2104	3120909
2105	3122416
2106	-1
2107	3123923
2108	3125429
2109	-1
2110	3126936
2111	3128443
2112	-1
2113	3129949
2114	3131456
2115	-1
2116	3132963
2117	3134469
2118	-1
2119	-1
2120	3135976
2121	3137483
2122	-1
2123	3138989
2124	3140496
2125	-1
2126	3142003
2127	3143509
2128	-1
2129	3145016
2130	3146523
2131	-1
2132	3148029
2133	3149536
2134	-1
2135	3151043
2136	3152549
2137	-1
2138	3154056
2139	3155563
2140	-1
2141	3157069
2142	3158576
2143	-1
2144	3160083
2145	3161589
2146	-1
2147	3163096
2148	3164603
2149	-1
2150	3166109
2151	3167616
2152	-1
2153	3169123
2154	3170629
2155	-1
2156	3172136
2157	3173643
2158	-1
2159	3175149
2160	3176656
2161	-1
2162	3178163
2163	3179669
2164	-1
2165	3181176
2166	3182683
2167	-1
2168	3184189
2169	3185696
2170	-1
2171	3187203
2172	3188709
2173	-1
2174	3190216
2175	3191723
2176	-1
2177	3193229
2178	3194736
2179	-1
2180	3196243
2181	3197749
2182	-1
2183	3199256
2184	3200763
2185	-1
2186	3202269
2187	3203776
2188	-1
2189	3205283
2190	3206789
2191	-1
2192	3208296
2193	3209803
2194	-1
2195	3211309
2196	3212816
2197	-1
2198	3214323
2199	3215829
2200	-1
2201	3217336
2202	3218843
2203	-1
2204	3220349
2205	3221856
2206	-1
2207	3223363
2208	3224869
2209	-1
2210	3226376
2211	3227883
2212	-1
2213	3229389
2214	3230896
2215	-1
2216	3232403
2217	3233909
2218	-1
2219	3235416
2220	3236923
2221	-1
2222	3238429
2223	3239936
2224	-1
2225	3241443
2226	3242949
2227	-1
2228	3244456
2229	3245963
2230	-1
2231	3247469
2232	3248976
2233	-1
2234	3250483
2235	3251989
2236	-1
2237	3253496
2238	3255003
2239	-1
2240	3256509
2241	3258016
2242	-1
2243	3259523
2244	3261029
2245	-1
2246	3262536
2247	3264043
2248	-1
2249	3265549
2250	3267056
2251	-1
2252	3268563
2253	3270069
2254	-1
2255	3271576
2256	3273083
2257	-1
2258	3274589
2259	3276096
2260	-1
2261	3277603
2262	3279109
2263	-1
2264	3280616
2265	3282123
2266	-1
2267	3283629
2268	3285136
2269	-1
2270	3286643
2271	3288149
2272	-1
2273	3289656
2274	3291163
2275	-1
2276	3292669
2277	3294176
2278	-1
2279	3295683
2280	3297189
2281	-1
2282	3298696
2283	3300203
2284	-1
2285	3301709
2286	3303216
2287	-1
2288	3304723
2289	3306229
2290	-1
2291	3307736
2292	3309243
2293	-1
2294	3310749
2295	3312256
2296	-1
2297	3313763
2298	3315269
2299	-1
2300	3316776
2301	3318283
2302	-1
2303	3319789
2304	3321296
2305	-1
2306	3322803
2307	3324309
2308	-1
2309	3325816
2310	3327323
2311	-1
2312	3328829
2313	3330336
2314	-1
2315	3331843
2316	3333349
2317	-1
2318	3334856
2319	3336363
2320	-1
2321	3337869
2322	3339376
2323	-1
2324	3340883
2325	3342389
2326	-1
2327	3343896
2328	3345403
2329	-1
2330	3346909
2331	3348416
2332	-1
2333	3349923
2334	3351429
2335	-1
2336	3352936
2337	3354443
2338	-1
2339	3355949
2340	3357456
2341	-1
2342	3358963
2343	3360469
2344	-1
2345	-1
2346	3361976
2347	3363483
2348	-1
2349	3364989
2350	3366496
2351	-1
2352	3368003
2353	3369509
2354	-1
2355	3371016
2356	3372523
2357	-1
2358	3374029
2359	3375536
2360	-1
2361	3377043
2362	3378549
2363	-1
2364	3380056
2365	3381563
2366	-1
2367	3383069
2368	3384576
2369	-1
2370	3386083
2371	3387589
2372	-1
2373	3389096
2374	3390603
2375	-1
2376	3392109
2377	3393616
2378	-1
2379	3395123
2380	3396629
2381	-1
2382	3398136
2383	3399643
2384	-1
2385	3401149
2386	3402656
2387	-1
2388	3404163
2389	3405669
2390	-1
2391	3407176
2392	3408683
2393	-1
2394	3410189
2395	3411696
2396	-1
2397	3413203
2398	3414709
2399	-1
2400	3416216
2401	3417723
2402	-1
2403	3419229
2404	3420736
2405	-1
2406	3422243
2407	3423749
2408	-1
2409	3425256
2410	3426763
2411	-1
2412	3428269
2413	3429776
2414	-1
2415	3431283
2416	3432789
2417	-1
2418	3434296
2419	3435803
2420	-1
2421	3437309
2422	3438816
2423	-1
2424	3440323
2425	3441829
2426	-1
2427	3443336
2428	3444843
2429	-1
2430	3446349
2431	3447856
2432	-1
2433	3449363
2434	3450869
2435	-1
2436	3452376
2437	3453883
2438	-1
2439	3455389
2440	3456896
2441	-1
2442	3458403
2443	3459909
2444	-1
2445	3461416
2446	3462923
2447	-1
2448	3464429
2449	3465936
2450	-1
2451	3467443
2452	3468949
2453	-1
2454	3470456
2455	3471963
2456	-1
2457	3473469
2458	3474976
2459	-1
2460	3476483
2461	3477989
2462	-1
2463	3479496
2464	3481003
2465	-1
2466	3482509
2467	3484016
2468	-1
2469	3485523
2470	3487029
2471	-1
2472	3488536
2473	3490043
2474	-1
2475	3491549
2476	3493056
2477	-1
2478	3494563
2479	3496069
2480	-1
2481	3497576
2482	3499083
2483	-1
2484	3500589
2485	3502096
2486	-1
2487	3503603
2488	3505109
2489	-1
2490	3506616
2491	3508123
2492	-1
2493	3509629
2494	3511136
2495	-1
2496	3512643
2497	3514149
2498	-1
2499	3515656
2500	3517163
2501	-1
2502	3518669
2503	3520176
2504	-1
2505	3521683
2506	3523189
2507	-1
2508	3524696
2509	3526203
2510	-1
2511	3527709
2512	3529216
2513	-1
2514	3530723
2515	3532229
2516	-1
2517	3533736
2518	3535243
2519	-1
2520	3536749
2521	3538256
2522	-1
2523	3539763
2524	3541269
2525	-1
2526	3542776
2527	3544283
2528	-1
2529	3545789
2530	3547296
2531	-1
2532	3548803
2533	3550309
2534	-1
2535	3551816
2536	3553323
2537	-1
2538	3554829
2539	3556336
2540	-1
2541	3557843
2542	3559349
2543	-1
2544	3560856
2545	3562363
2546	-1
2547	3563869
2548	3565376
2549	-1
2550	3566883
2551	3568389
2552	-1
2553	3569896
2554	3571403
2555	-1
2556	3572909
2557	3574416
2558	-1
2559	3575923
2560	3577429
2561	-1
2562	3578936
2563	3580443
2564	-1
2565	3581949
2566	3583456
2567	-1
2568	3584963
2569	3586469
2570	-1
2571	-1
2572	3587976
2573	3589483
2574	-1
2575	3590989
2576	3592496
2577	-1
2578	3594003
2579	3595509
2580	-1
2581	3597016
2582	3598523
2583	-1
2584	3600029
2585	3601536
2586	-1
2587	3603043
2588	3604549
2589	-1
2590	3606056
2591	3607563
2592	-1
2593	3609069
2594	3610576
2595	-1
2596	3612083
2597	3613589
2598	-1
2599	3615096
2600	3616603
2601	-1
2602	3618109
2603	3619616
2604	-1
2605	3621123
2606	3622629
2607	-1
2608	3624136
2609	3625643
2610	-1
2611	3627149
2612	3628656
2613	-1
2614	3630163
2615	3631669
2616	-1
2617	3633176
2618	3634683
2619	-1
2620	3636189
2621	3637696
2622	-1
2623	3639203
2624	3640709
2625	-1
2626	3642216
2627	3643723
2628	-1
2629	3645229
2630	3646736
2631	-1
2632	3648243
2633	3649749
2634	-1
2635	3651256
2636	3652763
2637	-1
2638	3654269
2639	3655776
2640	-1
2641	3657283
2642	3658789
2643	-1
2644	3660296
2645	3661803
2646	-1
2647	3663309
2648	3664816
2649	-1
2650	3666323
2651	3667829
2652	-1
2653	3669336
2654	3670843
2655	-1
2656	3672349
2657	3673856
2658	-1
2659	3675363
2660	3676869
2661	-1
2662	3678376
2663	3679883
2664	-1
2665	3681389
2666	3682896
2667	-1
2668	3684403
2669	3685909
2670	-1
2671	3687416
2672	3688923
2673	-1
2674	3690429
2675	3691936
2676	-1
2677	3693443
2678	3694949
2679	-1
2680	3696456
2681	3697963
2682	-1
2683	3699469
2684	3700976
2685	-1
2686	3702483
2687	3703989
2688	-1
2689	3705496
2690	3707003
2691	-1
2692	3708509
2693	3710016
2694	-1
2695	3711523
2696	3713029
2697	-1
2698	3714536
2699	3716043
2700	-1
2701	3717549
2702	3719056
2703	-1
2704	3720563
2705	3722069
2706	-1
2707	3723576
2708	3725083
2709	-1
2710	3726589
2711	3728096
2712	-1
2713	3729603
2714	3731109
2715	-1
2716	3732616
2717	3734123
2718	-1
2719	3735629
2720	3737136
2721	-1
2722	3738643
2723	3740149
2724	-1
2725	3741656
2726	3743163
2727	-1
2728	3744669
2729	3746176
2730	-1
2731	3747683
2732	3749189
2733	-1
2734	3750696
2735	3752203
2736	-1
2737	3753709
2738	3755216
2739	-1
2740	3756723
2741	3758229
2742	-1
2743	3759736
2744	3761243
2745	-1
2746	3762749
2747	3764256
2748	-1
2749	3765763
2750	3767269
2751	-1
2752	3768776
2753	3770283
2754	-1
2755	3771789
2756	3773296
2757	-1
2758	3774803
2759	3776309
2760	-1
2761	3777816
2762	3779323
2763	-1
2764	3780829
2765	3782336
2766	-1
2767	3783843
2768	3785349
2769	-1
2770	3786856
2771	3788363
2772	-1
2773	3789869
2774	3791376
2775	-1
2776	3792883
2777	3794389
2778	-1
2779	3795896
2780	3797403
2781	-1
2782	3798909
2783	3800416
2784	-1
2785	3801923
2786	3803429
2787	-1
2788	3804936
2789	3806443
2790	-1
2791	3807949
2792	3809456
2793	-1
2794	3810963
2795	-1
2796	3812469
2797	3813976
2798	-1
2799	3815483
2800	3816989
2801	-1
2802	3818496
2803	3820003
2804	-1
2805	3821509
2806	3823016
2807	-1
2808	3824523
2809	3826029
2810	-1
2811	3827536
2812	3829043
2813	-1
2814	3830549
2815	3832056
2816	-1
2817	3833563
2818	3835069
2819	-1
2820	3836576
2821	3838083
2822	-1
2823	3839589
2824	3841096
2825	-1
2826	3842603
2827	3844109
2828	-1
2829	3845616
2830	3847123
2831	-1
2832	3848629
2833	3850136
2834	-1
2835	3851643
2836	3853149
2837	-1
2838	3854656
2839	3856163
2840	-1
2841	3857669
2842	3859176
2843	-1
2844	3860683
2845	3862189
2846	-1
2847	3863696
2848	3865203
2849	-1
2850	3866709
2851	3868216
2852	-1
2853	3869723
2854	3871229
2855	-1
2856	3872736
2857	3874243
2858	-1
2859	3875749
2860	3877256
2861	-1
2862	3878763
2863	3880269
2864	-1
2865	3881776
2866	3883283
2867	-1
2868	3884789
2869	3886296
2870	-1
2871	3887803
2872	3889309
2873	-1
2874	3890816
2875	3892323
2876	-1
2877	3893829
2878	3895336
2879	-1
2880	3896843
2881	3898349
2882	-1
2883	3899856
2884	3901363
2885	-1
2886	3902869
2887	3904376
2888	-1
2889	3905883
2890	3907389
2891	-1
2892	3908896
2893	3910403
2894	-1
2895	3911909
2896	3913416
2897	-1
2898	3914923
2899	3916429
2900	-1
2901	3917936
2902	3919443
2903	-1
2904	3920949
2905	3922456
2906	-1
2907	3923963
2908	3925469
2909	-1
2910	3926976
2911	3928483
2912	-1
2913	3929989
2914	3931496
2915	-1
2916	3933003
2917	3934509
2918	-1
2919	3936016
2920	3937523
2921	-1
2922	3939029
2923	3940536
2924	-1
2925	3942043
2926	3943549
2927	-1
2928	3945056
2929	3946563
2930	-1
2931	3948069
2932	3949576
2933	-1
2934	3951083
2935	3952589
2936	-1
2937	3954096
2938	3955603
2939	-1
2940	3957109
2941	3958616
2942	-1
2943	3960123
2944	3961629
2945	-1
2946	3963136
2947	3964643
2948	-1
2949	3966149
2950	3967656
2951	-1
2952	3969163
2953	3970669
2954	-1
2955	3972176
2956	3973683
2957	-1
2958	3975189
2959	3976696
2960	-1
2961	3978203
2962	3979709
2963	-1
2964	3981216
2965	3982723
2966	-1
2967	3984229
2968	3985736
2969	-1
2970	3987243
2971	3988749
2972	-1
2973	3990256
2974	3991763
2975	-1
2976	3993269
2977	3994776
2978	-1
2979	3996283
2980	3997789
2981	-1
2982	3999296
2983	4000803
2984	-1
2985	4002309
2986	4003816
2987	-1
2988	4005323
2989	4006829
2990	-1
2991	4008336
2992	4009843
2993	-1
2994	4011349
2995	4012856
2996	-1
2997	4014363
2998	4015869
2999	-1
3000	4017376
3001	4018883
3002	-1
3003	4020390
3004	4021896
3005	-1
3006	4023403
3007	4024910
3008	-1
3009	4026416
3010	4027923
3011	-1
3012	-1
3013	4029430
3014	4030936
3015	-1
3016	4032443
3017	4033950
3018	-1
3019	4035456
3020	4036963
3021	-1
3022	4038470
3023	4039976
3024	-1
3025	4041483
3026	4042990
3027	-1
3028	4044496
3029	4046003
3030	-1
3031	4047510
3032	4049016
3033	-1
3034	4050523
3035	4052030
3036	-1
3037	4053536
3038	4055043
3039	-1
3040	4056550
3041	4058056
3042	-1
3043	4059563
3044	4061070
3045	-1
3046	4062576
3047	4064083
3048	-1
3049	4065590
3050	4067096
3051	-1
3052	4068603
3053	4070110
3054	-1
3055	4071616
3056	4073123
3057	-1
3058	4074630
3059	4076136
3060	-1
3061	4077643
3062	4079150
3063	-1
3064	4080656
3065	4082163
3066	-1
3067	4083670
3068	4085176
3069	-1
3070	4086683
3071	4088190
3072	-1
3073	4089696
3074	4091203
3075	-1
3076	4092710
3077	4094216
3078	-1
3079	4095723
3080	4097230
3081	-1
3082	4098736
3083	4100243
3084	-1
3085	4101750
3086	4103256
3087	-1
3088	4104763
3089	4106270
3090	-1
3091	4107776
3092	4109283
3093	-1
3094	4110790
3095	4112296
3096	-1
3097	4113803
3098	4115310
3099	-1
3100	4116816
3101	4118323
3102	-1
3103	4119830
3104	4121336
3105	-1
3106	4122843
3107	4124350
3108	-1
3109	4125856
3110	4127363
3111	-1
3112	4128870
3113	4130376
3114	-1
3115	4131883
3116	4133390
3117	-1
3118	4134896
3119	4136403
3120	-1
3121	4137910
3122	4139416
3123	-1
3124	4140923
3125	4142430
3126	-1
3127	4143936
3128	4145443
3129	-1
3130	4146950
3131	4148456
3132	-1
3133	4149963
3134	4151470
3135	-1
3136	4152976
3137	4154483
3138	-1
3139	4155990
3140	4157496
3141	-1
3142	4159003
3143	4160510
3144	-1
3145	4162016
3146	4163523
3147	-1
3148	4165030
3149	4166536
3150	-1
3151	4168043
3152	4169550
3153	-1
3154	4171056
3155	4172563
3156	-1
3157	4174070
3158	4175576
3159	-1
3160	4177083
3161	4178590
3162	-1
3163	4180096
3164	4181603
3165	-1
3166	4183110
3167	4184616
3168	-1
3169	4186123
3170	4187630
3171	-1
3172	4189136
3173	4190643
3174	-1
3175	4192150
3176	4193656
3177	-1
3178	4195163
3179	4196670
3180	-1
3181	4198176
3182	4199683
3183	-1
3184	4201190
3185	4202696
3186	-1
3187	4204203
3188	4205710
3189	-1
3190	4207216
3191	4208723
3192	-1
3193	4210230
3194	4211736
3195	-1
3196	4213243
3197	4214750
3198	-1
3199	4216256
3200	4217763
3201	-1
3202	4219270
3203	4220776
3204	-1
3205	4222283
3206	4223790
3207	-1
3208	4225296
3209	4226803
3210	-1
3211	4228310
3212	4229816
3213	-1
3214	4231323
3215	4232830
3216	-1
3217	4234336
3218	4235843
3219	-1
3220	4237350
3221	4238856
3222	-1
3223	4240363
3224	4241870
3225	-1
3226	4243376
3227	4244883
3228	-1
3229	4246390
3230	4247896
3231	-1
3232	4249403
3233	4250910
3234	-1
3235	4252416
3236	4253923
3237	-1
3238	-1
3239	4255430
3240	4256936
3241	-1
3242	4258443
3243	4259950
3244	-1
3245	4261456
3246	4262963
3247	-1
3248	4264470
3249	4265976
3250	-1
3251	4267483
3252	4268990
3253	-1
3254	4270496
3255	4272003
3256	-1
3257	4273510
3258	4275016
3259	-1
3260	4276523
3261	4278030
3262	-1
3263	4279536
3264	4281043
3265	-1
3266	4282550
3267	4284056
3268	-1
3269	4285563
3270	4287070
3271	-1
3272	4288576
3273	4290083
3274	-1
3275	4291590
3276	4293096
3277	-1
3278	4294603
3279	4296110
3280	-1
3281	4297616
3282	4299123
3283	-1
3284	4300630
3285	4302136
3286	-1
3287	4303643
3288	4305150
3289	-1
3290	4306656
3291	4308163
3292	-1
3293	4309670
3294	4311176
3295	-1
3296	4312683
3297	4314190
3298	-1
3299	4315696
3300	4317203
3301	-1
3302	4318710
3303	4320216
3304	-1
3305	4321723
3306	4323230
3307	-1
3308	4324736
3309	4326243
3310	-1
3311	4327750
3312	4329256
3313	-1
3314	4330763
3315	4332270
3316	-1
3317	4333776
3318	4335283
3319	-1
3320	4336790
3321	4338296
3322	-1
3323	4339803
3324	4341310
3325	-1
3326	4342816
3327	4344323
3328	-1
3329	4345830
3330	4347336
3331	-1
3332	4348843
3333	4350350
3334	-1
3335	4351856
3336	4353363
3337	-1
3338	4354870
3339	4356376
3340	-1
3341	4357883
3342	4359390
3343	-1
3344	4360896
3345	4362403
3346	-1
3347	4363910
3348	4365416
3349	-1
3350	4366923
3351	4368430
3352	-1
3353	4369936
3354	4371443
3355	-1
3356	4372950
3357	4374456
3358	-1
3359	4375963
3360	4377470
3361	-1
3362	4378976
3363	4380483
3364	-1
3365	4381990
3366	4383496
3367	-1
3368	4385003
3369	4386510
3370	-1
3371	4388016
3372	4389523
3373	-1
3374	4391030
3375	4392536
3376	-1
3377	4394043
3378	4395550
3379	-1
3380	4397056
3381	4398563
3382	-1
3383	4400070
3384	4401576
3385	-1
3386	4403083
3387	4404590
3388	-1
3389	4406096
3390	4407603
3391	-1
3392	4409110
3393	4410616
3394	-1
3395	4412123
3396	4413630
3397	-1
3398	4415136
3399	4416643
3400	-1
3401	4418150
3402	4419656
3403	-1
3404	4421163
3405	4422670
3406	-1
3407	4424176
3408	4425683
3409	-1
3410	4427190
3411	4428696
3412	-1
3413	4430203
3414	4431710
3415	-1
3416	4433216
3417	4434723
3418	-1
3419	4436230
3420	4437736
3421	-1
3422	4439243
3423	4440750
3424	-1
3425	4442256
3426	4443763
3427	-1
3428	4445270
3429	4446776
3430	-1
3431	4448283
3432	4449790
3433	-1
3434	4451296
3435	4452803
3436	-1
3437	4454310
3438	4455816
3439	-1
3440	4457323
3441	4458830
3442	-1
3443	4460336
3444	4461843
3445	-1
3446	4463350
3447	4464856
3448	-1
3449	4466363
3450	4467870
3451	-1
3452	4469376
3453	4470883
3454	-1
3455	4472390
3456	4473896
3457	-1
3458	4475403
3459	4476910
3460	-1
3461	4478416
3462	4479923
3463	-1
3464	-1
3465	4481430
3466	4482936
3467	-1
3468	4484443
3469	4485950
3470	-1
3471	4487456
3472	4488963
3473	-1
3474	4490470
3475	4491976
3476	-1
3477	4493483
3478	4494990
3479	-1
3480	4496496
3481	4498003
3482	-1
3483	4499510
3484	4501016
3485	-1
3486	4502523
3487	4504030
3488	-1
3489	4505536
3490	4507043
3491	-1
3492	4508550
3493	4510056
3494	-1
3495	4511563
3496	4513070
3497	-1
3498	4514576
3499	4516083
