0	1008758
1	1009712
2	1010712
3	1011712
4	1012712
5	1013712
6	1014712
7	1015712
8	1016712
9	1017712
10	1018712
11	1019712
12	1020712
13	1021712
14	1022712
15	1023712
16	1024712
17	1025712
18	1026712
19	1027712
20	1028712
21	1029712
22	1030712
23	1031712
24	1032712
25	1033712
26	1034712
27	1035712
28	1036712
29	1037712
30	1038712
31	1039712
32	1040712
33	1041712
34	1042712
35	1043712
36	1044712
37	1045712
38	1046712
39	1047712
40	1048712
41	1049712
42	1050712
43	1051712
44	1052712
45	1053712
46	1054712
47	1055712
48	1056712
49	1057712
50	1058712
51	1059712
52	1060712
53	1061712
54	1062712
55	1063712
56	1064712
57	1065712
58	1066712
59	1067712
60	1068712
61	1069712
62	1070712
63	1071712
64	1072712
65	1073712
66	1074712
67	1075712
68	1076712
69	1077712
70	1078712
71	1079712
72	1080712
73	1081712
74	1082712
75	1083712
76	1084712
77	1085712
78	1086712
79	1087712
80	1088712
81	1089712
82	1090712
83	1091712
84	1092712
85	1093712
86	1094712
87	1095712
88	1096712
89	1097712
90	1098712
91	1099712
92	1100712
93	1101712
94	1102712
95	1103712
96	1104712
97	1105712
98	1106712
99	1107712
100	1108712
101	1109712
102	1110712
103	1111712
104	1112712
105	1113712
106	1114712
107	1115712
108	1116712
109	1117712
110	1118712
111	1119712
112	1120712
113	1121712
114	1122712
115	1123712
116	1124712
117	1125712
118	1126712
119	1127712
120	1128712
121	1129712
122	1130712
123	1131712
124	1132712
125	1133712
126	1134712
127	1135712
128	1136712
129	1137712
130	1138712
131	1139712
132	1140712
133	1141712
134	1142712
135	1143712
136	1144712
137	1145712
138	1146712
139	1147712
140	1148712
141	1149712
142	1150712
143	1151712
144	1152712
145	1153712
146	1154712
147	1155712
148	1156712
149	1157712
150	1158712
151	1159712
152	1160712
153	1161712
154	1162712
155	1163712
156	1164712
157	1165712
158	1166712
159	1167712
160	1168712
161	1169712
162	1170712
163	1171712
164	1172712
165	1173712
166	1174712
167	1175712
168	1176712
169	1177712
170	1178712
171	1179712
172	1180712
173	1181712
174	1182712
175	1183712
176	1184712
177	1185712
178	1186712
179	1187712
180	1188712
181	1189712
182	1190712
183	1191712
184	1192712
185	1193712
186	1194712
187	1195712
188	1196712
189	1197712
190	1198712
191	1199712
192	1200712
193	1201712
194	1202712
195	1203712
196	1204712
197	1205712
198	1206712
199	1207712
200	1208712
201	1209712
202	1210712
203	1211712
204	1212712
205	1213712
206	1214712
207	1215712
208	1216712
209	1217712
210	1218712
211	1219712
212	1220712
213	1221712
214	1222712
215	1223712
216	1224712
217	1225712
218	1226712
219	1227712
220	1228712
221	1229712
222	1230712
223	1231712
224	1232712
225	1233712
226	1234712
227	1235712
228	1236712
229	1237712
230	1238712
231	1239712
232	1240712
233	1241712
234	1242712
235	1243712
236	1244712
237	1245712
238	1246712
239	1247712
240	1248712
241	1249712
242	1250712
243	1251712
244	1252712
245	1253712
246	1254712
247	1255712
248	1256712
249	1257712
250	1258712
251	1259712
252	1260712
253	1261712
254	1262712
255	1263712
256	1264712
257	1265712
258	1266712
259	1267712
260	1268712
261	1269712
262	1270712
263	1271712
264	1272712
265	1273712
266	1274712
267	1275712
268	1276712
269	1277712
270	1278712
271	1279712
272	1280712
273	1281712
274	1282712
275	1283712
276	1284712
277	1285712
278	1286712
279	1287712
280	1288712
281	1289712
282	1290712
283	1291712
284	1292712
285	1293712
286	1294712
287	1295712
288	1296712
289	1297712
290	1298712
291	1299712
292	1300712
293	1301712
294	1302712
295	1303712
296	1304712
297	1305712
298	1306712
299	1307712
300	1308712
301	1309712
302	1310712
303	1311712
304	1312712
305	1313712
306	1314712
307	1315712
308	1316712
309	1317712
310	1318712
311	1319712
312	1320712
313	1321712
314	1322712
315	1323712
316	1324712
317	1325712
318	1326712
319	1327712
320	1328712
321	1329712
322	1330712
323	1331712
324	1332712
325	1333712
326	1334712
327	1335712
328	1336712
329	1337712
330	1338712
331	1339712
332	1340712
333	1341712
334	1342712
335	1343712
336	1344712
337	1345712
338	1346712
339	1347712
340	1348712
341	1349712
342	1350712
343	1351712
344	1352712
345	1353712
346	1354712
347	1355712
348	1356712
349	1357712
350	1358712
351	1359712
352	1360712
353	1361712
354	1362712
355	1363712
356	1364712
357	1365712
358	1366712
359	1367712
360	1368712
361	1369712
362	1370712
363	1371712
364	1372712
365	1373712
366	1374712
367	1375712
368	1376712
369	1377712
370	1378712
371	1379712
372	1380712
373	1381712
374	1382712
375	1383712
376	1384712
377	1385712
378	1386712
379	1387712
380	1388712
381	1389712
382	1390712
383	1391712
384	1392712
385	1393712
386	1394712
387	1395712
388	1396712
389	1397712
390	1398712
391	1399712
392	1400712
393	1401712
394	1402712
395	1403712
396	1404712
397	1405712
398	1406712
399	1407712
400	1408712
401	1409712
402	1410712
403	1411712
404	1412712
405	1413712
406	1414712
407	1415712
408	1416712
409	1417712
410	1418712
411	1419712
412	1420712
413	1421712
414	1422712
415	1423712
416	1424712
417	1425712
418	1426712
419	1427712
420	1428712
421	1429712
422	1430712
423	1431712
424	1432712
425	1433712
426	1434712
427	1435712
428	1436712
429	1437712
430	1438712
431	1439712
432	1440712
433	1441712
434	1442712
435	1443712
436	1444712
437	1445712
438	1446712
439	1447712
440	1448712
441	1449712
442	1450712
443	1451712
444	1452712
445	1453712
446	1454712
447	1455712
448	1456712
449	1457712
450	1458712
451	1459712
452	1460712
453	1461712
454	1462712
455	1463712
456	1464712
457	1465712
458	1466712
459	1467712
460	1468712
461	1469712
462	1470712
463	1471712
464	1472712
465	1473712
466	1474712
467	1475712
468	1476712
469	1477712
470	1478712
471	1479712
472	1480712
473	1481712
474	1482712
475	1483712
476	1484712
477	1485712
478	1486712
479	1487712
480	1488712
481	1489712
482	1490712
483	1491712
484	1492712
485	1493712
486	1494712
487	1495712
488	1496712
489	1497712
490	1498712
491	1499712
492	1500712
493	1501712
494	1502712
495	1503712
496	1504712
497	1505712
498	1506712
499	1507712
500	1508712
501	1509712
502	1510712
503	1511712
504	1512712
505	1513712
506	1514712
507	1515712
508	1516712
509	1517712
510	1518712
511	1519712
512	1520712
513	1521712
514	1522712
515	1523712
516	1524712
517	1525712
518	1526712
519	1527712
520	1528712
521	1529712
522	1530712
523	1531712
524	1532712
525	1533712
526	1534712
527	1535712
528	1536712
529	1537712
530	1538712
531	1539712
532	1540712
533	1541712
534	1542712
535	1543712
536	1544712
537	1545712
538	1546712
539	1547712
540	1548712
541	1549712
542	1550712
543	1551712
544	1552712
545	1553712
546	1554712
547	1555712
548	1556712
549	1557712
550	1558712
551	1559712
552	1560712
553	1561712
554	1562712
555	1563712
556	1564712
557	1565712
558	1566712
559	1567712
560	1568712
561	1569712
562	1570712
563	1571712
564	1572712
565	1573712
566	1574712
567	1575712
568	1576712
569	1577712
570	1578712
571	1579712
572	1580712
573	1581712
574	1582712
575	1583712
576	1584712
577	1585712
578	1586712
579	1587712
580	1588712
581	1589712
582	1590712
583	1591712
584	1592712
585	1593712
586	1594712
587	1595712
588	1596712
589	1597712
590	1598712
591	1599712
592	1600712
593	1601712
594	1602712
595	1603712
596	1604712
597	1605712
598	1606712
599	1607712
600	1608712
601	1609712
602	1610712
603	1611712
604	1612712
605	1613712
606	1614712
607	1615712
608	1616712
609	1617712
610	1618712
611	1619712
612	1620712
613	1621712
614	1622712
615	1623712
616	1624712
617	1625712
618	1626712
619	1627712
620	1628712
621	1629712
622	1630712
623	1631712
624	1632712
625	1633712
626	1634712
627	1635712
628	1636712
629	1637712
630	1638712
631	1639712
632	1640712
633	1641712
634	1642712
635	1643712
636	1644712
637	1645712
638	1646712
639	1647712
640	1648712
641	1649712
642	1650712
643	1651712
644	1652712
645	1653712
646	1654712
647	1655712
648	1656712
649	1657712
650	1658712
651	1659712
652	1660712
653	1661712
654	1662712
655	1663712
656	1664712
657	1665712
658	1666712
659	1667712
660	1668712
661	1669712
662	1670712
663	1671712
664	1672712
665	1673712
666	1674712
667	1675712
668	1676712
669	1677712
670	1678712
671	1679712
672	1680712
673	1681712
674	1682712
675	1683712
676	1684712
677	1685712
678	1686712
679	1687712
680	1688712
681	1689712
682	1690712
683	1691712
684	1692712
685	1693712
686	1694712
687	1695712
688	1696712
689	1697712
690	1698712
691	1699712
692	1700712
693	1701712
694	1702712
695	1703712
696	1704712
697	1705712
698	1706712
699	1707712
700	1708712
701	1709712
702	1710712
703	1711712
704	1712712
705	1713712
706	1714712
707	1715712
708	1716712
709	1717712
710	1718712
711	1719712
712	1720712
713	1721712
714	1722712
715	1723712
716	1724712
717	1725712
718	1726712
719	1727712
720	1728712
721	1729712
722	1730712
723	1731712
724	1732712
725	1733712
726	1734712
727	1735712
728	1736712
729	1737712
730	1738712
731	1739712
732	1740712
733	1741712
734	1742712
735	1743712
736	1744712
737	1745712
738	1746712
739	1747712
740	1748712
741	1749712
742	1750712
743	1751712
744	1752712
745	1753712
746	1754712
747	1755712
748	1756712
749	1757712
750	1758712
751	1759712
752	1760712
753	1761712
754	1762712
755	1763712
756	1764712
757	1765712
758	1766712
759	1767712
760	1768712
761	1769712
762	1770712
763	1771712
764	1772712
765	1773712
766	1774712
767	1775712
768	1776712
769	1777712
770	1778712
771	1779712
772	1780712
773	1781712
774	1782712
775	1783712
776	1784712
777	1785712
778	1786712
779	1787712
780	1788712
781	1789712
782	1790712
783	1791712
784	1792712
785	1793712
786	1794712
787	1795712
788	1796712
789	1797712
790	1798712
791	1799712
792	1800712
793	1801712
794	1802712
795	1803712
796	1804712
797	1805712
798	1806712
799	1807712
800	1808712
801	1809712
802	1810712
803	1811712
804	1812712
805	1813712
806	1814712
807	1815712
808	1816712
809	1817712
810	1818712
811	1819712
812	1820712
813	1821712
814	1822712
815	1823712
816	1824712
817	1825712
818	1826712
819	1827712
820	1828712
821	1829712
822	1830712
823	1831712
824	1832712
825	1833712
826	1834712
827	1835712
828	1836712
829	1837712
830	1838712
831	1839712
832	1840712
833	1841712
834	1842712
835	1843712
836	1844712
837	1845712
838	1846712
839	1847712
840	1848712
841	1849712
842	1850712
843	1851712
844	1852712
845	1853712
846	1854712
847	1855712
848	1856712
849	1857712
850	1858712
851	1859712
852	1860712
853	1861712
854	1862712
855	1863712
856	1864712
857	1865712
858	1866712
859	1867712
860	1868712
861	1869712
862	1870712
863	1871712
864	1872712
865	1873712
866	1874712
867	1875712
868	1876712
869	1877712
870	1878712
871	1879712
872	1880712
873	1881712
874	1882712
875	1883712
876	1884712
877	1885712
878	1886712
879	1887712
880	1888712
881	1889712
882	1890712
883	1891712
884	1892712
885	1893712
886	1894712
887	1895712
888	1896712
889	1897712
890	1898712
891	1899712
892	1900712
893	1901712
894	1902712
895	1903712
896	1904712
897	1905712
898	1906712
899	1907712
900	1908712
901	1909712
902	1910712
903	1911712
904	1912712
905	1913712
906	1914712
907	1915712
908	1916712
909	1917712
910	1918712
911	1919712
912	1920712
913	1921712
914	1922712
915	1923712
916	1924712
917	1925712
918	1926712
919	1927712
920	1928712
921	1929712
922	1930712
923	1931712
924	1932712
925	1933712
926	1934712
927	1935712
928	1936712
929	1937712
930	1938712
931	1939712
932	1940712
933	1941712
934	1942712
935	1943712
936	1944712
937	1945712
938	1946712
939	1947712
940	1948712
941	1949712
942	1950712
943	1951712
944	1952712
945	1953712
946	1954712
947	1955712
948	1956712
949	1957712
950	1958712
951	1959712
952	1960712
953	1961712
954	1962712
955	1963712
956	1964712
957	1965712
958	1966712
959	1967712
960	1968712
961	1969712
962	1970712
963	1971712
964	1972712
965	1973712
966	1974712
967	1975712
968	1976712
969	1977712
970	1978712
971	1979712
972	1980712
973	1981712
974	1982712
975	1983712
976	1984712
977	1985712
978	1986712
979	1987712
980	1988712
981	1989712
982	1990712
983	1991712
984	1992712
985	1993712
986	1994712
987	1995712
988	1996712
989	1997712
990	1998712
991	1999712
992	2000712
993	2001712
994	2002712
995	2003712
996	2004712
997	2005712
998	2006712
999	2007712
1000	2008712
1001	2009712
1002	2010712
1003	2011712
1004	2012712
1005	2013712
1006	2014712
1007	2015712
1008	2016712
1009	2017712
1010	2018712
1011	2019712
1012	2020712
1013	2021712
1014	2022712
1015	2023712
1016	2024712
1017	2025712
1018	2026712
1019	2027712
1020	2028712
1021	2029712
1022	2030712
1023	2031712
1024	2032712
1025	2033712
1026	2034712
1027	2035712
1028	2036712
1029	2037712
1030	2038712
1031	2039712
1032	2040712
1033	2041712
1034	2042712
1035	2043712
1036	2044712
1037	2045712
1038	2046712
1039	2047712
1040	2048712
1041	2049712
1042	2050712
1043	2051712
1044	2052712
1045	2053712
1046	2054712
1047	2055712
1048	2056712
1049	2057712
1050	2058712
1051	2059712
1052	2060712
1053	2061712
1054	2062712
1055	2063712
1056	2064712
1057	2065712
1058	2066712
1059	2067712
1060	2068712
1061	2069712
1062	2070712
1063	2071712
1064	2072712
1065	2073712
1066	2074712
1067	2075712
1068	2076712
1069	2077712
1070	2078712
1071	2079712
1072	2080712
1073	2081712
1074	2082712
1075	2083712
1076	2084712
1077	2085712
1078	2086712
1079	2087712
1080	2088712
1081	2089712
1082	2090712
1083	2091712
1084	2092712
1085	2093712
1086	2094712
1087	2095712
1088	2096712
1089	2097712
1090	2098712
1091	2099712
1092	2100712
1093	2101712
1094	2102712
1095	2103712
1096	2104712
1097	2105712
1098	2106712
1099	2107712
1100	2108712
1101	2109712
1102	2110712
1103	2111712
1104	2112712
1105	2113712
1106	2114712
1107	2115712
1108	2116712
1109	2117712
1110	2118712
1111	2119712
1112	2120712
1113	2121712
1114	2122712
1115	2123712
1116	2124712
1117	2125712
1118	2126712
1119	2127712
1120	2128712
1121	2129712
1122	2130712
1123	2131712
1124	2132712
1125	2133712
1126	2134712
1127	2135712
1128	2136712
1129	2137712
1130	2138712
1131	2139712
1132	2140712
1133	2141712
1134	2142712
1135	2143712
1136	2144712
1137	2145712
1138	2146712
1139	2147712
1140	2148712
1141	2149712
1142	2150712
1143	2151712
1144	2152712
1145	2153712
1146	2154712
1147	2155712
1148	2156712
1149	2157712
1150	2158712
1151	2159712
1152	2160712
1153	2161712
1154	2162712
1155	2163712
1156	2164712
1157	2165712
1158	2166712
1159	2167712
1160	2168712
1161	2169712
1162	2170712
1163	2171712
1164	2172712
1165	2173712
1166	2174712
1167	2175712
1168	2176712
1169	2177712
1170	2178712
1171	2179712
1172	2180712
1173	2181712
1174	2182712
1175	2183712
1176	2184712
1177	2185712
1178	2186712
1179	2187712
1180	2188712
1181	2189712
1182	2190712
1183	2191712
1184	2192712
1185	2193712
1186	2194712
1187	2195712
1188	2196712
1189	2197712
1190	2198712
1191	2199712
1192	2200712
1193	2201712
1194	2202712
1195	2203712
1196	2204712
1197	2205712
1198	2206712
1199	2207712
1200	2208712
1201	2209712
1202	2210712
1203	2211712
1204	2212712
1205	2213712
1206	2214712
1207	2215712
1208	2216712
1209	2217712
1210	2218712
1211	2219712
1212	2220712
1213	2221712
1214	2222712
1215	2223712
1216	2224712
1217	2225712
1218	2226712
1219	2227712
1220	2228712
1221	2229712
1222	2230712
1223	2231712
1224	2232712
1225	2233712
1226	2234712
1227	2235712
1228	2236712
1229	2237712
1230	2238712
1231	2239712
1232	2240712
1233	2241712
1234	2242712
1235	2243712
1236	2244712
1237	2245712
1238	2246712
1239	2247712
1240	2248712
1241	2249712
1242	2250712
1243	2251712
1244	2252712
1245	2253712
1246	2254712
1247	2255712
1248	2256712
1249	2257712
1250	2258712
1251	2259712
1252	2260712
1253	2261712
1254	2262712
1255	2263712
1256	2264712
1257	2265712
1258	2266712
1259	2267712
1260	2268712
1261	2269712
1262	2270712
1263	2271712
1264	2272712
1265	2273712
1266	2274712
1267	2275712
1268	2276712
1269	2277712
1270	2278712
1271	2279712
1272	2280712
1273	2281712
1274	2282712
1275	2283712
1276	2284712
1277	2285712
1278	2286712
1279	2287712
1280	2288712
1281	2289712
1282	2290712
1283	2291712
1284	2292712
1285	2293712
1286	2294712
1287	2295712
1288	2296712
1289	2297712
1290	2298712
1291	2299712
1292	2300712
1293	2301712
1294	2302712
1295	2303712
1296	2304712
1297	2305712
1298	2306712
1299	2307712
1300	2308712
1301	2309712
1302	2310712
1303	2311712
1304	2312712
1305	2313712
1306	2314712
1307	2315712
1308	2316712
1309	2317712
1310	2318712
1311	2319712
1312	2320712
1313	2321712
1314	2322712
1315	2323712
1316	2324712
1317	2325712
1318	2326712
1319	2327712
1320	2328712
1321	2329712
1322	2330712
1323	2331712
1324	2332712
1325	2333712
1326	2334712
1327	2335712
1328	2336712
1329	2337712
1330	2338712
1331	2339712
1332	2340712
1333	2341712
1334	2342712
1335	2343712
1336	2344712
1337	2345712
1338	2346712
1339	2347712
1340	2348712
1341	2349712
1342	2350712
1343	2351712
1344	2352712
1345	2353712
1346	2354712
1347	2355712
1348	2356712
1349	2357712
1350	2358712
1351	2359712
1352	2360712
1353	2361712
1354	2362712
1355	2363712
1356	2364712
1357	2365712
1358	2366712
1359	2367712
1360	2368712
1361	2369712
1362	2370712
1363	2371712
1364	2372712
1365	2373712
1366	2374712
1367	2375712
1368	2376712
1369	2377712
1370	2378712
1371	2379712
1372	2380712
1373	2381712
1374	2382712
1375	2383712
1376	2384712
1377	2385712
1378	2386712
1379	2387712
1380	2388712
1381	2389712
1382	2390712
1383	2391712
1384	2392712
1385	2393712
1386	2394712
1387	2395712
1388	2396712
1389	2397712
1390	2398712
1391	2399712
1392	2400712
1393	2401712
1394	2402712
1395	2403712
1396	2404712
1397	2405712
1398	2406712
1399	2407712
1400	2408712
1401	2409712
1402	2410712
1403	2411712
1404	2412712
1405	2413712
1406	2414712
1407	2415712
1408	2416712
1409	2417712
1410	2418712
1411	2419712
1412	2420712
1413	2421712
1414	2422712
1415	2423712
1416	2424712
1417	2425712
1418	2426712
1419	2427712
1420	2428712
1421	2429712
1422	2430712
1423	2431712
1424	2432712
1425	2433712
1426	2434712
1427	2435712
1428	2436712
1429	2437712
1430	2438712
1431	2439712
1432	2440712
1433	2441712
1434	2442712
1435	2443712
1436	2444712
1437	2445712
1438	2446712
1439	2447712
1440	2448712
1441	2449712
1442	2450712
1443	2451712
1444	2452712
1445	2453712
1446	2454712
1447	2455712
1448	2456712
1449	2457712
1450	2458712
1451	2459712
1452	2460712
1453	2461712
1454	2462712
1455	2463712
1456	2464712
1457	2465712
1458	2466712
1459	2467712
1460	2468712
1461	2469712
1462	2470712
1463	2471712
1464	2472712
1465	2473712
1466	2474712
1467	2475712
1468	2476712
1469	2477712
1470	2478712
1471	2479712
1472	2480712
1473	2481712
1474	2482712
1475	2483712
1476	2484712
1477	2485712
1478	2486712
1479	2487712
1480	2488712
1481	2489712
1482	2490712
1483	2491712
1484	2492712
1485	2493712
1486	2494712
1487	2495712
1488	2496712
1489	2497712
1490	2498712
1491	2499712
1492	2500712
1493	2501712
1494	2502712
1495	2503712
1496	2504712
1497	2505712
1498	2506712
1499	2507712
1500	2508712
1501	2509712
1502	2510712
1503	2511712
1504	2512712
1505	2513712
1506	2514712
1507	2515712
1508	2516712
1509	2517712
1510	2518712
1511	2519712
1512	2520712
1513	2521712
1514	2522712
1515	2523712
1516	2524712
1517	2525712
1518	2526712
1519	2527712
1520	2528712
1521	2529712
1522	2530712
1523	2531712
1524	2532712
1525	2533712
1526	2534712
1527	2535712
1528	2536712
1529	2537712
1530	2538712
1531	2539712
1532	2540712
1533	2541712
1534	2542712
1535	2543712
1536	2544712
1537	2545712
1538	2546712
1539	2547712
1540	2548712
1541	2549712
1542	2550712
1543	2551712
1544	2552712
1545	2553712
1546	2554712
1547	2555712
1548	2556712
1549	2557712
1550	2558712
1551	2559712
1552	2560712
1553	2561712
1554	2562712
1555	2563712
1556	2564712
1557	2565712
1558	2566712
1559	2567712
1560	2568712
1561	2569712
1562	2570712
1563	2571712
1564	2572712
1565	2573712
1566	2574712
1567	2575712
1568	2576712
1569	2577712
1570	2578712
1571	2579712
1572	2580712
1573	2581712
1574	2582712
1575	2583712
1576	2584712
1577	2585712
1578	2586712
1579	2587712
1580	2588712
1581	2589712
1582	2590712
1583	2591712
1584	2592712
1585	2593712
1586	2594712
1587	2595712
1588	2596712
1589	2597712
1590	2598712
1591	2599712
1592	2600712
1593	2601712
1594	2602712
1595	2603712
1596	2604712
1597	2605712
1598	2606712
1599	2607712
1600	2608712
1601	2609712
1602	2610712
1603	2611712
1604	2612712
1605	2613712
1606	2614712
1607	2615712
1608	2616712
1609	2617712
1610	2618712
1611	2619712
1612	2620712
1613	2621712
1614	2622712
1615	2623712
1616	2624712
1617	2625712
1618	2626712
1619	2627712
1620	2628712
1621	2629712
1622	2630712
1623	2631712
1624	2632712
1625	2633712
1626	2634712
1627	2635712
1628	2636712
1629	2637712
1630	2638712
1631	2639712
1632	2640712
1633	2641712
1634	2642712
1635	2643712
1636	2644712
1637	2645712
1638	2646712
1639	2647712
1640	2648712
1641	2649712
1642	2650712
1643	2651712
1644	2652712
1645	2653712
1646	2654712
1647	2655712
1648	2656712
1649	2657712
1650	2658712
1651	2659712
1652	2660712
1653	2661712
1654	2662712
1655	2663712
1656	2664712
1657	2665712
1658	2666712
1659	2667712
1660	2668712
1661	2669712
1662	2670712
1663	2671712
1664	2672712
1665	2673712
1666	2674712
1667	2675712
1668	2676712
1669	2677712
1670	2678712
1671	2679712
1672	2680712
1673	2681712
1674	2682712
1675	2683712
1676	2684712
1677	2685712
1678	2686712
1679	2687712
1680	2688712
1681	2689712
1682	2690712
1683	2691712
1684	2692712
1685	2693712
1686	2694712
1687	2695712
1688	2696712
1689	2697712
1690	2698712
1691	2699712
1692	2700712
1693	2701712
1694	2702712
1695	2703712
1696	2704712
1697	2705712
1698	2706712
1699	2707712
1700	2708712
1701	2709712
1702	2710712
1703	2711712
1704	2712712
1705	2713712
1706	2714712
1707	2715712
1708	2716712
1709	2717712
1710	2718712
1711	2719712
1712	2720712
1713	2721712
1714	2722712
1715	2723712
1716	2724712
1717	2725712
1718	2726712
1719	2727712
1720	2728712
1721	2729712
1722	2730712
1723	2731712
1724	2732712
1725	2733712
1726	2734712
1727	2735712
1728	2736712
1729	2737712
1730	2738712
1731	2739712
1732	2740712
1733	2741712
1734	2742712
1735	2743712
1736	2744712
1737	2745712
1738	2746712
1739	2747712
1740	2748712
1741	2749712
1742	2750712
1743	2751712
1744	2752712
1745	2753712
1746	2754712
1747	2755712
1748	2756712
1749	2757712
1750	2758712
1751	2759712
1752	2760712
1753	2761712
1754	2762712
1755	2763712
1756	2764712
1757	2765712
1758	2766712
1759	2767712
1760	2768712
1761	2769712
1762	2770712
1763	2771712
1764	2772712
1765	2773712
1766	2774712
1767	2775712
1768	2776712
1769	2777712
1770	2778712
1771	2779712
1772	2780712
1773	2781712
1774	2782712
1775	2783712
1776	2784712
1777	2785712
1778	2786712
1779	2787712
1780	2788712
1781	2789712
1782	2790712
1783	2791712
1784	2792712
1785	2793712
1786	2794712
1787	2795712
1788	2796712
1789	2797712
1790	2798712
1791	2799712
1792	2800712
1793	2801712
1794	2802712
1795	2803712
1796	2804712
1797	2805712
1798	2806712
1799	2807712
1800	2808712
1801	2809712
1802	2810712
1803	2811712
1804	2812712
1805	2813712
1806	2814712
1807	2815712
1808	2816712
1809	2817712
1810	2818712
1811	2819712
1812	2820712
1813	2821712
1814	2822712
1815	2823712
1816	2824712
1817	2825712
1818	2826712
1819	2827712
1820	2828712
1821	2829712
1822	2830712
1823	2831712
1824	2832712
1825	2833712
1826	2834712
1827	2835712
1828	2836712
1829	2837712
1830	2838712
1831	2839712
1832	2840712
1833	2841712
1834	2842712
1835	2843712
1836	2844712
1837	2845712
1838	2846712
1839	2847712
1840	2848712
1841	2849712
1842	2850712
1843	2851712
1844	2852712
1845	2853712
1846	2854712
1847	2855712
1848	2856712
1849	2857712
1850	2858712
1851	2859712
1852	2860712
1853	2861712
1854	2862712
1855	2863712
1856	2864712
1857	2865712
1858	2866712
1859	2867712
1860	2868712
1861	2869712
1862	2870712
1863	2871712
1864	2872712
1865	2873712
1866	2874712
1867	2875712
1868	2876712
1869	2877712
1870	2878712
1871	2879712
1872	2880712
1873	2881712
1874	2882712
1875	2883712
1876	2884712
1877	2885712
1878	2886712
1879	2887712
1880	2888712
1881	2889712
1882	2890712
1883	2891712
1884	2892712
1885	2893712
1886	2894712
1887	2895712
1888	2896712
1889	2897712
1890	2898712
1891	2899712
1892	2900712
1893	2901712
1894	2902712
1895	2903712
1896	2904712
1897	2905712
1898	2906712
1899	2907712
1900	2908712
1901	2909712
1902	2910712
1903	2911712
1904	2912712
1905	2913712
1906	2914712
1907	2915712
1908	2916712
1909	2917712
1910	2918712
1911	2919712
1912	2920712
1913	2921712
1914	2922712
1915	2923712
1916	2924712
1917	2925712
1918	2926712
1919	2927712
1920	2928712
1921	2929712
1922	2930712
1923	2931712
1924	2932712
1925	2933712
1926	2934712
1927	2935712
1928	2936712
1929	2937712
1930	2938712
1931	2939712
1932	2940712
1933	2941712
1934	2942712
1935	2943712
1936	2944712
1937	2945712
1938	2946712
1939	2947712
1940	2948712
1941	2949712
1942	2950712
1943	2951712
1944	2952712
1945	2953712
1946	2954712
1947	2955712
1948	2956712
1949	2957712
1950	2958712
1951	2959712
1952	2960712
1953	2961712
1954	2962712
1955	2963712
1956	2964712
1957	2965712
1958	2966712
1959	2967712
1960	2968712
1961	2969712
1962	2970712
1963	2971712
1964	2972712
1965	2973712
1966	2974712
1967	2975712
1968	2976712
1969	2977712
1970	2978712
1971	2979712
1972	2980712
1973	2981712
1974	2982712
1975	2983712
1976	2984712
1977	2985712
1978	2986712
1979	2987712
1980	2988712
1981	2989712
1982	2990712
1983	2991712
1984	2992712
1985	2993712
1986	2994712
1987	2995712
1988	2996712
1989	2997712
1990	2998712
1991	2999712
1992	3000712
1993	3001712
1994	3002712
1995	3003712
1996	3004712
1997	3005712
1998	3006712
1999	3007712
2000	3008712
2001	3009712
2002	3010712
2003	3011712
2004	3012712
2005	3013712
2006	3014712
2007	3015712
2008	3016712
2009	3017712
2010	3018712
2011	3019712
2012	3020712
2013	3021712
2014	3022712
2015	3023712
2016	3024712
2017	3025712
2018	3026712
2019	3027712
2020	3028712
2021	3029712
2022	3030712
2023	3031712
2024	3032712
2025	3033712
2026	3034712
2027	3035712
2028	3036712
2029	3037712
2030	3038712
2031	3039712
2032	3040712
2033	3041712
2034	3042712
2035	3043712
2036	3044712
2037	3045712
2038	3046712
2039	3047712
2040	3048712
2041	3049712
2042	3050712
2043	3051712
2044	3052712
2045	3053712
2046	3054712
2047	3055712
2048	3056712
2049	3057712
2050	3058712
2051	3059712
2052	3060712
2053	3061712
2054	3062712
2055	3063712
2056	3064712
2057	3065712
2058	3066712
2059	3067712
2060	3068712
2061	3069712
2062	3070712
2063	3071712
2064	3072712
2065	3073712
2066	3074712
2067	3075712
2068	3076712
2069	3077712
2070	3078712
2071	3079712
2072	3080712
2073	3081712
2074	3082712
2075	3083712
2076	3084712
2077	3085712
2078	3086712
2079	3087712
2080	3088712
2081	3089712
2082	3090712
2083	3091712
2084	3092712
2085	3093712
2086	3094712
2087	3095712
2088	3096712
2089	3097712
2090	3098712
2091	3099712
2092	3100712
2093	3101712
2094	3102712
2095	3103712
2096	3104712
2097	3105712
2098	3106712
2099	3107712
2100	3108712
2101	3109712
2102	3110712
2103	3111712
2104	3112712
2105	3113712
2106	3114712
2107	3115712
2108	3116712
2109	3117712
2110	3118712
2111	3119712
2112	3120712
2113	3121712
2114	3122712
2115	3123712
2116	3124712
2117	3125712
2118	3126712
2119	3127712
2120	3128712
2121	3129712
2122	3130712
2123	3131712
2124	3132712
2125	3133712
2126	3134712
2127	3135712
2128	3136712
2129	3137712
2130	3138712
2131	3139712
2132	3140712
2133	3141712
2134	3142712
2135	3143712
2136	3144712
2137	3145712
2138	3146712
2139	3147712
2140	3148712
2141	3149712
2142	3150712
2143	3151712
2144	3152712
2145	3153712
2146	3154712
2147	3155712
2148	3156712
2149	3157712
2150	3158712
2151	3159712
2152	3160712
2153	3161712
2154	3162712
2155	3163712
2156	3164712
2157	3165712
2158	3166712
2159	3167712
2160	3168712
2161	3169712
2162	3170712
2163	3171712
2164	3172712
2165	3173712
2166	3174712
2167	3175712
2168	3176712
2169	3177712
2170	3178712
2171	3179712
2172	3180712
2173	3181712
2174	3182712
2175	3183712
2176	3184712
2177	3185712
2178	3186712
2179	3187712
2180	3188712
2181	3189712
2182	3190712
2183	3191712
2184	3192712
2185	3193712
2186	3194712
2187	3195712
2188	3196712
2189	3197712
2190	3198712
2191	3199712
2192	3200712
2193	3201712
2194	3202712
2195	3203712
2196	3204712
2197	3205712
2198	3206712
2199	3207712
2200	3208712
2201	3209712
2202	3210712
2203	3211712
2204	3212712
2205	3213712
2206	3214712
2207	3215712
2208	3216712
2209	3217712
2210	3218712
2211	3219712
2212	3220712
2213	3221712
2214	3222712
2215	3223712
2216	3224712
2217	3225712
2218	3226712
2219	3227712
2220	3228712
2221	3229712
2222	3230712
2223	3231712
2224	3232712
2225	3233712
2226	3234712
2227	3235712
2228	3236712
2229	3237712
2230	3238712
2231	3239712
2232	3240712
2233	3241712
2234	3242712
2235	3243712
2236	3244712
2237	3245712
2238	3246712
2239	3247712
2240	3248712
2241	3249712
2242	3250712
2243	3251712
2244	3252712
2245	3253712
2246	3254712
2247	3255712
2248	3256712
2249	3257712
2250	3258712
2251	3259712
2252	3260712
2253	3261712
2254	3262712
2255	3263712
2256	3264712
2257	3265712
2258	3266712
2259	3267712
2260	3268712
2261	3269712
2262	3270712
2263	3271712
2264	3272712
2265	3273712
2266	3274712
2267	3275712
2268	3276712
2269	3277712
2270	3278712
2271	3279712
2272	3280712
2273	3281712
2274	3282712
2275	3283712
2276	3284712
2277	3285712
2278	3286712
2279	3287712
2280	3288712
2281	3289712
2282	3290712
2283	3291712
2284	3292712
2285	3293712
2286	3294712
2287	3295712
2288	3296712
2289	3297712
2290	3298712
2291	3299712
2292	3300712
2293	3301712
2294	3302712
2295	3303712
2296	3304712
2297	3305712
2298	3306712
2299	3307712
2300	3308712
2301	3309712
2302	3310712
2303	3311712
2304	3312712
2305	3313712
2306	3314712
2307	3315712
2308	3316712
2309	3317712
2310	3318712
2311	3319712
2312	3320712
2313	3321712
2314	3322712
2315	3323712
2316	3324712
2317	3325712
2318	3326712
2319	3327712
2320	3328712
2321	3329712
2322	3330712
2323	3331712
2324	3332712
2325	3333712
2326	3334712
2327	3335712
2328	3336712
2329	3337712
2330	3338712
2331	3339712
2332	3340712
2333	3341712
2334	3342712
2335	3343712
2336	3344712
2337	3345712
2338	3346712
2339	3347712
2340	3348712
2341	3349712
2342	3350712
2343	3351712
2344	3352712
2345	3353712
2346	3354712
2347	3355712
2348	3356712
2349	3357712
2350	3358712
2351	3359712
2352	3360712
2353	3361712
2354	3362712
2355	3363712
2356	3364712
2357	3365712
2358	3366712
2359	3367712
2360	3368712
2361	3369712
2362	3370712
2363	3371712
2364	3372712
2365	3373712
2366	3374712
2367	3375712
2368	3376712
2369	3377712
2370	3378712
2371	3379712
2372	3380712
2373	3381712
2374	3382712
2375	3383712
2376	3384712
2377	3385712
2378	3386712
2379	3387712
2380	3388712
2381	3389712
2382	3390712
2383	3391712
2384	3392712
2385	3393712
2386	3394712
2387	3395712
2388	3396712
2389	3397712
2390	3398712
2391	3399712
2392	3400712
2393	3401712
2394	3402712
2395	3403712
2396	3404712
2397	3405712
2398	3406712
2399	3407712
2400	3408712
2401	3409712
2402	3410712
2403	3411712
2404	3412712
2405	3413712
2406	3414712
2407	3415712
2408	3416712
2409	3417712
2410	3418712
2411	3419712
2412	3420712
2413	3421712
2414	3422712
2415	3423712
2416	3424712
2417	3425712
2418	3426712
2419	3427712
2420	3428712
2421	3429712
2422	3430712
2423	3431712
2424	3432712
2425	3433712
2426	3434712
2427	3435712
2428	3436712
2429	3437712
2430	3438712
2431	3439712
2432	3440712
2433	3441712
2434	3442712
2435	3443712
2436	3444712
2437	3445712
2438	3446712
2439	3447712
2440	3448712
2441	3449712
2442	3450712
2443	3451712
2444	3452712
2445	3453712
2446	3454712
2447	3455712
2448	3456712
2449	3457712
2450	3458712
2451	3459712
2452	3460712
2453	3461712
2454	3462712
2455	3463712
2456	3464712
2457	3465712
2458	3466712
2459	3467712
2460	3468712
2461	3469712
2462	3470712
2463	3471712
2464	3472712
2465	3473712
2466	3474712
2467	3475712
2468	3476712
2469	3477712
2470	3478712
2471	3479712
2472	3480712
2473	3481712
2474	3482712
2475	3483712
2476	3484712
2477	3485712
2478	3486712
2479	3487712
2480	3488712
2481	3489712
2482	3490712
2483	3491712
2484	3492712
2485	3493712
2486	3494712
2487	3495712
2488	3496712
2489	3497712
2490	3498712
2491	3499712
2492	3500712
2493	3501712
2494	3502712
2495	3503712
2496	3504712
2497	3505712
2498	3506712
2499	3507712
2500	3508712
2501	3509712
2502	3510712
2503	3511712
2504	3512712
2505	3513712
2506	3514712
2507	3515712
2508	3516712
2509	3517712
2510	3518712
2511	3519712
2512	3520712
2513	3521712
2514	3522712
2515	3523712
2516	3524712
2517	3525712
2518	3526712
2519	3527712
2520	3528712
2521	3529712
2522	3530712
2523	3531712
2524	3532712
2525	3533712
2526	3534712
2527	3535712
2528	3536712
2529	3537712
2530	3538712
2531	3539712
2532	3540712
2533	3541712
2534	3542712
2535	3543712
2536	3544712
2537	3545712
2538	3546712
2539	3547712
2540	3548712
2541	3549712
2542	3550712
2543	3551712
2544	3552712
2545	3553712
2546	3554712
2547	3555712
2548	3556712
2549	3557712
2550	3558712
2551	3559712
2552	3560712
2553	3561712
2554	3562712
2555	3563712
2556	3564712
2557	3565712
2558	3566712
2559	3567712
2560	3568712
2561	3569712
2562	3570712
2563	3571712
2564	3572712
2565	3573712
2566	3574712
2567	3575712
2568	3576712
2569	3577712
2570	3578712
2571	3579712
2572	3580712
2573	3581712
2574	3582712
2575	3583712
2576	3584712
2577	3585712
2578	3586712
2579	3587712
2580	3588712
2581	3589712
2582	3590712
2583	3591712
2584	3592712
2585	3593712
2586	3594712
2587	3595712
2588	3596712
2589	3597712
2590	3598712
2591	3599712
2592	3600712
2593	3601712
2594	3602712
2595	3603712
2596	3604712
2597	3605712
2598	3606712
2599	3607712
2600	3608712
2601	3609712
2602	3610712
2603	3611712
2604	3612712
2605	3613712
2606	3614712
2607	3615712
2608	3616712
2609	3617712
2610	3618712
2611	3619712
2612	3620712
2613	3621712
2614	3622712
2615	3623712
2616	3624712
2617	3625712
2618	3626712
2619	3627712
2620	3628712
2621	3629712
2622	3630712
2623	3631712
2624	3632712
2625	3633712
2626	3634712
2627	3635712
2628	3636712
2629	3637712
2630	3638712
2631	3639712
2632	3640712
2633	3641712
2634	3642712
2635	3643712
2636	3644712
2637	3645712
2638	3646712
2639	3647712
2640	3648712
2641	3649712
2642	3650712
2643	3651712
2644	3652712
2645	3653712
2646	3654712
2647	3655712
2648	3656712
2649	3657712
2650	3658712
2651	3659712
2652	3660712
2653	3661712
2654	3662712
2655	3663712
2656	3664712
2657	3665712
2658	3666712
2659	3667712
2660	3668712
2661	3669712
2662	3670712
2663	3671712
2664	3672712
2665	3673712
2666	3674712
2667	3675712
2668	3676712
2669	3677712
2670	3678712
2671	3679712
2672	3680712
2673	3681712
2674	3682712
2675	3683712
2676	3684712
2677	3685712
2678	3686712
2679	3687712
2680	3688712
2681	3689712
2682	3690712
2683	3691712
2684	3692712
2685	3693712
2686	3694712
2687	3695712
2688	3696712
2689	3697712
2690	3698712
2691	3699712
2692	3700712
2693	3701712
2694	3702712
2695	3703712
2696	3704712
2697	3705712
2698	3706712
2699	3707712
2700	3708712
2701	3709712
2702	3710712
2703	3711712
2704	3712712
2705	3713712
2706	3714712
2707	3715712
2708	3716712
2709	3717712
2710	3718712
2711	3719712
2712	3720712
2713	3721712
2714	3722712
2715	3723712
2716	3724712
2717	3725712
2718	3726712
2719	3727712
2720	3728712
2721	3729712
2722	3730712
2723	3731712
2724	3732712
2725	3733712
2726	3734712
2727	3735712
2728	3736712
2729	3737712
2730	3738712
2731	3739712
2732	3740712
2733	3741712
2734	3742712
2735	3743712
2736	3744712
2737	3745712
2738	3746712
2739	3747712
2740	3748712
2741	3749712
2742	3750712
2743	3751712
2744	3752712
2745	3753712
2746	3754712
2747	3755712
2748	3756712
2749	3757712
2750	3758712
2751	3759712
2752	3760712
2753	3761712
2754	3762712
2755	3763712
2756	3764712
2757	3765712
2758	3766712
2759	3767712
2760	3768712
2761	3769712
2762	3770712
2763	3771712
2764	3772712
2765	3773712
2766	3774712
2767	3775712
2768	3776712
2769	3777712
2770	3778712
2771	3779712
2772	3780712
2773	3781712
2774	3782712
2775	3783712
2776	3784712
2777	3785712
2778	3786712
2779	3787712
2780	3788712
2781	3789712
2782	3790712
2783	3791712
2784	3792712
2785	3793712
2786	3794712
2787	3795712
2788	3796712
2789	3797712
2790	3798712
2791	3799712
2792	3800712
2793	3801712
2794	3802712
2795	3803712
2796	3804712
2797	3805712
2798	3806712
2799	3807712
2800	3808755
2801	3809712
2802	3810712
2803	3811712
2804	3812712
2805	3813712
2806	3814712
2807	3815712
2808	3816712
2809	3817712
2810	3818712
2811	3819712
2812	3820712
2813	3821712
2814	3822712
2815	3823712
2816	3824712
2817	3825712
2818	3826712
2819	3827712
2820	3828712
2821	3829712
2822	3830712
2823	3831712
2824	3832712
2825	3833712
2826	3834712
2827	3835712
2828	3836712
2829	3837712
2830	3838712
2831	3839712
2832	3840712
2833	3841712
2834	3842712
2835	3843712
2836	3844712
2837	3845712
2838	3846712
2839	3847712
2840	3848712
2841	3849712
2842	3850712
2843	3851712
2844	3852712
2845	3853712
2846	3854712
2847	3855712
2848	3856712
2849	3857712
2850	3858712
2851	3859712
2852	3860712
2853	3861712
2854	3862712
2855	3863712
2856	3864712
2857	3865712
2858	3866712
2859	3867712
2860	3868712
2861	3869712
2862	3870712
2863	3871712
2864	3872712
2865	3873712
2866	3874712
2867	3875712
2868	3876712
2869	3877712
2870	3878712
2871	3879712
2872	3880712
2873	3881712
2874	3882712
2875	3883712
2876	3884712
2877	3885712
2878	3886712
2879	3887712
2880	3888712
2881	3889712
2882	3890712
2883	3891712
2884	3892712
2885	3893712
2886	3894712
2887	3895712
2888	3896712
2889	3897712
2890	3898712
2891	3899712
2892	3900712
2893	3901712
2894	3902712
2895	3903712
2896	3904712
2897	3905712
2898	3906712
2899	3907712
2900	3908712
2901	3909712
2902	3910712
2903	3911712
2904	3912712
2905	3913712
2906	3914712
2907	3915712
2908	3916712
2909	3917712
2910	3918712
2911	3919712
2912	3920712
2913	3921712
2914	3922712
2915	3923712
2916	3924712
2917	3925712
2918	3926712
2919	3927712
2920	3928712
2921	3929712
2922	3930712
2923	3931712
2924	3932712
2925	3933712
2926	3934712
2927	3935712
2928	3936712
2929	3937712
2930	3938712
2931	3939712
2932	3940712
2933	3941712
2934	3942712
2935	3943712
2936	3944712
2937	3945712
2938	3946712
2939	3947712
2940	3948712
2941	3949712
2942	3950712
2943	3951712
2944	3952712
2945	3953712
2946	3954712
2947	3955712
2948	3956712
2949	3957712
2950	3958712
2951	3959712
2952	3960712
2953	3961712
2954	3962712
2955	3963712
2956	3964712
2957	3965712
2958	3966712
2959	3967712
2960	3968712
2961	3969712
2962	3970712
2963	3971712
2964	3972712
2965	3973712
2966	3974712
2967	3975712
2968	3976712
2969	3977712
2970	3978712
2971	3979712
2972	3980712
2973	3981712
2974	3982712
2975	3983712
2976	3984712
2977	3985712
2978	3986712
2979	3987712
2980	3988712
2981	3989712
2982	3990712
2983	3991712
2984	3992712
2985	3993712
2986	3994712
2987	3995712
2988	3996712
2989	3997712
2990	3998712
2991	3999712
2992	4000712
2993	4001712
2994	4002712
2995	4003712
2996	4004712
2997	4005712
2998	4006712
2999	4007712
3000	4008712
3001	4009712
3002	4010712
3003	4011712
3004	4012712
3005	4013712
3006	4014712
3007	4015712
3008	4016712
3009	4017712
3010	4018712
3011	4019712
3012	4020712
3013	4021712
3014	4022712
3015	4023712
3016	4024712
3017	4025712
3018	4026712
3019	4027712
3020	4028712
3021	4029712
3022	4030712
3023	4031712
3024	4032712
3025	4033712
3026	4034712
3027	4035712
3028	4036712
3029	4037712
3030	4038712
3031	4039712
3032	4040712
3033	4041712
3034	4042712
3035	4043712
3036	4044712
3037	4045712
3038	4046712
3039	4047712
3040	4048712
3041	4049712
3042	4050712
3043	4051712
3044	4052712
3045	4053712
3046	4054712
3047	4055712
3048	4056712
3049	4057712
3050	4058712
3051	4059712
3052	4060712
3053	4061712
3054	4062712
3055	4063712
3056	4064712
3057	4065712
3058	4066712
3059	4067712
3060	4068712
3061	4069712
3062	4070712
3063	4071712
3064	4072712
3065	4073712
3066	4074712
3067	4075712
3068	4076712
3069	4077712
3070	4078712
3071	4079712
3072	4080712
3073	4081712
3074	4082712
3075	4083712
3076	4084712
3077	4085712
3078	4086712
3079	4087712
3080	4088712
3081	4089712
3082	4090712
3083	4091712
3084	4092712
3085	4093712
3086	4094712
3087	4095712
3088	4096712
3089	4097712
3090	4098712
3091	4099712
3092	4100712
3093	4101712
3094	4102712
3095	4103712
3096	4104712
3097	4105712
3098	4106712
3099	4107712
3100	4108712
3101	4109712
3102	4110712
3103	4111712
3104	4112712
3105	4113712
3106	4114712
3107	4115712
3108	4116712
3109	4117712
3110	4118712
3111	4119712
3112	4120712
3113	4121712
3114	4122712
3115	4123712
3116	4124712
3117	4125712
3118	4126712
3119	4127712
3120	4128712
3121	4129712
3122	4130712
3123	4131712
3124	4132712
3125	4133712
3126	4134712
3127	4135712
3128	4136712
3129	4137712
3130	4138712
3131	4139712
3132	4140712
3133	4141712
3134	4142712
3135	4143712
3136	4144712
3137	4145712
3138	4146712
3139	4147712
3140	4148712
3141	4149712
3142	4150712
3143	4151712
3144	4152712
3145	4153712
3146	4154712
3147	4155712
3148	4156712
3149	4157712
3150	4158712
3151	4159712
3152	4160712
3153	4161712
3154	4162712
3155	4163712
3156	4164712
3157	4165712
3158	4166712
3159	4167712
3160	4168712
3161	4169712
3162	4170712
3163	4171712
3164	4172712
3165	4173712
3166	4174712
3167	4175712
3168	4176712
3169	4177712
3170	4178712
3171	4179712
3172	4180712
3173	4181712
3174	4182712
3175	4183712
3176	4184712
3177	4185712
3178	4186712
3179	4187712
3180	4188712
3181	4189712
3182	4190712
3183	4191712
3184	4192712
3185	4193712
3186	4194712
3187	4195712
3188	4196712
3189	4197712
3190	4198712
3191	4199712
3192	4200712
3193	4201712
3194	4202712
3195	4203712
3196	4204712
3197	4205712
3198	4206712
3199	4207712
3200	4208712
3201	4209712
3202	4210712
3203	4211712
3204	4212712
3205	4213712
3206	4214712
3207	4215712
3208	4216712
3209	4217712
3210	4218712
3211	4219712
3212	4220712
3213	4221712
3214	4222712
3215	4223712
3216	4224712
3217	4225712
3218	4226712
3219	4227712
3220	4228712
3221	4229712
3222	4230712
3223	4231712
3224	4232712
3225	4233712
3226	4234712
3227	4235712
3228	4236712
3229	4237712
3230	4238712
3231	4239712
3232	4240712
3233	4241712
3234	4242712
3235	4243712
3236	4244712
3237	4245712
3238	4246712
3239	4247712
3240	4248712
3241	4249712
3242	4250712
3243	4251712
3244	4252712
3245	4253712
3246	4254712
3247	4255712
3248	4256712
3249	4257712
3250	4258712
3251	4259712
3252	4260712
3253	4261712
3254	4262712
3255	4263712
3256	4264712
3257	4265712
3258	4266712
3259	4267712
3260	4268712
3261	4269712
3262	4270712
3263	4271712
3264	4272712
3265	4273712
3266	4274712
3267	4275712
3268	4276712
3269	4277712
3270	4278712
3271	4279712
3272	4280712
3273	4281712
3274	4282712
3275	4283712
3276	4284712
3277	4285712
3278	4286712
3279	4287712
3280	4288712
3281	4289712
3282	4290712
3283	4291712
3284	4292712
3285	4293712
3286	4294712
3287	4295712
3288	4296712
3289	4297712
3290	4298712
3291	4299712
3292	4300712
3293	4301712
3294	4302712
3295	4303712
3296	4304712
3297	4305712
3298	4306712
3299	4307712
3300	4308712
3301	4309712
3302	4310712
3303	4311712
3304	4312712
3305	4313712
3306	4314712
3307	4315712
3308	4316712
3309	4317712
3310	4318712
3311	4319712
3312	4320712
3313	4321712
3314	4322712
3315	4323712
3316	4324712
3317	4325712
3318	4326712
3319	4327712
3320	4328712
3321	4329712
3322	4330712
3323	4331712
3324	4332712
3325	4333712
3326	4334712
3327	4335712
3328	4336712
3329	4337712
3330	4338712
3331	4339712
3332	4340712
3333	4341712
3334	4342712
3335	4343712
3336	4344712
3337	4345712
3338	4346712
3339	4347712
3340	4348712
3341	4349712
3342	4350712
3343	4351712
3344	4352712
3345	4353712
3346	4354712
3347	4355712
3348	4356712
3349	4357712
3350	4358712
3351	4359712
3352	4360712
3353	4361712
3354	4362712
3355	4363712
3356	4364712
3357	4365712
3358	4366712
3359	4367712
3360	4368712
3361	4369712
3362	4370712
3363	4371712
3364	4372712
3365	4373712
3366	4374712
3367	4375712
3368	4376712
3369	4377712
3370	4378712
3371	4379712
3372	4380712
3373	4381712
3374	4382712
3375	4383712
3376	4384712
3377	4385712
3378	4386712
3379	4387712
3380	4388712
3381	4389712
3382	4390712
3383	4391712
3384	4392712
3385	4393712
3386	4394712
3387	4395712
3388	4396712
3389	4397712
3390	4398712
3391	4399712
3392	4400712
3393	4401712
3394	4402712
3395	4403712
3396	4404712
3397	4405712
3398	4406712
3399	4407712
3400	4408712
3401	4409712
3402	4410712
3403	4411712
3404	4412712
3405	4413712
3406	4414712
3407	4415712
3408	4416712
3409	4417712
3410	4418712
3411	4419712
3412	4420712
3413	4421712
3414	4422712
3415	4423712
3416	4424712
3417	4425712
3418	4426712
3419	4427712
3420	4428712
3421	4429712
3422	4430712
3423	4431712
3424	4432712
3425	4433712
3426	4434712
3427	4435712
3428	4436712
3429	4437712
3430	4438712
3431	4439712
3432	4440712
3433	4441712
3434	4442712
3435	4443712
3436	4444712
3437	4445712
3438	4446712
3439	4447712
3440	4448712
3441	4449712
3442	4450712
3443	4451712
3444	4452712
3445	4453712
3446	4454712
3447	4455712
3448	4456712
3449	4457712
3450	4458712
3451	4459712
3452	4460712
3453	4461712
3454	4462712
3455	4463712
3456	4464712
3457	4465712
3458	4466712
3459	4467712
3460	4468712
3461	4469712
3462	4470712
3463	4471712
3464	4472712
3465	4473712
3466	4474712
3467	4475712
3468	4476712
3469	4477712
3470	4478712
3471	4479712
3472	4480712
3473	4481712
3474	4482712
3475	4483712
3476	4484712
3477	4485712
3478	4486712
3479	4487712
3480	4488712
3481	4489712
3482	4490712
3483	4491712
3484	4492712
3485	4493712
3486	4494712
3487	4495712
3488	4496712
3489	4497712
3490	4498712
3491	4499712
3492	4500712
3493	4501712
3494	4502712
3495	4503712
3496	4504712
3497	4505712
3498	4506712
3499	4507712
3500	4508712
3501	4509712
3502	4510712
3503	4511712
3504	4512712
3505	4513712
3506	4514712
3507	4515712
3508	4516712
3509	4517712
3510	4518712
3511	4519712
3512	4520712
3513	4521712
3514	4522712
3515	4523712
3516	4524712
3517	4525712
3518	4526712
3519	4527712
3520	4528712
3521	4529712
3522	4530712
3523	4531712
3524	4532712
3525	4533712
3526	4534712
3527	4535712
3528	4536712
3529	4537712
3530	4538712
3531	4539712
3532	4540712
3533	4541712
3534	4542712
3535	4543712
3536	4544712
3537	4545712
3538	4546712
3539	4547712
3540	4548712
3541	4549712
3542	4550712
3543	4551712
3544	4552712
3545	4553712
3546	4554712
3547	4555712
3548	4556712
3549	4557712
3550	4558712
3551	4559712
3552	4560712
3553	4561712
3554	4562712
3555	4563712
3556	4564712
3557	4565712
3558	4566712
3559	4567712
3560	4568712
3561	4569712
3562	4570712
3563	4571712
3564	4572712
3565	4573712
3566	4574712
3567	4575712
3568	4576712
3569	4577712
3570	4578712
3571	4579712
3572	4580712
3573	4581712
3574	4582712
3575	4583712
3576	4584712
3577	4585712
3578	4586712
3579	4587712
3580	4588712
3581	4589712
3582	4590712
3583	4591712
3584	4592712
3585	4593712
3586	4594712
3587	4595712
3588	4596712
3589	4597712
3590	4598712
3591	4599712
3592	4600712
3593	4601712
3594	4602712
3595	4603712
3596	4604712
3597	4605712
3598	4606712
3599	4607712
3600	4608712
3601	4609712
3602	4610712
3603	4611712
3604	4612712
3605	4613712
3606	4614712
3607	4615712
3608	4616712
3609	4617712
3610	4618712
3611	4619712
3612	4620712
3613	4621712
3614	4622712
3615	4623712
3616	4624712
3617	4625712
3618	4626712
3619	4627712
3620	4628712
3621	4629712
3622	4630712
3623	4631712
3624	4632712
3625	4633712
3626	4634712
3627	4635712
3628	4636712
3629	4637712
3630	4638712
3631	4639712
3632	4640712
3633	4641712
3634	4642712
3635	4643712
3636	4644712
3637	4645712
3638	4646712
3639	4647712
3640	4648712
3641	4649712
3642	4650712
3643	4651712
3644	4652712
3645	4653712
3646	4654712
3647	4655712
3648	4656712
3649	4657712
3650	4658712
3651	4659712
3652	4660712
3653	4661712
3654	4662712
3655	4663712
3656	4664712
3657	4665712
3658	4666712
3659	4667712
3660	4668712
3661	4669712
3662	4670712
3663	4671712
3664	4672712
3665	4673712
3666	4674712
3667	4675712
3668	4676712
3669	4677712
3670	4678712
3671	4679712
3672	4680712
3673	4681712
3674	4682712
3675	4683712
3676	4684712
3677	4685712
3678	4686712
3679	4687712
3680	4688712
3681	4689712
3682	4690712
3683	4691712
3684	4692712
3685	4693712
3686	4694712
3687	4695712
3688	4696712
3689	4697712
3690	4698712
3691	4699712
3692	4700712
3693	4701712
3694	4702712
3695	4703712
3696	4704712
3697	4705712
3698	4706712
3699	4707712
3700	4708712
3701	4709712
3702	4710712
3703	4711712
3704	4712712
3705	4713712
3706	4714712
3707	4715712
3708	4716712
3709	4717712
3710	4718712
3711	4719712
3712	4720712
3713	4721712
3714	4722712
3715	4723712
3716	4724712
3717	4725712
3718	4726712
3719	4727712
3720	4728712
3721	4729712
3722	4730712
3723	4731712
3724	4732712
3725	4733712
3726	4734712
3727	4735712
3728	4736712
3729	4737712
3730	4738712
3731	4739712
3732	4740712
3733	4741712
3734	4742712
3735	4743712
3736	4744712
3737	4745712
3738	4746712
3739	4747712
3740	4748712
3741	4749712
3742	4750712
3743	4751712
3744	4752712
3745	4753712
3746	4754712
3747	4755712
3748	4756712
3749	4757712
3750	4758712
3751	4759712
3752	4760712
3753	4761712
3754	4762712
3755	4763712
3756	4764712
3757	4765712
3758	4766712
3759	4767712
3760	4768712
3761	4769712
3762	4770712
3763	4771712
3764	4772712
3765	4773712
3766	4774712
3767	4775712
3768	4776712
3769	4777712
3770	4778712
3771	4779712
3772	4780712
3773	4781712
3774	4782712
3775	4783712
3776	4784712
3777	4785712
3778	4786712
3779	4787712
3780	4788712
3781	4789712
3782	4790712
3783	4791712
3784	4792712
3785	4793712
3786	4794712
3787	4795712
3788	4796712
3789	4797712
3790	4798712
3791	4799712
3792	4800712
3793	4801712
3794	4802712
3795	4803712
3796	4804712
3797	4805712
3798	4806712
3799	4807712
3800	4808712
3801	4809712
3802	4810712
3803	4811712
3804	4812712
3805	4813712
3806	4814712
3807	4815712
3808	4816712
3809	4817712
3810	4818712
3811	4819712
3812	4820712
3813	4821712
3814	4822712
3815	4823712
3816	4824712
3817	4825712
3818	4826712
3819	4827712
3820	4828712
3821	4829712
3822	4830712
3823	4831712
3824	4832712
3825	4833712
3826	4834712
3827	4835712
3828	4836712
3829	4837712
3830	4838712
3831	4839712
3832	4840712
3833	4841712
3834	4842712
3835	4843712
3836	4844712
3837	4845712
3838	4846712
3839	4847712
3840	4848712
3841	4849712
3842	4850712
3843	4851712
3844	4852712
3845	4853712
3846	4854712
3847	4855712
3848	4856712
3849	4857712
3850	4858712
3851	4859712
3852	4860712
3853	4861712
3854	4862712
3855	4863712
3856	4864712
3857	4865712
3858	4866712
3859	4867712
3860	4868712
3861	4869712
3862	4870712
3863	4871712
3864	4872712
3865	4873712
3866	4874712
3867	4875712
3868	4876712
3869	4877712
3870	4878712
3871	4879712
3872	4880712
3873	4881712
3874	4882712
3875	4883712
3876	4884712
3877	4885712
3878	4886712
3879	4887712
3880	4888712
3881	4889712
3882	4890712
3883	4891712
3884	4892712
3885	4893712
3886	4894712
3887	4895712
3888	4896712
3889	4897712
3890	4898712
3891	4899712
3892	4900712
3893	4901712
3894	4902712
3895	4903712
3896	4904712
3897	4905712
3898	4906712
3899	4907712
3900	4908712
3901	4909712
3902	4910712
3903	4911712
3904	4912712
3905	4913712
3906	4914712
3907	4915712
3908	4916712
3909	4917712
3910	4918712
3911	4919712
3912	4920712
3913	4921712
3914	4922712
3915	4923712
3916	4924712
3917	4925712
3918	4926712
3919	4927712
3920	4928712
3921	4929712
3922	4930712
3923	4931712
3924	4932712
3925	4933712
3926	4934712
3927	4935712
3928	4936712
3929	4937712
3930	4938712
3931	4939712
3932	4940712
3933	4941712
3934	4942712
3935	4943712
3936	4944712
3937	4945712
3938	4946712
3939	4947712
3940	4948712
3941	4949712
3942	4950712
3943	4951712
3944	4952712
3945	4953712
3946	4954712
3947	4955712
3948	4956712
3949	4957712
3950	4958712
3951	4959712
3952	4960712
3953	4961712
3954	4962712
3955	4963712
3956	4964712
3957	4965712
3958	4966712
3959	4967712
3960	4968712
3961	4969712
3962	4970712
3963	4971712
3964	4972712
3965	4973712
3966	4974712
3967	4975712
3968	4976712
3969	4977712
3970	4978712
3971	4979712
3972	4980712
3973	4981712
3974	4982712
3975	4983712
3976	4984712
3977	4985712
3978	4986712
3979	4987712
3980	4988712
3981	4989712
3982	4990712
3983	4991712
3984	4992712
3985	4993712
3986	4994712
3987	4995712
3988	4996712
3989	4997712
3990	4998712
3991	4999712
3992	5000712
3993	5001712
3994	5002712
3995	5003712
3996	5004712
3997	5005712
3998	5006712
3999	5007712
4000	5008712
4001	5009712
4002	5010712
4003	5011712
4004	5012712
4005	5013712
4006	5014712
4007	5015712
4008	5016712
4009	5017712
4010	5018712
4011	5019712
4012	5020712
4013	5021712
4014	5022712
4015	5023712
4016	5024712
4017	5025712
4018	5026712
4019	5027712
4020	5028712
4021	5029712
4022	5030712
4023	5031712
4024	5032712
4025	5033712
4026	5034712
4027	5035712
4028	5036712
4029	5037712
4030	5038712
4031	5039712
4032	5040712
4033	5041712
4034	5042712
4035	5043712
4036	5044712
4037	5045712
4038	5046712
4039	5047712
4040	5048712
4041	5049712
4042	5050712
4043	5051712
4044	5052712
4045	5053712
4046	5054712
4047	5055712
4048	5056712
4049	5057712
4050	5058712
4051	5059712
4052	5060712
4053	5061712
4054	5062712
4055	5063712
4056	5064712
4057	5065712
4058	5066712
4059	5067712
4060	5068712
4061	5069712
4062	5070712
4063	5071712
4064	5072712
4065	5073712
4066	5074712
4067	5075712
4068	5076712
4069	5077712
4070	5078712
4071	5079712
4072	5080712
4073	5081712
4074	5082712
4075	5083712
4076	5084712
4077	5085712
4078	5086712
4079	5087712
4080	5088712
4081	5089712
4082	5090712
4083	5091712
4084	5092712
4085	5093712
4086	5094712
4087	5095712
4088	5096712
4089	5097712
4090	5098712
4091	5099712
4092	5100712
4093	5101712
4094	5102712
4095	5103712
4096	5104712
4097	5105712
4098	5106712
4099	5107712
4100	5108712
4101	5109712
4102	5110712
4103	5111712
4104	5112712
4105	5113712
4106	5114712
4107	5115712
4108	5116712
4109	5117712
4110	5118712
4111	5119712
4112	5120712
4113	5121712
4114	5122712
4115	5123712
4116	5124712
4117	5125712
4118	5126712
4119	5127712
4120	5128712
4121	5129712
4122	5130712
4123	5131712
4124	5132712
4125	5133712
4126	5134712
4127	5135712
4128	5136712
4129	5137712
4130	5138712
4131	5139712
4132	5140712
4133	5141712
4134	5142712
4135	5143712
4136	5144712
4137	5145712
4138	5146712
4139	5147712
4140	5148712
4141	5149712
4142	5150712
4143	5151712
4144	5152712
4145	5153712
4146	5154712
4147	5155712
4148	5156712
4149	5157712
4150	5158712
4151	5159712
4152	5160712
4153	5161712
4154	5162712
4155	5163712
4156	5164712
4157	5165712
4158	5166712
4159	5167712
4160	5168712
4161	5169712
4162	5170712
4163	5171712
4164	5172712
4165	5173712
4166	5174712
4167	5175712
4168	5176712
4169	5177712
4170	5178712
4171	5179712
4172	5180712
4173	5181712
4174	5182712
4175	5183712
4176	5184712
4177	5185712
4178	5186712
4179	5187712
4180	5188712
4181	5189712
4182	5190712
4183	5191712
4184	5192712
4185	5193712
4186	5194712
4187	5195712
4188	5196712
4189	5197712
4190	5198712
4191	5199712
4192	5200712
4193	5201712
4194	5202712
4195	5203712
4196	5204712
4197	5205712
4198	5206712
4199	5207712
4200	5208712
4201	5209712
4202	5210712
4203	5211712
4204	5212712
4205	5213712
4206	5214712
4207	5215712
4208	5216712
4209	5217712
4210	5218712
4211	5219712
4212	5220712
4213	5221712
4214	5222712
4215	5223712
4216	5224712
4217	5225712
4218	5226712
4219	5227712
4220	5228712
4221	5229712
4222	5230712
4223	5231712
4224	5232712
4225	5233712
4226	5234712
4227	5235712
4228	5236712
4229	5237712
4230	5238712
4231	5239712
4232	5240712
4233	5241712
4234	5242712
4235	5243712
4236	5244712
4237	5245712
4238	5246712
4239	5247712
4240	5248712
4241	5249712
4242	5250712
4243	5251712
4244	5252712
4245	5253712
4246	5254712
4247	5255712
4248	5256712
4249	5257712
4250	5258712
4251	5259712
4252	5260712
4253	5261712
4254	5262712
4255	5263712
4256	5264712
4257	5265712
4258	5266712
4259	5267712
4260	5268712
4261	5269712
4262	5270712
4263	5271712
4264	5272712
4265	5273712
4266	5274712
4267	5275712
4268	5276712
4269	5277712
4270	5278712
4271	5279712
4272	5280712
4273	5281712
4274	5282712
4275	5283712
4276	5284712
4277	5285712
4278	5286712
4279	5287712
4280	5288712
4281	5289712
4282	5290712
4283	5291712
4284	5292712
4285	5293712
4286	5294712
4287	5295712
4288	5296712
4289	5297712
4290	5298712
4291	5299712
4292	5300712
4293	5301712
4294	5302712
4295	5303712
4296	5304712
4297	5305712
4298	5306712
4299	5307712
4300	5308712
4301	5309712
4302	5310712
4303	5311712
4304	5312712
4305	5313712
4306	5314712
4307	5315712
4308	5316712
4309	5317712
4310	5318712
4311	5319712
4312	5320712
4313	5321712
4314	5322712
4315	5323712
4316	5324712
4317	5325712
4318	5326712
4319	5327712
4320	5328712
4321	5329712
4322	5330712
4323	5331712
4324	5332712
4325	5333712
4326	5334712
4327	5335712
4328	5336712
4329	5337712
4330	5338712
4331	5339712
4332	5340712
4333	5341712
4334	5342712
4335	5343712
4336	5344712
4337	5345712
4338	5346712
4339	5347712
4340	5348712
4341	5349712
4342	5350712
4343	5351712
4344	5352712
4345	5353712
4346	5354712
4347	5355712
4348	5356712
4349	5357712
4350	5358712
4351	5359712
4352	5360712
4353	5361712
4354	5362712
4355	5363712
4356	5364712
4357	5365712
4358	5366712
4359	5367712
4360	5368712
4361	5369712
4362	5370712
4363	5371712
4364	5372712
4365	5373712
4366	5374712
4367	5375712
4368	5376712
4369	5377712
4370	5378712
4371	5379712
4372	5380712
4373	5381712
4374	5382712
4375	5383712
4376	5384712
4377	5385712
4378	5386712
4379	5387712
4380	5388712
4381	5389712
4382	5390712
4383	5391712
4384	5392712
4385	5393712
4386	5394712
4387	5395712
4388	5396712
4389	5397712
4390	5398712
4391	5399712
4392	5400712
4393	5401712
4394	5402712
4395	5403712
4396	5404712
4397	5405712
4398	5406712
4399	5407712
4400	5408712
4401	5409712
4402	5410712
4403	5411712
4404	5412712
4405	5413712
4406	5414712
4407	5415712
4408	5416712
4409	5417712
4410	5418712
4411	5419712
4412	5420712
4413	5421712
4414	5422712
4415	5423712
4416	5424712
4417	5425712
4418	5426712
4419	5427712
4420	5428712
4421	5429712
4422	5430712
4423	5431712
4424	5432712
4425	5433712
4426	5434712
4427	5435712
4428	5436712
4429	5437712
4430	5438712
4431	5439712
4432	5440712
4433	5441712
4434	5442712
4435	5443712
4436	5444712
4437	5445712
4438	5446712
4439	5447712
4440	5448712
4441	5449712
4442	5450712
4443	5451712
4444	5452712
4445	5453712
4446	5454712
4447	5455712
4448	5456712
4449	5457712
4450	5458712
4451	5459712
4452	5460712
4453	5461712
4454	5462712
4455	5463712
4456	5464712
4457	5465712
4458	5466712
4459	5467712
4460	5468712
4461	5469712
4462	5470712
4463	5471712
4464	5472712
4465	5473712
4466	5474712
4467	5475712
4468	5476712
4469	5477712
4470	5478712
4471	5479712
4472	5480712
4473	5481712
4474	5482712
4475	5483712
4476	5484712
4477	5485712
4478	5486712
4479	5487712
4480	5488712
4481	5489712
4482	5490712
4483	5491712
4484	5492712
4485	5493712
4486	5494712
4487	5495712
4488	5496712
4489	5497712
4490	5498712
4491	5499712
4492	5500712
4493	5501712
4494	5502712
4495	5503712
4496	5504712
4497	5505712
4498	5506712
4499	5507712
4500	5508712
4501	5509712
4502	5510712
4503	5511712
4504	5512712
4505	5513712
4506	5514712
4507	5515712
4508	5516712
4509	5517712
4510	5518712
4511	5519712
4512	5520712
4513	5521712
4514	5522712
4515	5523712
4516	5524712
4517	5525712
4518	5526712
4519	5527712
4520	5528712
4521	5529712
4522	5530712
4523	5531712
4524	5532712
4525	5533712
4526	5534712
4527	5535712
4528	5536712
4529	5537712
4530	5538712
4531	5539712
4532	5540712
4533	5541712
4534	5542712
4535	5543712
4536	5544712
4537	5545712
4538	5546712
4539	5547712
4540	5548712
4541	5549712
4542	5550712
4543	5551712
4544	5552712
4545	5553712
4546	5554712
4547	5555712
4548	5556712
4549	5557712
4550	5558712
4551	5559712
4552	5560712
4553	5561712
4554	5562712
4555	5563712
4556	5564712
4557	5565712
4558	5566712
4559	5567712
4560	5568712
4561	5569712
4562	5570712
4563	5571712
4564	5572712
4565	5573712
4566	5574712
4567	5575712
4568	5576712
4569	5577712
4570	5578712
4571	5579712
4572	5580712
4573	5581712
4574	5582712
4575	5583712
4576	5584712
4577	5585712
4578	5586712
4579	5587712
4580	5588712
4581	5589712
4582	5590712
4583	5591712
4584	5592712
4585	5593712
4586	5594712
4587	5595712
4588	5596712
4589	5597712
4590	5598712
4591	5599712
4592	5600712
4593	5601712
4594	5602712
4595	5603712
4596	5604712
4597	5605712
4598	5606712
4599	5607712
4600	5608712
4601	5609712
4602	5610712
4603	5611712
4604	5612712
4605	5613712
4606	5614712
4607	5615712
4608	5616712
4609	5617712
4610	5618712
4611	5619712
4612	5620712
4613	5621712
4614	5622712
4615	5623712
4616	5624712
4617	5625712
4618	5626712
4619	5627712
4620	5628712
4621	5629712
4622	5630712
4623	5631712
4624	5632712
4625	5633712
4626	5634712
4627	5635712
4628	5636712
4629	5637712
4630	5638712
4631	5639712
4632	5640712
4633	5641712
4634	5642712
4635	5643712
4636	5644712
4637	5645712
4638	5646712
4639	5647712
4640	5648712
4641	5649712
4642	5650712
4643	5651712
4644	5652712
4645	5653712
4646	5654712
4647	5655712
4648	5656712
4649	5657712
4650	5658712
4651	5659712
4652	5660712
4653	5661712
4654	5662712
4655	5663712
4656	5664712
4657	5665712
4658	5666712
4659	5667712
4660	5668712
4661	5669712
4662	5670712
4663	5671712
4664	5672712
4665	5673712
4666	5674712
4667	5675712
4668	5676712
4669	5677712
4670	5678712
4671	5679712
4672	5680712
4673	5681712
4674	5682712
4675	5683712
4676	5684712
4677	5685712
4678	5686712
4679	5687712
4680	5688712
4681	5689712
4682	5690712
4683	5691712
4684	5692712
4685	5693712
4686	5694712
4687	5695712
4688	5696712
4689	5697712
4690	5698712
4691	5699712
4692	5700712
4693	5701712
4694	5702712
4695	5703712
4696	5704712
4697	5705712
4698	5706712
4699	5707712
4700	5708712
4701	5709712
4702	5710712
4703	5711712
4704	5712712
4705	5713712
4706	5714712
4707	5715712
4708	5716712
4709	5717712
4710	5718712
4711	5719712
4712	5720712
4713	5721712
4714	5722712
4715	5723712
4716	5724712
4717	5725712
4718	5726712
4719	5727712
4720	5728712
4721	5729712
4722	5730712
4723	5731712
4724	5732712
4725	5733712
4726	5734712
4727	5735712
4728	5736712
4729	5737712
4730	5738712
4731	5739712
4732	5740712
4733	5741712
4734	5742712
4735	5743712
4736	5744712
4737	5745712
4738	5746712
4739	5747712
4740	5748712
4741	5749712
4742	5750712
4743	5751712
4744	5752712
4745	5753712
4746	5754712
4747	5755712
4748	5756712
4749	5757712
4750	5758712
4751	5759712
4752	5760712
4753	5761712
4754	5762712
4755	5763712
4756	5764712
4757	5765712
4758	5766712
4759	5767712
4760	5768712
4761	5769712
4762	5770712
4763	5771712
4764	5772712
4765	5773712
4766	5774712
4767	5775712
4768	5776712
4769	5777712
4770	5778712
4771	5779712
4772	5780712
4773	5781712
4774	5782712
4775	5783712
4776	5784712
4777	5785712
4778	5786712
4779	5787712
4780	5788712
4781	5789712
4782	5790712
4783	5791712
4784	5792712
4785	5793712
4786	5794712
4787	5795712
4788	5796712
4789	5797712
4790	5798712
4791	5799712
4792	5800712
4793	5801712
4794	5802712
4795	5803712
4796	5804712
4797	5805712
4798	5806712
4799	5807712
4800	5808712
4801	5809712
4802	5810712
4803	5811712
4804	5812712
4805	5813712
4806	5814712
4807	5815712
4808	5816712
4809	5817712
4810	5818712
4811	5819712
4812	5820712
4813	5821712
4814	5822712
4815	5823712
4816	5824712
4817	5825712
4818	5826712
4819	5827712
4820	5828712
4821	5829712
4822	5830712
4823	5831712
4824	5832712
4825	5833712
4826	5834712
4827	5835712
4828	5836712
4829	5837712
4830	5838712
4831	5839712
4832	5840712
4833	5841712
4834	5842712
4835	5843712
4836	5844712
4837	5845712
4838	5846712
4839	5847712
4840	5848712
4841	5849712
4842	5850712
4843	5851712
4844	5852712
4845	5853712
4846	5854712
4847	5855712
4848	5856712
4849	5857712
4850	5858712
4851	5859712
4852	5860712
4853	5861712
4854	5862712
4855	5863712
4856	5864712
4857	5865712
4858	5866712
4859	5867712
4860	5868712
4861	5869712
4862	5870712
4863	5871712
4864	5872712
4865	5873712
4866	5874712
4867	5875712
4868	5876712
4869	5877712
4870	5878712
4871	5879712
4872	5880712
4873	5881712
4874	5882712
4875	5883712
4876	5884712
4877	5885712
4878	5886712
4879	5887712
4880	5888712
4881	5889712
4882	5890712
4883	5891712
4884	5892712
4885	5893712
4886	5894712
4887	5895712
4888	5896712
4889	5897712
4890	5898712
4891	5899712
4892	5900712
4893	5901712
4894	5902712
4895	5903712
4896	5904712
4897	5905712
4898	5906712
4899	5907712
4900	5908712
4901	5909712
4902	5910712
4903	5911712
4904	5912712
4905	5913712
4906	5914712
4907	5915712
4908	5916712
4909	5917712
4910	5918712
4911	5919712
4912	5920712
4913	5921712
4914	5922712
4915	5923712
4916	5924712
4917	5925712
4918	5926712
4919	5927712
4920	5928712
4921	5929712
4922	5930712
4923	5931712
4924	5932712
4925	5933712
4926	5934712
4927	5935712
4928	5936712
4929	5937712
4930	5938712
4931	5939712
4932	5940712
4933	5941712
4934	5942712
4935	5943712
4936	5944712
4937	5945712
4938	5946712
4939	5947712
4940	5948712
4941	5949712
4942	5950712
4943	5951712
4944	5952712
4945	5953712
4946	5954712
4947	5955712
4948	5956712
4949	5957712
4950	5958712
4951	5959712
4952	5960712
4953	5961712
4954	5962712
4955	5963712
4956	5964712
4957	5965712
4958	5966712
4959	5967712
4960	5968712
4961	5969712
4962	5970712
4963	5971712
4964	5972712
4965	5973712
4966	5974712
4967	5975712
4968	5976712
4969	5977712
4970	5978712
4971	5979712
4972	5980712
4973	5981712
4974	5982712
4975	5983712
4976	5984712
4977	5985712
4978	5986712
4979	5987712
4980	5988712
4981	5989712
4982	5990712
4983	5991712
4984	5992712
4985	5993712
4986	5994712
4987	5995712
4988	5996712
4989	5997712
4990	5998712
4991	5999712
4992	6000712
4993	6001712
4994	6002712
4995	6003712
4996	6004712
4997	6005712
4998	6006712
4999	6007712
5000	6008712
5001	6009712
5002	6010712
5003	6011712
5004	6012712
5005	6013712
5006	6014712
5007	6015712
5008	6016712
5009	6017712
5010	6018712
5011	6019712
5012	6020712
5013	6021712
5014	6022712
5015	6023712
5016	6024712
5017	6025712
5018	6026712
5019	6027712
5020	6028712
5021	6029712
5022	6030712
5023	6031712
5024	6032712
5025	6033712
5026	6034712
5027	6035712
5028	6036712
5029	6037712
5030	6038712
5031	6039712
5032	6040712
5033	6041712
5034	6042712
5035	6043712
5036	6044712
5037	6045712
5038	6046712
5039	6047712
5040	6048712
5041	6049712
5042	6050712
5043	6051712
5044	6052712
5045	6053712
5046	6054712
5047	6055712
5048	6056712
5049	6057712
5050	6058712
5051	6059712
5052	6060712
5053	6061712
5054	6062712
5055	6063712
5056	6064712
5057	6065712
5058	6066712
5059	6067712
5060	6068712
5061	6069712
5062	6070712
5063	6071712
5064	6072712
5065	6073712
5066	6074712
5067	6075712
5068	6076712
5069	6077712
5070	6078712
5071	6079712
5072	6080712
5073	6081712
5074	6082712
5075	6083712
5076	6084712
5077	6085712
5078	6086712
5079	6087712
5080	6088712
5081	6089712
5082	6090712
5083	6091712
5084	6092712
5085	6093712
5086	6094712
5087	6095712
5088	6096712
5089	6097712
5090	6098712
5091	6099712
5092	6100712
5093	6101712
5094	6102712
5095	6103712
5096	6104712
5097	6105712
5098	6106712
5099	6107712
5100	6108712
5101	6109712
5102	6110712
5103	6111712
5104	6112712
5105	6113712
5106	6114712
5107	6115712
5108	6116712
5109	6117712
5110	6118712
5111	6119712
5112	6120712
5113	6121712
5114	6122712
5115	6123712
5116	6124712
5117	6125712
5118	6126712
5119	6127712
5120	6128712
5121	6129712
5122	6130712
5123	6131712
5124	6132712
5125	6133712
5126	6134712
5127	6135712
5128	6136712
5129	6137712
5130	6138712
5131	6139712
5132	6140712
5133	6141712
5134	6142712
5135	6143712
5136	6144712
5137	6145712
5138	6146712
5139	6147712
5140	6148712
5141	6149712
5142	6150712
5143	6151712
5144	6152712
5145	6153712
5146	6154712
5147	6155712
5148	6156712
5149	6157712
5150	6158712
5151	6159712
5152	6160712
5153	6161712
5154	6162712
5155	6163712
5156	6164712
5157	6165712
5158	6166712
5159	6167712
5160	6168712
5161	6169712
5162	6170712
5163	6171712
5164	6172712
5165	6173712
5166	6174712
5167	6175712
5168	6176712
5169	6177712
5170	6178712
5171	6179712
5172	6180712
5173	6181712
5174	6182712
5175	6183712
5176	6184712
5177	6185712
5178	6186712
5179	6187712
5180	6188712
5181	6189712
5182	6190712
5183	6191712
5184	6192712
5185	6193712
5186	6194712
5187	6195712
5188	6196712
5189	6197712
5190	6198712
5191	6199712
5192	6200712
5193	6201712
5194	6202712
5195	6203712
5196	6204712
5197	6205712
5198	6206712
5199	6207712
5200	6208712
5201	6209712
5202	6210712
5203	6211712
5204	6212712
5205	6213712
5206	6214712
5207	6215712
5208	6216712
5209	6217712
5210	6218712
5211	6219712
5212	6220712
5213	6221712
5214	6222712
5215	6223712
5216	6224712
5217	6225712
5218	6226712
5219	6227712
5220	6228712
5221	6229712
5222	6230712
5223	6231712
5224	6232712
5225	6233712
5226	6234712
5227	6235712
5228	6236712
5229	6237712
5230	6238712
5231	6239712
5232	6240712
5233	6241712
5234	6242712
5235	6243712
5236	6244712
5237	6245712
5238	6246712
5239	6247712
5240	6248712
5241	6249712
5242	6250712
5243	6251712
5244	6252712
5245	6253712
5246	6254712
5247	6255712
5248	6256712
5249	6257712
5250	6258712
5251	6259712
5252	6260712
5253	6261712
5254	6262712
5255	6263712
5256	6264712
5257	6265712
5258	6266712
5259	6267712
5260	6268712
5261	6269712
5262	6270712
5263	6271712
5264	6272712
5265	6273712
5266	6274712
5267	6275712
5268	6276712
5269	6277712
5270	6278712
5271	6279712
5272	6280712
5273	6281712
5274	6282712
5275	6283712
5276	6284712
5277	6285712
5278	6286712
5279	6287712
5280	6288712
5281	6289712
5282	6290712
5283	6291712
5284	6292712
5285	6293712
5286	6294712
5287	6295712
5288	6296712
5289	6297712
5290	6298712
5291	6299712
5292	6300712
5293	6301712
5294	6302712
5295	6303712
5296	6304712
5297	6305712
5298	6306712
5299	6307712
5300	6308712
5301	6309712
5302	6310712
5303	6311712
5304	6312712
5305	6313712
5306	6314712
5307	6315712
5308	6316712
5309	6317712
5310	6318712
5311	6319712
5312	6320712
5313	6321712
5314	6322712
5315	6323712
5316	6324712
5317	6325712
5318	6326712
5319	6327712
5320	6328712
5321	6329712
5322	6330712
5323	6331712
5324	6332712
5325	6333712
5326	6334712
5327	6335712
5328	6336712
5329	6337712
5330	6338712
5331	6339712
5332	6340712
5333	6341712
5334	6342712
5335	6343712
5336	6344712
5337	6345712
5338	6346712
5339	6347712
5340	6348712
5341	6349712
5342	6350712
5343	6351712
5344	6352712
5345	6353712
5346	6354712
5347	6355712
5348	6356712
5349	6357712
5350	6358712
5351	6359712
5352	6360712
5353	6361712
5354	6362712
5355	6363712
5356	6364712
5357	6365712
5358	6366712
5359	6367712
5360	6368712
5361	6369712
5362	6370712
5363	6371712
5364	6372712
5365	6373712
5366	6374712
5367	6375712
5368	6376712
5369	6377712
5370	6378712
5371	6379712
5372	6380712
5373	6381712
5374	6382712
5375	6383712
5376	6384712
5377	6385712
5378	6386712
5379	6387712
5380	6388712
5381	6389712
5382	6390712
5383	6391712
5384	6392712
5385	6393712
5386	6394712
5387	6395712
5388	6396712
5389	6397712
5390	6398712
5391	6399712
5392	6400712
5393	6401712
5394	6402712
5395	6403712
5396	6404712
5397	6405712
5398	6406712
5399	6407712
5400	6408712
5401	6409712
5402	6410712
5403	6411712
5404	6412712
5405	6413712
5406	6414712
5407	6415712
5408	6416712
5409	6417712
5410	6418712
5411	6419712
5412	6420712
5413	6421712
5414	6422712
5415	6423712
5416	6424712
5417	6425712
5418	6426712
5419	6427712
5420	6428712
5421	6429712
5422	6430712
5423	6431712
5424	6432712
5425	6433712
5426	6434712
5427	6435712
5428	6436712
5429	6437712
5430	6438712
5431	6439712
5432	6440712
5433	6441712
5434	6442712
5435	6443712
5436	6444712
5437	6445712
5438	6446712
5439	6447712
5440	6448712
5441	6449712
5442	6450712
5443	6451712
5444	6452712
5445	6453712
5446	6454712
5447	6455712
5448	6456712
5449	6457712
5450	6458712
5451	6459712
5452	6460712
5453	6461712
5454	6462712
5455	6463712
5456	6464712
5457	6465712
5458	6466712
5459	6467712
5460	6468712
5461	6469712
5462	6470712
5463	6471712
5464	6472712
5465	6473712
5466	6474712
5467	6475712
5468	6476712
5469	6477712
5470	6478712
5471	6479712
5472	6480712
5473	6481712
5474	6482712
5475	6483712
5476	6484712
5477	6485712
5478	6486712
5479	6487712
5480	6488712
5481	6489712
5482	6490712
5483	6491712
5484	6492712
5485	6493712
5486	6494712
5487	6495712
5488	6496712
5489	6497712
5490	6498712
5491	6499712
5492	6500712
5493	6501712
5494	6502712
5495	6503712
5496	6504712
5497	6505712
5498	6506712
5499	6507712
5500	6508712
5501	6509712
5502	6510712
5503	6511712
5504	6512712
5505	6513712
5506	6514712
5507	6515712
5508	6516712
5509	6517712
5510	6518712
5511	6519712
5512	6520712
5513	6521712
5514	6522712
5515	6523712
5516	6524712
5517	6525712
5518	6526712
5519	6527712
5520	6528712
5521	6529712
5522	6530712
5523	6531712
5524	6532712
5525	6533712
5526	6534712
5527	6535712
5528	6536712
5529	6537712
5530	6538712
5531	6539712
5532	6540712
5533	6541712
5534	6542712
5535	6543712
5536	6544712
5537	6545712
5538	6546712
5539	6547712
5540	6548712
5541	6549712
5542	6550712
5543	6551712
5544	6552712
5545	6553712
5546	6554712
5547	6555712
5548	6556712
5549	6557712
5550	6558712
5551	6559712
5552	6560712
5553	6561712
5554	6562712
5555	6563712
5556	6564712
5557	6565712
5558	6566712
5559	6567712
5560	6568712
5561	6569712
5562	6570712
5563	6571712
5564	6572712
5565	6573712
5566	6574712
5567	6575712
5568	6576712
5569	6577712
5570	6578712
5571	6579712
5572	6580712
5573	6581712
5574	6582712
5575	6583712
5576	6584712
5577	6585712
5578	6586712
5579	6587712
5580	6588712
5581	6589712
5582	6590712
5583	6591712
5584	6592712
5585	6593712
5586	6594712
5587	6595712
5588	6596712
5589	6597712
5590	6598712
5591	6599712
5592	6600712
5593	6601712
5594	6602712
5595	6603712
5596	6604712
5597	6605712
5598	6606712
5599	6607712
5600	6608712
5601	6609712
5602	6610712
5603	6611712
5604	6612712
5605	6613712
5606	6614712
5607	6615712
5608	6616712
5609	6617712
5610	6618712
5611	6619712
5612	6620712
5613	6621712
5614	6622712
5615	6623712
5616	6624712
5617	6625712
5618	6626712
5619	6627712
5620	6628712
5621	6629712
5622	6630712
5623	6631712
5624	6632712
5625	6633712
5626	6634712
5627	6635712
5628	6636712
5629	6637712
5630	6638712
5631	6639712
5632	6640712
5633	6641712
5634	6642712
5635	6643712
5636	6644712
5637	6645712
5638	6646712
5639	6647712
5640	6648712
5641	6649712
5642	6650712
5643	6651712
5644	6652712
5645	6653712
5646	6654712
5647	6655712
5648	6656712
5649	6657712
5650	6658712
5651	6659712
5652	6660712
5653	6661712
5654	6662712
5655	6663712
5656	6664712
5657	6665712
5658	6666712
5659	6667712
5660	6668712
5661	6669712
5662	6670712
5663	6671712
5664	6672712
5665	6673712
5666	6674712
5667	6675712
5668	6676712
5669	6677712
5670	6678712
5671	6679712
5672	6680712
5673	6681712
5674	6682712
5675	6683712
5676	6684712
5677	6685712
5678	6686712
5679	6687712
5680	6688712
5681	6689712
5682	6690712
5683	6691712
5684	6692712
5685	6693712
5686	6694712
5687	6695712
5688	6696712
5689	6697712
5690	6698712
5691	6699712
5692	6700712
5693	6701712
5694	6702712
5695	6703712
5696	6704712
5697	6705712
5698	6706712
5699	6707712
5700	6708712
5701	6709712
5702	6710712
5703	6711712
5704	6712712
5705	6713712
5706	6714712
5707	6715712
5708	6716712
5709	6717712
5710	6718712
5711	6719712
5712	6720712
5713	6721712
5714	6722712
5715	6723712
5716	6724712
5717	6725712
5718	6726712
5719	6727712
5720	6728712
5721	6729712
5722	6730712
5723	6731712
5724	6732712
5725	6733712
5726	6734712
5727	6735712
5728	6736712
5729	6737712
5730	6738712
5731	6739712
5732	6740712
5733	6741712
5734	6742712
5735	6743712
5736	6744712
5737	6745712
5738	6746712
5739	6747712
5740	6748712
5741	6749712
5742	6750712
5743	6751712
5744	6752712
5745	6753712
5746	6754712
5747	6755712
5748	6756712
5749	6757712
5750	6758712
5751	6759712
5752	6760712
5753	6761712
5754	6762712
5755	6763712
5756	6764712
5757	6765712
5758	6766712
5759	6767712
5760	6768712
5761	6769712
5762	6770712
5763	6771712
5764	6772712
5765	6773712
5766	6774712
5767	6775712
5768	6776712
5769	6777712
5770	6778712
5771	6779712
5772	6780712
5773	6781712
5774	6782712
5775	6783712
5776	6784712
5777	6785712
5778	6786712
5779	6787712
5780	6788712
5781	6789712
5782	6790712
5783	6791712
5784	6792712
5785	6793712
5786	6794712
5787	6795712
5788	6796712
5789	6797712
5790	6798712
5791	6799712
5792	6800712
5793	6801712
5794	6802712
5795	6803712
5796	6804712
5797	6805712
5798	6806712
5799	6807712
5800	6808712
5801	6809712
5802	6810712
5803	6811712
5804	6812712
5805	6813712
5806	6814712
5807	6815712
5808	6816712
5809	6817712
5810	6818712
5811	6819712
5812	6820712
5813	6821712
5814	6822712
5815	6823712
5816	6824712
5817	6825712
5818	6826712
5819	6827712
5820	6828712
5821	6829712
5822	6830712
5823	6831712
5824	6832712
5825	6833712
5826	6834712
5827	6835712
5828	6836712
5829	6837712
5830	6838712
5831	6839712
5832	6840712
5833	6841712
5834	6842712
5835	6843712
5836	6844712
5837	6845712
5838	6846712
5839	6847712
5840	6848712
5841	6849712
5842	6850712
5843	6851712
5844	6852712
5845	6853712
5846	6854712
5847	6855712
5848	6856712
5849	6857712
5850	6858712
5851	6859712
5852	6860712
5853	6861712
5854	6862712
5855	6863712
5856	6864712
5857	6865712
5858	6866712
5859	6867712
5860	6868712
5861	6869712
5862	6870712
5863	6871712
5864	6872712
5865	6873712
5866	6874712
5867	6875712
5868	6876712
5869	6877712
5870	6878712
5871	6879712
5872	6880712
5873	6881712
5874	6882712
5875	6883712
5876	6884712
5877	6885712
5878	6886712
5879	6887712
5880	6888712
5881	6889712
5882	6890712
5883	6891712
5884	6892712
5885	6893712
5886	6894712
5887	6895712
5888	6896712
5889	6897712
5890	6898712
5891	6899712
5892	6900712
5893	6901712
5894	6902712
5895	6903712
5896	6904712
5897	6905712
5898	6906712
5899	6907712
5900	6908712
5901	6909712
5902	6910712
5903	6911712
5904	6912712
5905	6913712
5906	6914712
5907	6915712
5908	6916712
5909	6917712
5910	6918712
5911	6919712
5912	6920712
5913	6921712
5914	6922712
5915	6923712
5916	6924712
5917	6925712
5918	6926712
5919	6927712
5920	6928712
5921	6929712
5922	6930712
5923	6931712
5924	6932712
5925	6933712
5926	6934712
5927	6935712
5928	6936712
5929	6937712
5930	6938712
5931	6939712
5932	6940712
5933	6941712
5934	6942712
5935	6943712
5936	6944712
5937	6945712
5938	6946712
5939	6947712
5940	6948712
5941	6949712
5942	6950712
5943	6951712
5944	6952712
5945	6953712
5946	6954712
5947	6955712
5948	6956712
5949	6957712
5950	6958712
5951	6959712
5952	6960712
5953	6961712
5954	6962712
5955	6963712
5956	6964712
5957	6965712
5958	6966712
5959	6967712
5960	6968712
5961	6969712
5962	6970712
5963	6971712
5964	6972712
5965	6973712
5966	6974712
5967	6975712
5968	6976712
5969	6977712
5970	6978712
5971	6979712
5972	6980712
5973	6981712
5974	6982712
5975	6983712
5976	6984712
5977	6985712
5978	6986712
5979	6987712
5980	6988712
5981	6989712
5982	6990712
5983	6991712
5984	6992712
5985	6993712
5986	6994712
5987	6995712
5988	6996712
5989	6997712
5990	6998712
5991	6999712
5992	7000712
5993	7001712
5994	7002712
5995	7003712
5996	7004712
5997	7005712
5998	7006712
5999	7007712
