0	1010069
1	1011576
2	1013082
3	-1
4	1014589
5	1016096
6	-1
7	1017602
8	1019109
9	-1
10	1020616
11	1022122
12	-1
13	1023629
14	1025136
15	-1
16	1026642
17	1028149
18	-1
19	1029656
20	1031162
21	-1
22	1032669
23	1034176
24	-1
25	1035682
26	1037189
27	-1
28	1038696
29	1040202
30	-1
31	1041709
32	1043216
33	-1
34	1044722
35	1046229
36	-1
37	1047736
38	1049242
39	-1
40	1050749
41	1052256
42	-1
43	1053762
44	1055269
45	-1
46	1056776
47	1058282
48	-1
49	1059789
50	1061296
51	-1
52	1062802
53	1064309
54	-1
55	1065816
56	1067322
57	-1
58	1068829
59	1070336
60	-1
61	1071842
62	1073349
63	-1
64	1074856
65	1076362
66	-1
67	1077869
68	1079376
69	-1
70	1080882
71	1082389
72	-1
73	1083896
74	1085402
75	-1
76	1086909
77	1088416
78	-1
79	1089922
80	1091429
81	-1
82	1092936
83	1094442
84	-1
85	1095949
86	1097456
87	-1
88	1098962
89	1100469
90	-1
91	1101976
92	1103482
93	-1
94	1104989
95	1106496
96	-1
97	1108002
98	1109509
99	-1
100	1111016
101	1112522
102	-1
103	1114029
104	1115536
105	-1
106	1117042
107	1118549
108	-1
109	1120056
110	1121562
111	-1
112	1123069
113	1124576
114	-1
115	1126082
116	1127589
117	-1
118	1129096
119	1130602
120	-1
121	1132109
122	1133616
123	-1
124	1135122
125	1136629
126	-1
127	1138136
128	1139642
129	-1
130	1141149
131	1142656
132	-1
133	1144162
134	1145669
135	-1
136	1147176
137	1148682
138	-1
139	1150189
140	1151696
141	-1
142	1153202
143	1154709
144	-1
145	1156216
146	1157722
147	-1
148	1159229
149	1160736
150	-1
151	1162242
152	1163749
153	-1
154	1165256
155	1166762
156	-1
157	1168269
158	1169776
159	-1
160	1171282
161	1172789
162	-1
163	1174296
164	1175802
165	-1
166	1177309
167	1178816
168	-1
169	1180322
170	1181829
171	-1
172	1183336
173	1184842
174	-1
175	1186349
176	1187856
177	-1
178	1189362
179	1190869
180	-1
181	1192376
182	1193882
183	-1
184	1195389
185	1196896
186	-1
187	1198402
188	1199909
189	-1
190	1201416
191	1202922
192	-1
193	1204429
194	1205936
195	-1
196	1207442
197	1208949
198	-1
199	1210456
200	1211962
201	-1
202	1213469
203	1214976
204	-1
205	1216482
206	1217989
207	-1
208	1219496
209	1221002
210	-1
211	1222509
212	1224016
213	-1
214	1225522
215	1227029
216	-1
217	1228536
218	1230042
219	-1
220	1231549
221	1233056
222	-1
223	1234562
224	1236069
225	-1
226	1237576
227	1239082
228	-1
229	1240589
230	1242096
231	-1
232	1243602
233	1245109
234	-1
235	1246616
236	1248122
237	-1
238	1249629
239	1251136
240	-1
241	1252642
242	1254149
243	-1
244	1255656
245	1257162
246	-1
247	1258669
248	1260176
249	-1
250	1261682
251	1263189
252	-1
253	1264696
254	1266202
255	-1
256	1267709
257	1269216
258	-1
259	1270722
260	1272229
261	-1
262	1273736
263	1275242
264	-1
265	1276749
266	1278256
267	-1
268	1279762
269	1281269
270	-1
271	1282776
272	1284282
273	-1
274	1285789
275	1287296
276	-1
277	1288802
278	1290309
279	-1
280	1291816
281	1293322
282	-1
283	1294829
284	1296336
285	-1
286	1297842
287	1299349
288	-1
289	1300856
290	1302362
291	-1
292	1303869
293	1305376
294	-1
295	1306882
296	1308389
297	-1
298	1309896
299	1311402
300	-1
301	1312909
302	1314416
303	-1
304	1315922
305	1317429
306	-1
307	1318936
308	1320442
309	-1
310	1321949
311	1323456
312	-1
313	1324962
314	1326469
315	-1
316	1327976
317	1329482
318	-1
319	1330989
320	1332496
321	-1
322	1334002
323	1335509
324	-1
325	1337016
326	1338522
327	-1
328	1340029
329	1341536
330	-1
331	1343042
332	1344549
333	-1
334	1346056
335	1347562
336	-1
337	1349069
338	1350576
339	-1
340	1352082
341	1353589
342	-1
343	1355096
344	1356602
345	-1
346	1358109
347	1359616
348	-1
349	1361122
350	1362629
351	-1
352	1364136
353	1365642
354	-1
355	1367149
356	1368656
357	-1
358	1370162
359	1371669
360	-1
361	1373176
362	1374682
363	-1
364	1376189
365	1377696
366	-1
367	1379202
368	1380709
369	-1
370	1382216
371	1383722
372	-1
373	1385229
374	1386736
375	-1
376	1388242
377	1389749
378	-1
379	1391256
380	1392762
381	-1
382	1394269
383	1395776
384	-1
385	1397282
386	1398789
387	-1
388	1400296
389	1401802
390	-1
391	1403309
392	1404816
393	-1
394	1406322
395	1407829
396	-1
397	1409336
398	1410842
399	-1
400	1412349
401	1413856
402	-1
403	1415362
404	1416869
405	-1
406	1418376
407	1419882
408	-1
409	1421389
410	1422896
411	-1
412	1424402
413	1425909
414	-1
415	1427416
416	1428922
417	-1
418	1430429
419	1431936
420	-1
421	1433442
422	1434949
423	-1
424	1436456
425	1437962
426	-1
427	1439469
428	1440976
429	-1
430	1442482
431	1443989
432	-1
433	1445496
434	1447002
435	-1
436	1448509
437	1450016
438	-1
439	1451522
440	1453029
441	-1
442	1454536
443	1456042
444	-1
445	1457549
446	1459056
447	-1
448	1460562
449	1462069
450	-1
451	1463576
452	1465082
453	-1
454	1466589
455	1468096
456	-1
457	1469602
458	1471109
459	-1
460	1472616
461	1474122
462	-1
463	1475629
464	1477136
465	-1
466	1478642
467	1480149
468	-1
469	1481656
470	1483162
471	-1
472	1484669
473	1486176
474	-1
475	1487682
476	1489189
477	-1
478	1490696
479	1492202
480	-1
481	1493709
482	1495216
483	-1
484	1496722
485	1498229
486	-1
487	1499736
488	1501242
489	-1
490	1502749
491	1504256
492	-1
493	1505762
494	1507269
495	-1
496	1508776
497	1510282
498	-1
499	1511789
500	1513296
501	-1
502	1514802
503	1516309
504	-1
505	1517816
506	1519322
507	-1
508	1520829
509	1522336
510	-1
511	1523842
512	1525349
513	-1
514	1526856
515	1528362
516	-1
517	1529869
518	1531376
519	-1
520	1532882
521	1534389
522	-1
523	1535896
524	1537402
525	-1
526	1538909
527	1540416
528	-1
529	1541922
530	1543429
531	-1
532	1544936
533	1546442
534	-1
535	1547949
536	1549456
537	-1
538	1550962
539	1552469
540	-1
541	1553976
542	1555482
543	-1
544	1556989
545	1558496
546	-1
547	1560002
548	1561509
549	-1
550	1563016
551	1564522
552	-1
553	1566029
554	1567536
555	-1
556	1569042
557	1570549
558	-1
559	1572056
560	1573562
561	-1
562	1575069
563	1576576
564	-1
565	1578082
566	1579589
567	-1
568	1581096
569	1582602
570	-1
571	1584109
572	1585616
573	-1
574	1587122
575	1588629
576	-1
577	1590136
578	1591642
579	-1
580	1593149
581	1594656
582	-1
583	1596162
584	1597669
585	-1
586	1599176
587	1600682
588	-1
589	1602189
590	1603696
591	-1
592	1605202
593	1606709
594	-1
595	1608216
596	1609722
597	-1
598	1611229
599	1612736
600	-1
601	1614242
602	1615749
603	-1
604	1617256
605	1618762
606	-1
607	1620269
608	1621776
609	-1
610	1623282
611	1624789
612	-1
613	1626296
614	1627802
615	-1
616	1629309
617	1630816
618	-1
619	1632322
620	1633829
621	-1
622	1635336
623	1636842
624	-1
625	1638349
626	1639856
627	-1
628	1641362
629	1642869
630	-1
631	1644376
632	1645882
633	-1
634	1647389
635	1648896
636	-1
637	1650402
638	1651909
639	-1
640	1653416
641	1654922
642	-1
643	1656429
644	1657936
645	-1
646	1659442
647	1660949
648	-1
649	1662456
650	1663962
651	-1
652	1665469
653	1666976
654	-1
655	1668482
656	1669989
657	-1
658	1671496
659	1673002
660	-1
661	1674509
662	1676016
663	-1
664	1677522
665	1679029
666	-1
667	1680536
668	1682042
669	-1
670	1683549
671	1685056
672	-1
673	1686562
674	1688069
675	-1
676	1689576
677	1691082
678	-1
679	1692589
680	1694096
681	-1
682	1695602
683	1697109
684	-1
685	1698616
686	1700122
687	-1
688	1701629
689	1703136
690	-1
691	1704642
692	1706149
693	-1
694	1707656
695	1709162
696	-1
697	1710669
698	1712176
699	-1
700	1713682
701	1715189
702	-1
703	1716696
704	1718202
705	-1
706	1719709
707	1721216
708	-1
709	1722722
710	1724229
711	-1
712	1725736
713	1727242
714	-1
715	1728749
716	1730256
717	-1
718	1731762
719	1733269
720	-1
721	1734776
722	1736282
723	-1
724	1737789
725	1739296
726	-1
727	1740802
728	1742309
729	-1
730	1743816
731	1745322
732	-1
733	1746829
734	1748336
735	-1
736	1749842
737	1751349
738	-1
739	1752856
740	1754362
741	-1
742	1755869
743	1757376
744	-1
745	1758882
746	1760389
747	-1
748	1761896
749	1763402
750	-1
751	1764909
752	1766416
753	-1
754	1767922
755	1769429
756	-1
757	1770936
758	1772442
759	-1
760	1773949
761	1775456
762	-1
763	1776962
764	1778469
765	-1
766	1779976
767	1781482
768	-1
769	1782989
770	1784496
771	-1
772	1786002
773	1787509
774	-1
775	1789016
776	1790522
777	-1
778	1792029
779	1793536
780	-1
781	1795042
782	1796549
783	-1
784	1798056
785	1799562
786	-1
787	1801069
788	1802576
789	-1
790	1804082
791	1805589
792	-1
793	1807096
794	1808602
795	-1
796	1810109
797	1811616
798	-1
799	1813122
800	1814629
801	-1
802	1816136
803	1817642
804	-1
805	1819149
806	1820656
807	-1
808	1822162
809	1823669
810	-1
811	1825176
812	1826682
813	-1
814	1828189
815	1829696
816	-1
817	1831202
818	1832709
819	-1
820	1834216
821	1835722
822	-1
823	1837229
824	1838736
825	-1
826	1840242
827	1841749
828	-1
829	1843256
830	1844762
831	-1
832	1846269
833	1847776
834	-1
835	1849282
836	1850789
837	-1
838	1852296
839	1853802
840	-1
841	1855309
842	1856816
843	-1
844	1858322
845	1859829
846	-1
847	1861336
848	1862842
849	-1
850	1864349
851	1865856
852	-1
853	1867362
854	1868869
855	-1
856	1870376
857	1871882
858	-1
859	1873389
860	1874896
861	-1
862	1876402
863	1877909
864	-1
865	1879416
866	1880922
867	-1
868	1882429
869	1883936
870	-1
871	1885442
872	1886949
873	-1
874	1888456
875	1889962
876	-1
877	1891469
878	1892976
879	-1
880	1894482
881	1895989
882	-1
883	1897496
884	1899002
885	-1
886	1900509
887	1902016
888	-1
889	1903522
890	1905029
891	-1
892	1906536
893	1908042
894	-1
895	1909549
896	1911056
897	-1
898	1912562
899	1914069
900	-1
901	1915576
902	1917082
903	-1
904	1918589
905	1920096
906	-1
907	1921602
908	1923109
909	-1
910	1924616
911	1926122
912	-1
913	1927629
914	1929136
915	-1
916	1930642
917	1932149
918	-1
919	1933656
920	1935162
921	-1
922	1936669
923	1938176
924	-1
925	1939682
926	1941189
927	-1
928	1942696
929	1944202
930	-1
931	1945709
932	1947216
933	-1
934	1948722
935	1950229
936	-1
937	1951736
938	1953242
939	-1
940	1954749
941	1956256
942	-1
943	1957762
944	1959269
945	-1
946	1960776
947	1962282
948	-1
949	1963789
950	1965296
951	-1
952	1966802
953	1968309
954	-1
955	1969816
956	1971322
957	-1
958	1972829
959	1974336
960	-1
961	1975842
962	1977349
963	-1
964	1978856
965	1980362
966	-1
967	1981869
968	1983376
969	-1
970	1984882
971	1986389
972	-1
973	1987896
974	1989402
975	-1
976	1990909
977	1992416
978	-1
979	1993922
980	1995429
981	-1
982	1996936
983	1998442
984	-1
985	1999949
986	2001456
987	-1
988	2002962
989	2004469
990	-1
991	2005976
992	2007482
993	-1
994	2008989
995	2010496
996	-1
997	2012002
998	2013509
999	-1
1000	2015016
1001	2016522
1002	-1
1003	2018029
1004	2019536
1005	-1
1006	2021042
1007	2022549
1008	-1
1009	2024056
1010	2025562
1011	-1
1012	2027069
1013	2028576
1014	-1
1015	2030082
1016	2031589
1017	-1
1018	2033096
1019	2034602
1020	-1
1021	2036109
1022	2037616
1023	-1
1024	2039122
1025	2040629
1026	-1
1027	2042136
1028	2043642
1029	-1
1030	2045149
1031	2046656
1032	-1
1033	2048162
1034	2049669
1035	-1
1036	2051176
1037	2052682
1038	-1
1039	2054189
1040	2055696
1041	-1
1042	2057202
1043	2058709
1044	-1
1045	2060216
1046	2061722
1047	-1
1048	2063229
1049	2064736
1050	-1
1051	2066242
1052	2067749
1053	-1
1054	2069256
1055	2070762
1056	-1
1057	2072269
1058	2073776
1059	-1
1060	2075282
1061	2076789
1062	-1
1063	2078296
1064	2079802
1065	-1
1066	2081309
1067	2082816
1068	-1
1069	2084322
1070	2085829
1071	-1
1072	2087336
1073	2088842
1074	-1
1075	2090349
1076	2091856
1077	-1
1078	2093362
1079	2094869
1080	-1
1081	2096376
1082	2097882
1083	-1
1084	2099389
1085	2100896
1086	-1
1087	2102402
1088	2103909
1089	-1
1090	2105416
1091	2106922
1092	-1
1093	2108429
1094	2109936
1095	-1
1096	2111442
1097	2112949
1098	-1
1099	2114456
1100	2115962
1101	-1
1102	2117469
1103	2118976
1104	-1
1105	2120482
1106	2121989
1107	-1
1108	2123496
1109	2125002
1110	-1
1111	2126509
1112	2128016
1113	-1
1114	2129522
1115	2131029
1116	-1
1117	2132536
1118	2134042
1119	-1
1120	2135549
1121	2137056
1122	-1
1123	2138562
1124	2140069
1125	-1
1126	2141576
1127	2143082
1128	-1
1129	2144589
1130	2146096
1131	-1
1132	2147602
1133	2149109
1134	-1
1135	2150616
1136	2152122
1137	-1
1138	2153629
1139	2155136
1140	-1
1141	2156642
1142	2158149
1143	-1
1144	2159656
1145	2161162
1146	-1
1147	2162669
1148	2164176
1149	-1
1150	2165682
1151	2167189
1152	-1
1153	2168696
1154	2170202
1155	-1
1156	2171709
1157	2173216
1158	-1
1159	2174722
1160	2176229
1161	-1
1162	2177736
1163	2179242
1164	-1
1165	2180749
1166	2182256
1167	-1
1168	2183762
1169	2185269
1170	-1
1171	2186776
1172	2188282
1173	-1
1174	2189789
1175	2191296
1176	-1
1177	2192802
1178	2194309
1179	-1
1180	2195816
1181	2197322
1182	-1
1183	2198829
1184	2200336
1185	-1
1186	2201842
1187	2203349
1188	-1
1189	2204856
1190	2206362
1191	-1
1192	2207869
1193	2209376
1194	-1
1195	2210882
1196	2212389
1197	-1
1198	2213896
1199	2215402
1200	-1
1201	2216909
1202	2218416
1203	-1
1204	2219922
1205	2221429
1206	-1
1207	2222936
1208	2224442
1209	-1
1210	2225949
1211	2227456
1212	-1
1213	2228962
1214	2230469
1215	-1
1216	2231976
1217	2233482
1218	-1
1219	2234989
1220	2236496
1221	-1
1222	2238002
1223	2239509
1224	-1
1225	2241016
1226	2242522
1227	-1
1228	2244029
1229	2245536
1230	-1
1231	2247042
1232	2248549
1233	-1
1234	2250056
1235	2251562
1236	-1
1237	2253069
1238	2254576
1239	-1
1240	2256082
1241	2257589
1242	-1
1243	2259096
1244	2260602
1245	-1
1246	2262109
1247	2263616
1248	-1
1249	2265122
1250	2266629
1251	-1
1252	2268136
1253	2269642
1254	-1
1255	2271149
1256	2272656
1257	-1
1258	2274162
1259	2275669
1260	-1
1261	2277176
1262	2278682
1263	-1
1264	2280189
1265	2281696
1266	-1
1267	2283202
1268	2284709
1269	-1
1270	2286216
1271	2287722
1272	-1
1273	2289229
1274	2290736
1275	-1
1276	2292242
1277	2293749
1278	-1
1279	2295256
1280	2296762
1281	-1
1282	2298269
1283	2299776
1284	-1
1285	2301282
1286	2302789
1287	-1
1288	2304296
1289	2305802
1290	-1
1291	2307309
1292	2308816
1293	-1
1294	2310322
1295	2311829
1296	-1
1297	2313336
1298	2314842
1299	-1
1300	2316349
1301	2317856
1302	-1
1303	2319362
1304	2320869
1305	-1
1306	2322376
1307	2323882
1308	-1
1309	2325389
1310	2326896
1311	-1
1312	2328402
1313	2329909
1314	-1
1315	2331416
1316	2332922
1317	-1
1318	2334429
1319	2335936
1320	-1
1321	2337442
1322	2338949
1323	-1
1324	2340456
1325	2341962
1326	-1
1327	2343469
1328	2344976
1329	-1
1330	2346482
1331	2347989
1332	-1
1333	2349496
1334	2351002
1335	-1
1336	2352509
1337	2354016
1338	-1
1339	2355522
1340	2357029
1341	-1
1342	2358536
1343	2360042
1344	-1
1345	2361549
1346	2363056
1347	-1
1348	2364562
1349	2366069
1350	-1
1351	2367576
1352	2369082
1353	-1
1354	2370589
1355	2372096
1356	-1
1357	2373602
1358	2375109
1359	-1
1360	2376616
1361	2378122
1362	-1
1363	2379629
1364	2381136
1365	-1
1366	2382642
1367	2384149
1368	-1
1369	2385656
1370	2387162
1371	-1
1372	2388669
1373	2390176
1374	-1
1375	2391682
1376	2393189
1377	-1
1378	2394696
1379	2396202
1380	-1
1381	2397709
1382	2399216
1383	-1
1384	2400722
1385	2402229
1386	-1
1387	2403736
1388	2405242
1389	-1
1390	2406749
1391	2408256
1392	-1
1393	2409762
1394	2411269
1395	-1
1396	2412776
1397	2414282
1398	-1
1399	2415789
1400	2417296
1401	-1
1402	2418802
1403	2420309
1404	-1
1405	2421816
1406	2423322
1407	-1
1408	2424829
1409	2426336
1410	-1
1411	2427842
1412	2429349
1413	-1
1414	2430856
1415	2432362
1416	-1
1417	2433869
1418	2435376
1419	-1
1420	2436882
1421	2438389
1422	-1
1423	2439896
1424	2441402
1425	-1
1426	2442909
1427	2444416
1428	-1
1429	2445922
1430	2447429
1431	-1
1432	2448936
1433	2450442
1434	-1
1435	2451949
1436	2453456
1437	-1
1438	2454962
1439	2456469
1440	-1
1441	-1
1442	2457976
1443	2459482
1444	-1
1445	2460989
1446	2462496
1447	-1
1448	2464002
1449	2465509
1450	-1
1451	2467016
1452	2468522
1453	-1
1454	2470029
1455	2471536
1456	-1
1457	2473042
1458	2474549
1459	-1
1460	2476056
1461	2477562
1462	-1
1463	2479069
1464	2480576
1465	-1
1466	2482082
1467	2483589
1468	-1
1469	2485096
1470	2486602
1471	-1
1472	2488109
1473	2489616
1474	-1
1475	2491122
1476	2492629
1477	-1
1478	2494136
1479	2495642
1480	-1
1481	2497149
1482	2498656
1483	-1
1484	2500162
1485	2501669
1486	-1
1487	2503176
1488	2504682
1489	-1
1490	2506189
1491	2507696
1492	-1
1493	2509202
1494	2510709
1495	-1
1496	2512216
1497	2513723
1498	-1
1499	2515229
1500	2516736
1501	-1
1502	2518243
1503	2519749
1504	-1
1505	2521256
1506	2522763
1507	-1
1508	2524269
1509	2525776
1510	-1
1511	2527283
1512	2528789
1513	-1
1514	2530296
1515	2531803
1516	-1
1517	2533309
1518	2534816
1519	-1
1520	2536323
1521	2537829
1522	-1
1523	2539336
1524	2540843
1525	-1
1526	2542349
1527	2543856
1528	-1
1529	2545363
1530	2546869
1531	-1
1532	2548376
1533	2549883
1534	-1
1535	2551389
1536	2552896
1537	-1
1538	2554403
1539	2555909
1540	-1
1541	2557416
1542	2558923
1543	-1
1544	2560429
1545	2561936
1546	-1
1547	2563443
1548	2564949
1549	-1
1550	2566456
1551	2567963
1552	-1
1553	2569469
1554	2570976
1555	-1
1556	2572483
1557	2573989
1558	-1
1559	2575496
1560	2577003
1561	-1
1562	2578509
1563	2580016
1564	-1
1565	2581523
1566	2583029
1567	-1
1568	2584536
1569	2586043
1570	-1
1571	2587549
1572	2589056
1573	-1
1574	2590563
1575	2592069
1576	-1
1577	2593576
1578	2595083
1579	-1
1580	2596589
1581	2598096
1582	-1
1583	2599603
1584	2601109
1585	-1
1586	2602616
1587	2604123
1588	-1
1589	2605629
1590	2607136
1591	-1
1592	2608643
1593	2610149
1594	-1
1595	2611656
1596	2613163
1597	-1
1598	2614669
1599	2616176
1600	-1
1601	2617683
1602	2619189
1603	-1
1604	2620696
1605	2622203
1606	-1
1607	2623709
1608	2625216
1609	-1
1610	2626723
1611	2628229
1612	-1
1613	2629736
1614	2631243
1615	-1
1616	2632749
1617	2634256
1618	-1
1619	2635763
1620	2637269
1621	-1
1622	2638776
1623	2640283
1624	-1
1625	2641789
1626	2643296
1627	-1
1628	2644803
1629	2646309
1630	-1
1631	2647816
1632	2649323
1633	-1
1634	2650829
1635	2652336
1636	-1
1637	2653843
1638	2655349
1639	-1
1640	2656856
1641	2658363
1642	-1
1643	2659869
1644	2661376
1645	-1
1646	2662883
1647	2664389
1648	-1
1649	2665896
1650	2667403
1651	-1
1652	2668909
1653	2670416
1654	-1
1655	2671923
1656	2673429
1657	-1
1658	2674936
1659	2676443
1660	-1
1661	2677949
1662	2679456
1663	-1
1664	2680963
1665	2682469
1666	-1
1667	-1
1668	2683976
1669	2685483
1670	-1
1671	2686989
1672	2688496
1673	-1
1674	2690003
1675	2691509
1676	-1
1677	2693016
1678	2694523
1679	-1
1680	2696029
1681	2697536
1682	-1
1683	2699043
1684	2700549
1685	-1
1686	2702056
1687	2703563
1688	-1
1689	2705069
1690	2706576
1691	-1
1692	2708083
1693	2709589
1694	-1
1695	2711096
1696	2712603
1697	-1
1698	2714109
1699	2715616
1700	-1
1701	2717123
1702	2718629
1703	-1
1704	2720136
1705	2721643
1706	-1
1707	2723149
1708	2724656
1709	-1
1710	2726163
1711	2727669
1712	-1
1713	2729176
1714	2730683
1715	-1
1716	2732189
1717	2733696
1718	-1
1719	2735203
1720	2736709
1721	-1
1722	2738216
1723	2739723
1724	-1
1725	2741229
1726	2742736
1727	-1
1728	2744243
1729	2745749
1730	-1
1731	2747256
1732	2748763
1733	-1
1734	2750269
1735	2751776
1736	-1
1737	2753283
1738	2754789
1739	-1
1740	2756296
1741	2757803
1742	-1
1743	2759309
1744	2760816
1745	-1
1746	2762323
1747	2763829
1748	-1
1749	2765336
1750	2766843
1751	-1
1752	2768349
1753	2769856
1754	-1
1755	2771363
1756	2772869
1757	-1
1758	2774376
1759	2775883
1760	-1
1761	2777389
1762	2778896
1763	-1
1764	2780403
1765	2781909
1766	-1
1767	2783416
1768	2784923
1769	-1
1770	2786429
1771	2787936
1772	-1
1773	2789443
1774	2790949
1775	-1
1776	2792456
1777	2793963
1778	-1
1779	2795469
1780	2796976
1781	-1
1782	2798483
1783	2799989
1784	-1
1785	2801496
1786	2803003
1787	-1
1788	2804509
1789	2806016
1790	-1
1791	2807523
1792	2809029
1793	-1
1794	2810536
1795	2812043
1796	-1
1797	2813549
1798	2815056
1799	-1
1800	2816563
1801	2818069
1802	-1
1803	2819576
1804	2821083
1805	-1
1806	2822589
1807	2824096
1808	-1
1809	2825603
1810	2827109
1811	-1
1812	2828616
1813	2830123
1814	-1
1815	2831629
1816	2833136
1817	-1
1818	2834643
1819	2836149
1820	-1
1821	2837656
1822	2839163
1823	-1
1824	2840669
1825	2842176
1826	-1
1827	2843683
1828	2845189
1829	-1
1830	2846696
1831	2848203
1832	-1
1833	2849709
1834	2851216
1835	-1
1836	2852723
1837	2854229
1838	-1
1839	2855736
1840	2857243
1841	-1
1842	2858749
1843	2860256
1844	-1
1845	2861763
1846	2863269
1847	-1
1848	2864776
1849	2866283
1850	-1
1851	2867789
1852	2869296
1853	-1
1854	2870803
1855	2872309
1856	-1
1857	2873816
1858	2875323
1859	-1
1860	2876829
1861	2878336
1862	-1
1863	2879843
1864	2881349
1865	-1
1866	2882856
1867	2884363
1868	-1
1869	2885869
1870	2887376
1871	-1
1872	2888883
1873	2890389
1874	-1
1875	2891896
1876	2893403
1877	-1
1878	2894909
1879	2896416
1880	-1
1881	2897923
1882	2899429
1883	-1
1884	2900936
1885	2902443
1886	-1
1887	2903949
1888	2905456
1889	-1
1890	2906963
1891	2908469
1892	-1
1893	-1
1894	2909976
1895	2911483
1896	-1
1897	2912989
1898	2914496
1899	-1
1900	2916003
1901	2917509
1902	-1
1903	2919016
1904	2920523
1905	-1
1906	2922029
1907	2923536
1908	-1
1909	2925043
1910	2926549
1911	-1
1912	2928056
1913	2929563
1914	-1
1915	2931069
1916	2932576
1917	-1
1918	2934083
1919	2935589
1920	-1
1921	2937096
1922	2938603
1923	-1
1924	2940109
1925	2941616
1926	-1
1927	2943123
1928	2944629
1929	-1
1930	2946136
1931	2947643
1932	-1
1933	2949149
1934	2950656
1935	-1
1936	2952163
1937	2953669
1938	-1
1939	2955176
1940	2956683
1941	-1
1942	2958189
1943	2959696
1944	-1
1945	2961203
1946	2962709
1947	-1
1948	2964216
1949	2965723
1950	-1
1951	2967229
1952	2968736
1953	-1
1954	2970243
1955	2971749
1956	-1
1957	2973256
1958	2974763
1959	-1
1960	2976269
1961	2977776
1962	-1
1963	2979283
1964	2980789
1965	-1
1966	2982296
1967	2983803
1968	-1
1969	2985309
1970	2986816
1971	-1
1972	2988323
1973	2989829
1974	-1
1975	2991336
1976	2992843
1977	-1
1978	2994349
1979	2995856
1980	-1
1981	2997363
1982	2998869
1983	-1
1984	3000376
1985	3001883
1986	-1
1987	3003389
1988	3004896
1989	-1
1990	3006403
1991	3007909
1992	-1
1993	3009416
1994	3010923
1995	-1
1996	3012429
1997	3013936
1998	-1
1999	3015443
2000	3016949
2001	-1
2002	3018456
2003	3019963
2004	-1
2005	3021469
2006	3022976
2007	-1
2008	3024483
2009	3025989
2010	-1
2011	3027496
2012	3029003
2013	-1
2014	3030509
2015	3032016
2016	-1
2017	3033523
2018	3035029
2019	-1
2020	3036536
2021	3038043
2022	-1
2023	3039549
2024	3041056
2025	-1
2026	3042563
2027	3044069
2028	-1
2029	3045576
2030	3047083
2031	-1
2032	3048589
2033	3050096
2034	-1
2035	3051603
2036	3053109
2037	-1
2038	3054616
2039	3056123
2040	-1
2041	3057629
2042	3059136
2043	-1
2044	3060643
2045	3062149
2046	-1
2047	3063656
2048	3065163
2049	-1
2050	3066669
2051	3068176
2052	-1
2053	3069683
2054	3071189
2055	-1
2056	3072696
2057	3074203
2058	-1
2059	3075709
2060	3077216
2061	-1
2062	3078723
2063	3080229
2064	-1
2065	3081736
2066	3083243
2067	-1
2068	3084749
2069	3086256
2070	-1
2071	3087763
2072	3089269
2073	-1
2074	3090776
2075	3092283
2076	-1
2077	3093789
2078	3095296
2079	-1
2080	3096803
2081	3098309
2082	-1
2083	3099816
2084	3101323
2085	-1
2086	3102829
2087	3104336
2088	-1
2089	3105843
2090	3107349
2091	-1
2092	3108856
2093	3110363
2094	-1
2095	3111869
2096	3113376
2097	-1
2098	3114883
2099	3116389
2100	-1
2101	3117896
2102	3119403
2103	-1
2104	3120909
2105	3122416
2106	-1
2107	3123923
2108	3125429
2109	-1
2110	3126936
2111	3128443
2112	-1
2113	3129949
2114	3131456
2115	-1
2116	3132963
2117	3134469
2118	-1
2119	-1
2120	3135976
2121	3137483
2122	-1
2123	3138989
2124	3140496
2125	-1
2126	3142003
2127	3143509
2128	-1
2129	3145016
2130	3146523
2131	-1
2132	3148029
2133	3149536
2134	-1
2135	3151043
2136	3152549
2137	-1
2138	3154056
2139	3155563
2140	-1
2141	3157069
2142	3158576
2143	-1
2144	3160083
2145	3161589
2146	-1
2147	3163096
2148	3164603
2149	-1
2150	3166109
2151	3167616
2152	-1
2153	3169123
2154	3170629
2155	-1
2156	3172136
2157	3173643
2158	-1
2159	3175149
2160	3176656
2161	-1
2162	3178163
2163	3179669
2164	-1
2165	3181176
2166	3182683
2167	-1
2168	3184189
2169	3185696
2170	-1
2171	3187203
2172	3188709
2173	-1
2174	3190216
2175	3191723
2176	-1
2177	3193229
2178	3194736
2179	-1
2180	3196243
2181	3197749
2182	-1
2183	3199256
2184	3200763
2185	-1
2186	3202269
2187	3203776
2188	-1
2189	3205283
2190	3206789
2191	-1
2192	3208296
2193	3209803
2194	-1
2195	3211309
2196	3212816
2197	-1
2198	3214323
2199	3215829
2200	-1
2201	3217336
2202	3218843
2203	-1
2204	3220349
2205	3221856
2206	-1
2207	3223363
2208	3224869
2209	-1
2210	3226376
2211	3227883
2212	-1
2213	3229389
2214	3230896
2215	-1
2216	3232403
2217	3233909
2218	-1
2219	3235416
2220	3236923
2221	-1
2222	3238429
2223	3239936
2224	-1
2225	3241443
2226	3242949
2227	-1
2228	3244456
2229	3245963
2230	-1
2231	3247469
2232	3248976
2233	-1
2234	3250483
2235	3251989
2236	-1
2237	3253496
2238	3255003
2239	-1
2240	3256509
2241	3258016
2242	-1
2243	3259523
2244	3261029
2245	-1
2246	3262536
2247	3264043
2248	-1
2249	3265549
2250	3267056
2251	-1
2252	3268563
2253	3270069
2254	-1
2255	3271576
2256	3273083
2257	-1
2258	3274589
2259	3276096
2260	-1
2261	3277603
2262	3279109
2263	-1
2264	3280616
2265	3282123
2266	-1
2267	3283629
2268	3285136
2269	-1
2270	3286643
2271	3288149
2272	-1
2273	3289656
2274	3291163
2275	-1
2276	3292669
2277	3294176
2278	-1
2279	3295683
2280	3297189
2281	-1
2282	3298696
2283	3300203
2284	-1
2285	3301709
2286	3303216
2287	-1
2288	3304723
2289	3306229
2290	-1
2291	3307736
2292	3309243
2293	-1
2294	3310749
2295	3312256
2296	-1
2297	3313763
2298	3315269
2299	-1
2300	3316776
2301	3318283
2302	-1
2303	3319789
2304	3321296
2305	-1
2306	3322803
2307	3324309
2308	-1
2309	3325816
2310	3327323
2311	-1
2312	3328829
2313	3330336
2314	-1
2315	3331843
2316	3333349
2317	-1
2318	3334856
2319	3336363
2320	-1
2321	3337869
2322	3339376
2323	-1
2324	3340883
2325	3342389
2326	-1
2327	3343896
2328	3345403
2329	-1
2330	3346909
2331	3348416
2332	-1
2333	3349923
2334	3351429
2335	-1
2336	3352936
2337	3354443
2338	-1
2339	3355949
2340	3357456
2341	-1
2342	3358963
2343	3360469
2344	-1
2345	-1
2346	3361976
2347	3363483
2348	-1
2349	3364989
2350	3366496
2351	-1
2352	3368003
2353	3369509
2354	-1
2355	3371016
2356	3372523
2357	-1
2358	3374029
2359	3375536
2360	-1
2361	3377043
2362	3378549
2363	-1
2364	3380056
2365	3381563
2366	-1
2367	3383069
2368	3384576
2369	-1
2370	3386083
2371	3387589
2372	-1
2373	3389096
2374	3390603
2375	-1
2376	3392109
2377	3393616
2378	-1
2379	3395123
2380	3396629
2381	-1
2382	3398136
2383	3399643
2384	-1
2385	3401149
2386	3402656
2387	-1
2388	3404163
2389	3405669
2390	-1
2391	3407176
2392	3408683
2393	-1
2394	3410189
2395	3411696
2396	-1
2397	3413203
2398	3414709
2399	-1
2400	3416216
2401	3417723
2402	-1
2403	3419229
2404	3420736
2405	-1
2406	3422243
2407	3423749
2408	-1
2409	3425256
2410	3426763
2411	-1
2412	3428269
2413	3429776
2414	-1
2415	3431283
2416	3432789
2417	-1
2418	3434296
2419	3435803
2420	-1
2421	3437309
2422	3438816
2423	-1
2424	3440323
2425	3441829
2426	-1
2427	3443336
2428	3444843
2429	-1
2430	3446349
2431	3447856
2432	-1
2433	3449363
2434	3450869
2435	-1
2436	3452376
2437	3453883
2438	-1
2439	3455389
2440	3456896
2441	-1
2442	3458403
2443	3459909
2444	-1
2445	3461416
2446	3462923
2447	-1
2448	3464429
2449	3465936
2450	-1
2451	3467443
2452	3468949
2453	-1
2454	3470456
2455	3471963
2456	-1
2457	3473469
2458	3474976
2459	-1
2460	3476483
2461	3477989
2462	-1
2463	3479496
2464	3481003
2465	-1
2466	3482509
2467	3484016
2468	-1
2469	3485523
2470	3487029
2471	-1
2472	3488536
2473	3490043
2474	-1
2475	3491549
2476	3493056
2477	-1
2478	3494563
2479	3496069
2480	-1
2481	3497576
2482	3499083
2483	-1
2484	3500589
2485	3502096
2486	-1
2487	3503603
2488	3505109
2489	-1
2490	3506616
2491	3508123
2492	-1
2493	3509629
2494	3511136
2495	-1
2496	3512643
2497	3514149
2498	-1
2499	3515656
2500	3517163
2501	-1
2502	3518669
2503	3520176
2504	-1
2505	3521683
2506	3523189
2507	-1
2508	3524696
2509	3526203
2510	-1
2511	3527709
2512	3529216
2513	-1
2514	3530723
2515	3532229
2516	-1
2517	3533736
2518	3535243
2519	-1
2520	3536749
2521	3538256
2522	-1
2523	3539763
2524	3541269
2525	-1
2526	3542776
2527	3544283
2528	-1
2529	3545789
2530	3547296
2531	-1
2532	3548803
2533	3550309
2534	-1
2535	3551816
2536	3553323
2537	-1
2538	3554829
2539	3556336
2540	-1
2541	3557843
2542	3559349
2543	-1
2544	3560856
2545	3562363
2546	-1
2547	3563869
2548	3565376
2549	-1
2550	3566883
2551	3568389
2552	-1
2553	3569896
2554	3571403
2555	-1
2556	3572909
2557	3574416
2558	-1
2559	3575923
2560	3577429
2561	-1
2562	3578936
2563	3580443
2564	-1
2565	3581949
2566	3583456
2567	-1
2568	3584963
2569	3586469
2570	-1
2571	-1
2572	3587976
2573	3589483
2574	-1
2575	3590989
2576	3592496
2577	-1
2578	3594003
2579	3595509
2580	-1
2581	3597016
2582	3598523
2583	-1
2584	3600029
2585	3601536
2586	-1
2587	3603043
2588	3604549
2589	-1
2590	3606056
2591	3607563
2592	-1
2593	3609069
2594	3610576
2595	-1
2596	3612083
2597	3613589
2598	-1
2599	3615096
2600	3616603
2601	-1
2602	3618109
2603	3619616
2604	-1
2605	3621123
2606	3622629
2607	-1
2608	3624136
2609	3625643
2610	-1
2611	3627149
2612	3628656
2613	-1
2614	3630163
2615	3631669
2616	-1
2617	3633176
2618	3634683
2619	-1
2620	3636189
2621	3637696
2622	-1
2623	3639203
2624	3640709
2625	-1
2626	3642216
2627	3643723
2628	-1
2629	3645229
2630	3646736
2631	-1
2632	3648243
2633	3649749
2634	-1
2635	3651256
2636	3652763
2637	-1
2638	3654269
2639	3655776
2640	-1
2641	3657283
2642	3658789
2643	-1
2644	3660296
2645	3661803
2646	-1
2647	3663309
2648	3664816
2649	-1
2650	3666323
2651	3667829
2652	-1
2653	3669336
2654	3670843
2655	-1
2656	3672349
2657	3673856
2658	-1
2659	3675363
2660	3676869
2661	-1
2662	3678376
2663	3679883
2664	-1
2665	3681389
2666	3682896
2667	-1
2668	3684403
2669	3685909
2670	-1
2671	3687416
2672	3688923
2673	-1
2674	3690429
2675	3691936
2676	-1
2677	3693443
2678	3694949
2679	-1
2680	3696456
2681	3697963
2682	-1
2683	3699469
2684	3700976
2685	-1
2686	3702483
2687	3703989
2688	-1
2689	3705496
2690	3707003
2691	-1
2692	3708509
2693	3710016
2694	-1
2695	3711523
2696	3713029
2697	-1
2698	3714536
2699	3716043
2700	-1
2701	3717549
2702	3719056
2703	-1
2704	3720563
2705	3722069
2706	-1
2707	3723576
2708	3725083
2709	-1
2710	3726589
2711	3728096
2712	-1
2713	3729603
2714	3731109
2715	-1
2716	3732616
2717	3734123
2718	-1
2719	3735629
2720	3737136
2721	-1
2722	3738643
2723	3740149
2724	-1
2725	3741656
2726	3743163
2727	-1
2728	3744669
2729	3746176
2730	-1
2731	3747683
2732	3749189
2733	-1
2734	3750696
2735	3752203
2736	-1
2737	3753709
2738	3755216
2739	-1
2740	3756723
2741	3758229
2742	-1
2743	3759736
2744	3761243
2745	-1
2746	3762749
2747	3764256
2748	-1
2749	3765763
2750	3767269
2751	-1
2752	3768776
2753	3770283
2754	-1
2755	3771789
2756	3773296
2757	-1
2758	3774803
2759	3776309
2760	-1
2761	3777816
2762	3779323
2763	-1
2764	3780829
2765	3782336
2766	-1
2767	3783843
2768	3785349
2769	-1
2770	3786856
2771	3788363
2772	-1
2773	3789869
2774	3791376
2775	-1
2776	3792883
2777	3794389
2778	-1
2779	3795896
2780	3797403
2781	-1
2782	3798909
2783	3800416
2784	-1
2785	3801923
2786	3803429
2787	-1
2788	3804936
2789	3806443
2790	-1
2791	3807949
2792	3809456
2793	-1
2794	3810963
2795	-1
2796	3812469
2797	3813976
2798	-1
2799	3815483
2800	3816989
2801	-1
2802	3818496
2803	3820003
2804	-1
2805	3821509
2806	3823016
2807	-1
2808	3824523
2809	3826029
2810	-1
2811	3827536
2812	3829043
2813	-1
2814	3830549
2815	3832056
2816	-1
2817	3833563
2818	3835069
2819	-1
2820	3836576
2821	3838083
2822	-1
2823	3839589
2824	3841096
2825	-1
2826	3842603
2827	3844109
2828	-1
2829	3845616
2830	3847123
2831	-1
2832	3848629
2833	3850136
2834	-1
2835	3851643
2836	3853149
2837	-1
2838	3854656
2839	3856163
2840	-1
2841	3857669
2842	3859176
2843	-1
2844	3860683
2845	3862189
2846	-1
2847	3863696
2848	3865203
2849	-1
2850	3866709
2851	3868216
2852	-1
2853	3869723
2854	3871229
2855	-1
2856	3872736
2857	3874243
2858	-1
2859	3875749
2860	3877256
2861	-1
2862	3878763
2863	3880269
2864	-1
2865	3881776
2866	3883283
2867	-1
2868	3884789
2869	3886296
2870	-1
2871	3887803
2872	3889309
2873	-1
2874	3890816
2875	3892323
2876	-1
2877	3893829
2878	3895336
2879	-1
2880	3896843
2881	3898349
2882	-1
2883	3899856
2884	3901363
2885	-1
2886	3902869
2887	3904376
2888	-1
2889	3905883
2890	3907389
2891	-1
2892	3908896
2893	3910403
2894	-1
2895	3911909
2896	3913416
2897	-1
2898	3914923
2899	3916429
2900	-1
2901	3917936
2902	3919443
2903	-1
2904	3920949
2905	3922456
2906	-1
2907	3923963
2908	3925469
2909	-1
2910	3926976
2911	3928483
2912	-1
2913	3929989
2914	3931496
2915	-1
2916	3933003
2917	3934509
2918	-1
2919	3936016
2920	3937523
2921	-1
2922	3939029
2923	3940536
2924	-1
2925	3942043
2926	3943549
2927	-1
2928	3945056
2929	3946563
2930	-1
2931	3948069
2932	3949576
2933	-1
2934	3951083
2935	3952589
2936	-1
2937	3954096
2938	3955603
2939	-1
2940	3957109
2941	3958616
2942	-1
2943	3960123
2944	3961629
2945	-1
2946	3963136
2947	3964643
2948	-1
2949	3966149
2950	3967656
2951	-1
2952	3969163
2953	3970669
2954	-1
2955	3972176
2956	3973683
2957	-1
2958	3975189
2959	3976696
2960	-1
2961	3978203
2962	3979709
2963	-1
2964	3981216
2965	3982723
2966	-1
2967	3984229
2968	3985736
2969	-1
2970	3987243
2971	3988749
2972	-1
2973	3990256
2974	3991763
2975	-1
2976	3993269
2977	3994776
2978	-1
2979	3996283
2980	3997789
2981	-1
2982	3999296
2983	4000803
2984	-1
2985	4002309
2986	4003816
2987	-1
2988	4005323
2989	4006829
2990	-1
2991	4008336
2992	4009843
2993	-1
2994	4011349
2995	4012856
2996	-1
2997	4014363
2998	4015869
2999	-1
3000	4017376
3001	4018883
3002	-1
3003	4020390
3004	4021896
3005	-1
3006	4023403
3007	4024910
3008	-1
3009	4026416
3010	4027923
3011	-1
3012	-1
3013	4029430
3014	4030936
3015	-1
3016	4032443
3017	4033950
3018	-1
3019	4035456
3020	4036963
3021	-1
3022	4038470
3023	4039976
3024	-1
3025	4041483
3026	4042990
3027	-1
3028	4044496
3029	4046003
3030	-1
3031	4047510
3032	4049016
3033	-1
3034	4050523
3035	4052030
3036	-1
3037	4053536
3038	4055043
3039	-1
3040	4056550
3041	4058056
3042	-1
3043	4059563
3044	4061070
3045	-1
3046	4062576
3047	4064083
3048	-1
3049	4065590
3050	4067096
3051	-1
3052	4068603
3053	4070110
3054	-1
3055	4071616
3056	4073123
3057	-1
3058	4074630
3059	4076136
3060	-1
3061	4077643
3062	4079150
3063	-1
3064	4080656
3065	4082163
3066	-1
3067	4083670
3068	4085176
3069	-1
3070	4086683
3071	4088190
3072	-1
3073	4089696
3074	4091203
3075	-1
3076	4092710
3077	4094216
3078	-1
3079	4095723
3080	4097230
3081	-1
3082	4098736
3083	4100243
3084	-1
3085	4101750
3086	4103256
3087	-1
3088	4104763
3089	4106270
3090	-1
3091	4107776
3092	4109283
3093	-1
3094	4110790
3095	4112296
3096	-1
3097	4113803
3098	4115310
3099	-1
3100	4116816
3101	4118323
3102	-1
3103	4119830
3104	4121336
3105	-1
3106	4122843
3107	4124350
3108	-1
3109	4125856
3110	4127363
3111	-1
3112	4128870
3113	4130376
3114	-1
3115	4131883
3116	4133390
3117	-1
3118	4134896
3119	4136403
3120	-1
3121	4137910
3122	4139416
3123	-1
3124	4140923
3125	4142430
3126	-1
3127	4143936
3128	4145443
3129	-1
3130	4146950
3131	4148456
3132	-1
3133	4149963
3134	4151470
3135	-1
3136	4152976
3137	4154483
3138	-1
3139	4155990
3140	4157496
3141	-1
3142	4159003
3143	4160510
3144	-1
3145	4162016
3146	4163523
3147	-1
3148	4165030
3149	4166536
3150	-1
3151	4168043
3152	4169550
3153	-1
3154	4171056
3155	4172563
3156	-1
3157	4174070
3158	4175576
3159	-1
3160	4177083
3161	4178590
3162	-1
3163	4180096
3164	4181603
3165	-1
3166	4183110
3167	4184616
3168	-1
3169	4186123
3170	4187630
3171	-1
3172	4189136
3173	4190643
3174	-1
3175	4192150
3176	4193656
3177	-1
3178	4195163
3179	4196670
3180	-1
3181	4198176
3182	4199683
3183	-1
3184	4201190
3185	4202696
3186	-1
3187	4204203
3188	4205710
3189	-1
3190	4207216
3191	4208723
3192	-1
3193	4210230
3194	4211736
3195	-1
3196	4213243
3197	4214750
3198	-1
3199	4216256
3200	4217763
3201	-1
3202	4219270
3203	4220776
3204	-1
3205	4222283
3206	4223790
3207	-1
3208	4225296
3209	4226803
3210	-1
3211	4228310
3212	4229816
3213	-1
3214	4231323
3215	4232830
3216	-1
3217	4234336
3218	4235843
3219	-1
3220	4237350
3221	4238856
3222	-1
3223	4240363
3224	4241870
3225	-1
3226	4243376
3227	4244883
3228	-1
3229	4246390
3230	4247896
3231	-1
3232	4249403
3233	4250910
3234	-1
3235	4252416
3236	4253923
3237	-1
3238	-1
3239	4255430
3240	4256936
3241	-1
3242	4258443
3243	4259950
3244	-1
3245	4261456
3246	4262963
3247	-1
3248	4264470
3249	4265976
3250	-1
3251	4267483
3252	4268990
3253	-1
3254	4270496
3255	4272003
3256	-1
3257	4273510
3258	4275016
3259	-1
3260	4276523
3261	4278030
3262	-1
3263	4279536
3264	4281043
3265	-1
3266	4282550
3267	4284056
3268	-1
3269	4285563
3270	4287070
3271	-1
3272	4288576
3273	4290083
3274	-1
3275	4291590
3276	4293096
3277	-1
3278	4294603
3279	4296110
3280	-1
3281	4297616
3282	4299123
3283	-1
3284	4300630
3285	4302136
3286	-1
3287	4303643
3288	4305150
3289	-1
3290	4306656
3291	4308163
3292	-1
3293	4309670
3294	4311176
3295	-1
3296	4312683
3297	4314190
3298	-1
3299	4315696
3300	4317203
3301	-1
3302	4318710
3303	4320216
3304	-1
3305	4321723
3306	4323230
3307	-1
3308	4324736
3309	4326243
3310	-1
3311	4327750
3312	4329256
3313	-1
3314	4330763
3315	4332270
3316	-1
3317	4333776
3318	4335283
3319	-1
3320	4336790
3321	4338296
3322	-1
3323	4339803
3324	4341310
3325	-1
3326	4342816
3327	4344323
3328	-1
3329	4345830
3330	4347336
3331	-1
3332	4348843
3333	4350350
3334	-1
3335	4351856
3336	4353363
3337	-1
3338	4354870
3339	4356376
3340	-1
3341	4357883
3342	4359390
3343	-1
3344	4360896
3345	4362403
3346	-1
3347	4363910
3348	4365416
3349	-1
3350	4366923
3351	4368430
3352	-1
3353	4369936
3354	4371443
3355	-1
3356	4372950
3357	4374456
3358	-1
3359	4375963
3360	4377470
3361	-1
3362	4378976
3363	4380483
3364	-1
3365	4381990
3366	4383496
3367	-1
3368	4385003
3369	4386510
3370	-1
3371	4388016
3372	4389523
3373	-1
3374	4391030
3375	4392536
3376	-1
3377	4394043
3378	4395550
3379	-1
3380	4397056
3381	4398563
3382	-1
3383	4400070
3384	4401576
3385	-1
3386	4403083
3387	4404590
3388	-1
3389	4406096
3390	4407603
3391	-1
3392	4409110
3393	4410616
3394	-1
3395	4412123
3396	4413630
3397	-1
3398	4415136
3399	4416643
3400	-1
3401	4418150
3402	4419656
3403	-1
3404	4421163
3405	4422670
3406	-1
3407	4424176
3408	4425683
3409	-1
3410	4427190
3411	4428696
3412	-1
3413	4430203
3414	4431710
3415	-1
3416	4433216
3417	4434723
3418	-1
3419	4436230
3420	4437736
3421	-1
3422	4439243
3423	4440750
3424	-1
3425	4442256
3426	4443763
3427	-1
3428	4445270
3429	4446776
3430	-1
3431	4448283
3432	4449790
3433	-1
3434	4451296
3435	4452803
3436	-1
3437	4454310
3438	4455816
3439	-1
3440	4457323
3441	4458830
3442	-1
3443	4460336
3444	4461843
3445	-1
3446	4463350
3447	4464856
3448	-1
3449	4466363
3450	4467870
3451	-1
3452	4469376
3453	4470883
3454	-1
3455	4472390
3456	4473896
3457	-1
3458	4475403
3459	4476910
3460	-1
3461	4478416
3462	4479923
3463	-1
3464	-1
3465	4481430
3466	4482936
3467	-1
3468	4484443
3469	4485950
3470	-1
3471	4487456
3472	4488963
3473	-1
3474	4490470
3475	4491976
3476	-1
3477	4493483
3478	4494990
3479	-1
3480	4496496
3481	4498003
3482	-1
3483	4499510
3484	4501016
3485	-1
3486	4502523
3487	4504030
3488	-1
3489	4505536
3490	4507043
3491	-1
3492	4508550
3493	4510056
3494	-1
3495	4511563
3496	4513070
3497	-1
3498	4514576
3499	4516083
3500	-1
3501	4517590
3502	4519096
3503	-1
3504	4520603
3505	4522110
3506	-1
3507	4523616
3508	4525123
3509	-1
3510	4526630
3511	4528136
3512	-1
3513	4529643
3514	4531150
3515	-1
3516	4532656
3517	4534163
3518	-1
3519	4535670
3520	4537176
3521	-1
3522	4538683
3523	4540190
3524	-1
3525	4541696
3526	4543203
3527	-1
3528	4544710
3529	4546216
3530	-1
3531	4547723
3532	4549230
3533	-1
3534	4550736
3535	4552243
3536	-1
3537	4553750
3538	4555256
3539	-1
3540	4556763
3541	4558270
3542	-1
3543	4559776
3544	4561283
3545	-1
3546	4562790
3547	4564296
3548	-1
3549	4565803
3550	4567310
3551	-1
3552	4568816
3553	4570323
3554	-1
3555	4571830
3556	4573336
3557	-1
3558	4574843
3559	4576350
3560	-1
3561	4577856
3562	4579363
3563	-1
3564	4580870
3565	4582376
3566	-1
3567	4583883
3568	4585390
3569	-1
3570	4586896
3571	4588403
3572	-1
3573	4589910
3574	4591416
3575	-1
3576	4592923
3577	4594430
3578	-1
3579	4595936
3580	4597443
3581	-1
3582	4598950
3583	4600456
3584	-1
3585	4601963
3586	4603470
3587	-1
3588	4604976
3589	4606483
3590	-1
3591	4607990
3592	4609496
3593	-1
3594	4611003
3595	4612510
3596	-1
3597	4614016
3598	4615523
3599	-1
3600	4617030
3601	4618536
3602	-1
3603	4620043
3604	4621550
3605	-1
3606	4623056
3607	4624563
3608	-1
3609	4626070
3610	4627576
3611	-1
3612	4629083
3613	4630590
3614	-1
3615	4632096
3616	4633603
3617	-1
3618	4635110
3619	4636616
3620	-1
3621	4638123
3622	4639630
3623	-1
3624	4641136
3625	4642643
3626	-1
3627	4644150
3628	4645656
3629	-1
3630	4647163
3631	4648670
3632	-1
3633	4650176
3634	4651683
3635	-1
3636	4653190
3637	4654696
3638	-1
3639	4656203
3640	4657710
3641	-1
3642	4659216
3643	4660723
3644	-1
3645	4662230
3646	4663736
3647	-1
3648	4665243
3649	4666750
3650	-1
3651	4668256
3652	4669763
3653	-1
3654	4671270
3655	4672776
3656	-1
3657	4674283
3658	4675790
3659	-1
3660	4677296
3661	4678803
3662	-1
3663	4680310
3664	4681816
3665	-1
3666	4683323
3667	4684830
3668	-1
3669	4686336
3670	4687843
3671	-1
3672	4689350
3673	4690856
3674	-1
3675	4692363
3676	4693870
3677	-1
3678	4695376
3679	4696883
3680	-1
3681	4698390
3682	4699896
3683	-1
3684	4701403
3685	4702910
3686	-1
3687	4704416
3688	4705923
3689	-1
3690	-1
3691	4707430
3692	4708936
3693	-1
3694	4710443
3695	4711950
3696	-1
3697	4713456
3698	4714963
3699	-1
3700	4716470
3701	4717976
3702	-1
3703	4719483
3704	4720990
3705	-1
3706	4722496
3707	4724003
3708	-1
3709	4725510
3710	4727016
3711	-1
3712	4728523
3713	4730030
3714	-1
3715	4731536
3716	4733043
3717	-1
3718	4734550
3719	4736056
3720	-1
3721	4737563
3722	4739070
3723	-1
3724	4740576
3725	4742083
3726	-1
3727	4743590
3728	4745096
3729	-1
3730	4746603
3731	4748110
3732	-1
3733	4749616
3734	4751123
3735	-1
3736	4752630
3737	4754136
3738	-1
3739	4755643
3740	4757150
3741	-1
3742	4758656
3743	4760163
3744	-1
3745	4761670
3746	4763176
3747	-1
3748	4764683
3749	4766190
3750	-1
3751	4767696
3752	4769203
3753	-1
3754	4770710
3755	4772216
3756	-1
3757	4773723
3758	4775230
3759	-1
3760	4776736
3761	4778243
3762	-1
3763	4779750
3764	4781256
3765	-1
3766	4782763
3767	4784270
3768	-1
3769	4785776
3770	4787283
3771	-1
3772	4788790
3773	4790296
3774	-1
3775	4791803
3776	4793310
3777	-1
3778	4794816
3779	4796323
3780	-1
3781	4797830
3782	4799336
3783	-1
3784	4800843
3785	4802350
3786	-1
3787	4803856
3788	4805363
3789	-1
3790	4806870
3791	4808376
3792	-1
3793	4809883
3794	4811390
3795	-1
3796	4812896
3797	4814403
3798	-1
3799	4815910
3800	4817416
3801	-1
3802	4818923
3803	4820430
3804	-1
3805	4821936
3806	4823443
3807	-1
3808	4824950
3809	4826456
3810	-1
3811	4827963
3812	4829470
3813	-1
3814	4830976
3815	4832483
3816	-1
3817	4833990
3818	4835496
3819	-1
3820	4837003
3821	4838510
3822	-1
3823	4840016
3824	4841523
3825	-1
3826	4843030
3827	4844536
3828	-1
3829	4846043
3830	4847550
3831	-1
3832	4849056
3833	4850563
3834	-1
3835	4852070
3836	4853576
3837	-1
3838	4855083
3839	4856590
3840	-1
3841	4858096
3842	4859603
3843	-1
3844	4861110
3845	4862616
3846	-1
3847	4864123
3848	4865630
3849	-1
3850	4867136
3851	4868643
3852	-1
3853	4870150
3854	4871656
3855	-1
3856	4873163
3857	4874670
3858	-1
3859	4876176
3860	4877683
3861	-1
3862	4879190
3863	4880696
3864	-1
3865	4882203
3866	4883710
3867	-1
3868	4885216
3869	4886723
3870	-1
3871	4888230
3872	4889736
3873	-1
3874	4891243
3875	4892750
3876	-1
3877	4894256
3878	4895763
3879	-1
3880	4897270
3881	4898776
3882	-1
3883	4900283
3884	4901790
3885	-1
3886	4903296
3887	4904803
3888	-1
3889	4906310
3890	4907816
3891	-1
3892	4909323
3893	4910830
3894	-1
3895	4912336
3896	4913843
3897	-1
3898	4915350
3899	4916856
3900	-1
3901	4918363
3902	4919870
3903	-1
3904	4921376
3905	4922883
3906	-1
3907	4924390
3908	4925896
3909	-1
3910	4927403
3911	4928910
3912	-1
3913	4930416
3914	4931923
3915	-1
3916	-1
3917	4933430
3918	4934936
3919	-1
3920	4936443
3921	4937950
3922	-1
3923	4939456
3924	4940963
3925	-1
3926	4942470
3927	4943976
3928	-1
3929	4945483
3930	4946990
3931	-1
3932	4948496
3933	4950003
3934	-1
3935	4951510
3936	4953016
3937	-1
3938	4954523
3939	4956030
3940	-1
3941	4957536
3942	4959043
3943	-1
3944	4960550
3945	4962056
3946	-1
3947	4963563
3948	4965070
3949	-1
3950	4966576
3951	4968083
3952	-1
3953	4969590
3954	4971096
3955	-1
3956	4972603
3957	4974110
3958	-1
3959	4975616
3960	4977123
3961	-1
3962	4978630
3963	4980136
3964	-1
3965	4981643
3966	4983150
3967	-1
3968	4984656
3969	4986163
3970	-1
3971	4987670
3972	4989176
3973	-1
3974	4990683
3975	4992190
3976	-1
3977	4993696
3978	4995203
3979	-1
3980	4996710
3981	4998216
3982	-1
3983	4999723
3984	5001230
3985	-1
3986	5002736
3987	5004243
3988	-1
3989	5005750
3990	5007256
3991	-1
3992	5008763
3993	5010270
3994	-1
3995	5011776
3996	5013283
3997	-1
3998	5014790
3999	5016296
4000	-1
4001	5017803
4002	5019310
4003	-1
4004	5020816
4005	5022323
4006	-1
4007	5023830
4008	5025336
4009	-1
4010	5026843
4011	5028350
4012	-1
4013	5029856
4014	5031363
4015	-1
4016	5032870
4017	5034376
4018	-1
4019	5035883
4020	5037390
4021	-1
4022	5038896
4023	5040403
4024	-1
4025	5041910
4026	5043416
4027	-1
4028	5044923
4029	5046430
4030	-1
4031	5047936
4032	5049443
4033	-1
4034	5050950
4035	5052456
4036	-1
4037	5053963
4038	5055470
4039	-1
4040	5056976
4041	5058483
4042	-1
4043	5059990
4044	5061496
4045	-1
4046	5063003
4047	5064510
4048	-1
4049	5066016
4050	5067523
4051	-1
4052	5069030
4053	5070536
4054	-1
4055	5072043
4056	5073550
4057	-1
4058	5075056
4059	5076563
4060	-1
4061	5078070
4062	5079576
4063	-1
4064	5081083
4065	5082590
4066	-1
4067	5084096
4068	5085603
4069	-1
4070	5087110
4071	5088616
4072	-1
4073	5090123
4074	5091630
4075	-1
4076	5093136
4077	5094643
4078	-1
4079	5096150
4080	5097656
4081	-1
4082	5099163
4083	5100670
4084	-1
4085	5102176
4086	5103683
4087	-1
4088	5105190
4089	5106696
4090	-1
4091	5108203
4092	5109710
4093	-1
4094	5111216
4095	5112723
4096	-1
4097	5114230
4098	5115736
4099	-1
4100	5117243
4101	5118750
4102	-1
4103	5120256
4104	5121763
4105	-1
4106	5123270
4107	5124776
4108	-1
4109	5126283
4110	5127790
4111	-1
4112	5129296
4113	5130803
4114	-1
4115	5132310
4116	5133816
4117	-1
4118	5135323
4119	5136830
4120	-1
4121	5138336
4122	5139843
4123	-1
4124	5141350
4125	5142856
4126	-1
4127	5144363
4128	5145870
4129	-1
4130	5147376
4131	5148883
4132	-1
4133	5150390
4134	5151896
4135	-1
4136	5153403
4137	5154910
4138	-1
4139	5156416
4140	5157923
4141	-1
4142	-1
4143	5159430
4144	5160936
4145	-1
4146	5162443
4147	5163950
4148	-1
4149	5165456
4150	5166963
4151	-1
4152	5168470
4153	5169976
4154	-1
4155	5171483
4156	5172990
4157	-1
4158	5174496
4159	5176003
4160	-1
4161	5177510
4162	5179016
4163	-1
4164	5180523
4165	5182030
4166	-1
4167	5183536
4168	5185043
4169	-1
4170	5186550
4171	5188056
4172	-1
4173	5189563
4174	5191070
4175	-1
4176	5192576
4177	5194083
4178	-1
4179	5195590
4180	5197096
4181	-1
4182	5198603
4183	5200110
4184	-1
4185	5201616
4186	5203123
4187	-1
4188	5204630
4189	5206136
4190	-1
4191	5207643
4192	5209150
4193	-1
4194	5210656
4195	5212163
4196	-1
4197	5213670
4198	5215176
4199	-1
4200	5216683
4201	5218190
4202	-1
4203	5219696
4204	5221203
4205	-1
4206	5222710
4207	5224216
4208	-1
4209	5225723
4210	5227230
4211	-1
4212	5228736
4213	5230243
4214	-1
4215	5231750
4216	5233256
4217	-1
4218	5234763
4219	5236270
4220	-1
4221	5237776
4222	5239283
4223	-1
4224	5240790
4225	5242296
4226	-1
4227	5243803
4228	5245310
4229	-1
4230	5246816
4231	5248323
4232	-1
4233	5249830
4234	5251336
4235	-1
4236	5252843
4237	5254350
4238	-1
4239	5255856
4240	5257363
4241	-1
4242	5258870
4243	5260376
4244	-1
4245	5261883
4246	5263390
4247	-1
4248	5264896
4249	5266403
4250	-1
4251	5267910
4252	5269416
4253	-1
4254	5270923
4255	5272430
4256	-1
4257	5273936
4258	5275443
4259	-1
4260	5276950
4261	5278456
4262	-1
4263	5279963
4264	5281470
4265	-1
4266	5282976
4267	5284483
4268	-1
4269	5285990
4270	5287496
4271	-1
4272	5289003
4273	5290510
4274	-1
4275	5292016
4276	5293523
4277	-1
4278	5295030
4279	5296536
4280	-1
4281	5298043
4282	5299550
4283	-1
4284	5301056
4285	5302563
4286	-1
4287	5304070
4288	5305576
4289	-1
4290	5307083
4291	5308590
4292	-1
4293	5310096
4294	5311603
4295	-1
4296	5313110
4297	5314616
4298	-1
4299	5316123
4300	5317630
4301	-1
4302	5319136
4303	5320643
4304	-1
4305	5322150
4306	5323656
4307	-1
4308	5325163
4309	5326670
4310	-1
4311	5328176
4312	5329683
4313	-1
4314	5331190
4315	5332696
4316	-1
4317	5334203
4318	5335710
4319	-1
4320	5337216
4321	5338723
4322	-1
4323	5340230
4324	5341736
4325	-1
4326	5343243
4327	5344750
4328	-1
4329	5346256
4330	5347763
4331	-1
4332	5349270
4333	5350776
4334	-1
4335	5352283
4336	5353790
4337	-1
4338	5355296
4339	5356803
4340	-1
4341	5358310
4342	5359816
4343	-1
4344	5361323
4345	5362830
4346	-1
4347	5364336
4348	5365843
4349	-1
4350	5367350
4351	5368856
4352	-1
4353	5370363
4354	5371870
4355	-1
4356	5373376
4357	5374883
4358	-1
4359	5376390
4360	5377896
4361	-1
4362	5379403
4363	5380910
4364	-1
4365	5382416
4366	5383923
4367	-1
4368	-1
4369	5385430
4370	5386936
4371	-1
4372	5388443
4373	5389950
4374	-1
4375	5391456
4376	5392963
4377	-1
4378	5394470
4379	5395976
4380	-1
4381	5397483
4382	5398990
4383	-1
4384	5400496
4385	5402003
4386	-1
4387	5403510
4388	5405016
4389	-1
4390	5406523
4391	5408030
4392	-1
4393	5409536
4394	5411043
4395	-1
4396	5412550
4397	5414056
4398	-1
4399	5415563
4400	5417070
4401	-1
4402	5418576
4403	5420083
4404	-1
4405	5421590
4406	5423096
4407	-1
4408	5424603
4409	5426110
4410	-1
4411	5427616
4412	5429123
4413	-1
4414	5430630
4415	5432136
4416	-1
4417	5433643
4418	5435150
4419	-1
4420	5436656
4421	5438163
4422	-1
4423	5439670
4424	5441176
4425	-1
4426	5442683
4427	5444190
4428	-1
4429	5445696
4430	5447203
4431	-1
4432	5448710
4433	5450216
4434	-1
4435	5451723
4436	5453230
4437	-1
4438	5454736
4439	5456243
4440	-1
4441	5457750
4442	5459256
4443	-1
4444	5460763
4445	5462270
4446	-1
4447	5463776
4448	5465283
4449	-1
4450	5466790
4451	5468296
4452	-1
4453	5469803
4454	5471310
4455	-1
4456	5472816
4457	5474323
4458	-1
4459	5475830
4460	5477336
4461	-1
4462	5478843
4463	5480350
4464	-1
4465	5481856
4466	5483363
4467	-1
4468	5484870
4469	5486376
4470	-1
4471	5487883
4472	5489390
4473	-1
4474	5490896
4475	5492403
4476	-1
4477	5493910
4478	5495416
4479	-1
4480	5496923
4481	5498430
4482	-1
4483	5499936
4484	5501443
4485	-1
4486	5502950
4487	5504456
4488	-1
4489	5505963
4490	5507470
4491	-1
4492	5508976
4493	5510483
4494	-1
4495	5511990
4496	5513496
4497	-1
4498	5515003
4499	5516510
4500	-1
4501	5518016
4502	5519523
4503	-1
4504	5521030
4505	5522536
4506	-1
4507	5524043
4508	5525550
4509	-1
4510	5527057
4511	5528563
4512	-1
4513	5530070
4514	5531577
4515	-1
4516	5533083
4517	5534590
4518	-1
4519	5536097
4520	5537603
4521	-1
4522	5539110
4523	5540617
4524	-1
4525	5542123
4526	5543630
4527	-1
4528	5545137
4529	5546643
4530	-1
4531	5548150
4532	5549657
4533	-1
4534	5551163
4535	5552670
4536	-1
4537	5554177
4538	5555683
4539	-1
4540	5557190
4541	5558697
4542	-1
4543	5560203
4544	5561710
4545	-1
4546	5563217
4547	5564723
4548	-1
4549	5566230
4550	5567737
4551	-1
4552	5569243
4553	5570750
4554	-1
4555	5572257
4556	5573763
4557	-1
4558	5575270
4559	5576777
4560	-1
4561	5578283
4562	5579790
4563	-1
4564	5581297
4565	5582803
4566	-1
4567	5584310
4568	5585817
4569	-1
4570	5587323
4571	5588830
4572	-1
4573	5590337
4574	5591843
4575	-1
4576	5593350
4577	5594857
4578	-1
4579	5596363
4580	5597870
4581	-1
4582	5599377
4583	5600883
4584	-1
4585	5602390
4586	5603897
4587	-1
4588	5605403
4589	5606910
4590	-1
4591	5608417
4592	5609923
4593	-1
4594	-1
4595	5611430
4596	5612937
4597	-1
4598	5614443
4599	5615950
4600	-1
4601	5617457
4602	5618963
4603	-1
4604	5620470
4605	5621977
4606	-1
4607	5623483
4608	5624990
4609	-1
4610	5626497
4611	5628003
4612	-1
4613	5629510
4614	5631017
4615	-1
4616	5632523
4617	5634030
4618	-1
4619	5635537
4620	5637043
4621	-1
4622	5638550
4623	5640057
4624	-1
4625	5641563
4626	5643070
4627	-1
4628	5644577
4629	5646083
4630	-1
4631	5647590
4632	5649097
4633	-1
4634	5650603
4635	5652110
4636	-1
4637	5653617
4638	5655123
4639	-1
4640	5656630
4641	5658137
4642	-1
4643	5659643
4644	5661150
4645	-1
4646	5662657
4647	5664163
4648	-1
4649	5665670
4650	5667177
4651	-1
4652	5668683
4653	5670190
4654	-1
4655	5671697
4656	5673203
4657	-1
4658	5674710
4659	5676217
4660	-1
4661	5677723
4662	5679230
4663	-1
4664	5680737
4665	5682243
4666	-1
4667	5683750
4668	5685257
4669	-1
4670	5686763
4671	5688270
4672	-1
4673	5689777
4674	5691283
4675	-1
4676	5692790
4677	5694297
4678	-1
4679	5695803
4680	5697310
4681	-1
4682	5698817
4683	5700323
4684	-1
4685	5701830
4686	5703337
4687	-1
4688	5704843
4689	5706350
4690	-1
4691	5707857
4692	5709363
4693	-1
4694	5710870
4695	5712377
4696	-1
4697	5713883
4698	5715390
4699	-1
4700	5716897
4701	5718403
4702	-1
4703	5719910
4704	5721417
4705	-1
4706	5722923
4707	5724430
4708	-1
4709	5725937
4710	5727443
4711	-1
4712	5728950
4713	5730457
4714	-1
4715	5731963
4716	5733470
4717	-1
4718	5734977
4719	5736483
4720	-1
4721	5737990
4722	5739497
4723	-1
4724	5741003
4725	5742510
4726	-1
4727	5744017
4728	5745523
4729	-1
4730	5747030
4731	5748537
4732	-1
4733	5750043
4734	5751550
4735	-1
4736	5753057
4737	5754563
4738	-1
4739	5756070
4740	5757577
4741	-1
4742	5759083
4743	5760590
4744	-1
4745	5762097
4746	5763603
4747	-1
4748	5765110
4749	5766617
4750	-1
4751	5768123
4752	5769630
4753	-1
4754	5771137
4755	5772643
4756	-1
4757	5774150
4758	5775657
4759	-1
4760	5777163
4761	5778670
4762	-1
4763	5780177
4764	5781683
4765	-1
4766	5783190
4767	5784697
4768	-1
4769	5786203
4770	5787710
4771	-1
4772	5789217
4773	5790723
4774	-1
4775	5792230
4776	5793737
4777	-1
4778	5795243
4779	5796750
4780	-1
4781	5798257
4782	5799763
4783	-1
4784	5801270
4785	5802777
4786	-1
4787	5804283
4788	5805790
4789	-1
4790	5807297
4791	5808803
4792	-1
4793	5810310
4794	5811817
4795	-1
4796	5813323
4797	5814830
4798	-1
4799	5816337
4800	5817843
4801	-1
4802	5819350
4803	5820857
4804	-1
4805	5822363
4806	5823870
4807	-1
4808	5825377
4809	5826883
4810	-1
4811	5828390
4812	5829897
4813	-1
4814	5831403
4815	5832910
4816	-1
4817	5834417
4818	5835923
4819	-1
4820	-1
4821	5837430
4822	5838937
4823	-1
4824	5840443
4825	5841950
4826	-1
4827	5843457
4828	5844963
4829	-1
4830	5846470
4831	5847977
4832	-1
4833	5849483
4834	5850990
4835	-1
4836	5852497
4837	5854003
4838	-1
4839	5855510
4840	5857017
4841	-1
4842	5858523
4843	5860030
4844	-1
4845	5861537
4846	5863043
4847	-1
4848	5864550
4849	5866057
4850	-1
4851	5867563
4852	5869070
4853	-1
4854	5870577
4855	5872083
4856	-1
4857	5873590
4858	5875097
4859	-1
4860	5876603
4861	5878110
4862	-1
4863	5879617
4864	5881123
4865	-1
4866	5882630
4867	5884137
4868	-1
4869	5885643
4870	5887150
4871	-1
4872	5888657
4873	5890163
4874	-1
4875	5891670
4876	5893177
4877	-1
4878	5894683
4879	5896190
4880	-1
4881	5897697
4882	5899203
4883	-1
4884	5900710
4885	5902217
4886	-1
4887	5903723
4888	5905230
4889	-1
4890	5906737
4891	5908243
4892	-1
4893	5909750
4894	5911257
4895	-1
4896	5912763
4897	5914270
4898	-1
4899	5915777
4900	5917283
4901	-1
4902	5918790
4903	5920297
4904	-1
4905	5921803
4906	5923310
4907	-1
4908	5924817
4909	5926323
4910	-1
4911	5927830
4912	5929337
4913	-1
4914	5930843
4915	5932350
4916	-1
4917	5933857
4918	5935363
4919	-1
4920	5936870
4921	5938377
4922	-1
4923	5939883
4924	5941390
4925	-1
4926	5942897
4927	5944403
4928	-1
4929	5945910
4930	5947417
4931	-1
4932	5948923
4933	5950430
4934	-1
4935	5951937
4936	5953443
4937	-1
4938	5954950
4939	5956457
4940	-1
4941	5957963
4942	5959470
4943	-1
4944	5960977
4945	5962483
4946	-1
4947	5963990
4948	5965497
4949	-1
4950	5967003
4951	5968510
4952	-1
4953	5970017
4954	5971523
4955	-1
4956	5973030
4957	5974537
4958	-1
4959	5976043
4960	5977550
4961	-1
4962	5979057
4963	5980563
4964	-1
4965	5982070
4966	5983577
4967	-1
4968	5985083
4969	5986590
4970	-1
4971	5988097
4972	5989603
4973	-1
4974	5991110
4975	5992617
4976	-1
4977	5994123
4978	5995630
4979	-1
4980	5997137
4981	5998643
4982	-1
4983	6000150
4984	6001657
4985	-1
4986	6003163
4987	6004670
4988	-1
4989	6006177
4990	6007683
4991	-1
4992	6009190
4993	6010697
4994	-1
4995	6012203
4996	6013710
4997	-1
4998	6015217
4999	6016723
5000	-1
5001	6018230
5002	6019737
5003	-1
5004	6021243
5005	6022750
5006	-1
5007	6024257
5008	6025763
5009	-1
5010	6027270
5011	6028777
5012	-1
5013	6030283
5014	6031790
5015	-1
5016	6033297
5017	6034803
5018	-1
5019	6036310
5020	6037817
5021	-1
5022	6039323
5023	6040830
5024	-1
5025	6042337
5026	6043843
5027	-1
5028	6045350
5029	6046857
5030	-1
5031	6048363
5032	6049870
5033	-1
5034	6051377
5035	6052883
5036	-1
5037	6054390
5038	6055897
5039	-1
5040	6057403
5041	6058910
5042	-1
5043	6060417
5044	6061923
5045	-1
5046	-1
5047	6063430
5048	6064937
5049	-1
5050	6066443
5051	6067950
5052	-1
5053	6069457
5054	6070963
5055	-1
5056	6072470
5057	6073977
5058	-1
5059	6075483
5060	6076990
5061	-1
5062	6078497
5063	6080003
5064	-1
5065	6081510
5066	6083017
5067	-1
5068	6084523
5069	6086030
5070	-1
5071	6087537
5072	6089043
5073	-1
5074	6090550
5075	6092057
5076	-1
5077	6093563
5078	6095070
5079	-1
5080	6096577
5081	6098083
5082	-1
5083	6099590
5084	6101097
5085	-1
5086	6102603
5087	6104110
5088	-1
5089	6105617
5090	6107123
5091	-1
5092	6108630
5093	6110137
5094	-1
5095	6111643
5096	6113150
5097	-1
5098	6114657
5099	6116163
5100	-1
5101	6117670
5102	6119177
5103	-1
5104	6120683
5105	6122190
5106	-1
5107	6123697
5108	6125203
5109	-1
5110	6126710
5111	6128217
5112	-1
5113	6129723
5114	6131230
5115	-1
5116	6132737
5117	6134243
5118	-1
5119	6135750
5120	6137257
5121	-1
5122	6138763
5123	6140270
5124	-1
5125	6141777
5126	6143283
5127	-1
5128	6144790
5129	6146297
5130	-1
5131	6147803
5132	6149310
5133	-1
5134	6150817
5135	6152323
5136	-1
5137	6153830
5138	6155337
5139	-1
5140	6156843
5141	6158350
5142	-1
5143	6159857
5144	6161363
5145	-1
5146	6162870
5147	6164377
5148	-1
5149	6165883
5150	6167390
5151	-1
5152	6168897
5153	6170403
5154	-1
5155	6171910
5156	6173417
5157	-1
5158	6174923
5159	6176430
5160	-1
5161	6177937
5162	6179443
5163	-1
5164	6180950
5165	6182457
5166	-1
5167	6183963
5168	6185470
5169	-1
5170	6186977
5171	6188483
5172	-1
5173	6189990
5174	6191497
5175	-1
5176	6193003
5177	6194510
5178	-1
5179	6196017
5180	6197523
5181	-1
5182	6199030
5183	6200537
5184	-1
5185	6202043
5186	6203550
5187	-1
5188	6205057
5189	6206563
5190	-1
5191	6208070
5192	6209577
5193	-1
5194	6211083
5195	6212590
5196	-1
5197	6214097
5198	6215603
5199	-1
5200	6217110
5201	6218617
5202	-1
5203	6220123
5204	6221630
5205	-1
5206	6223137
5207	6224643
5208	-1
5209	6226150
5210	6227657
5211	-1
5212	6229163
5213	6230670
5214	-1
5215	6232177
5216	6233683
5217	-1
5218	6235190
5219	6236697
5220	-1
5221	6238203
5222	6239710
5223	-1
5224	6241217
5225	6242723
5226	-1
5227	6244230
5228	6245737
5229	-1
5230	6247243
5231	6248750
5232	-1
5233	6250257
5234	6251763
5235	-1
5236	6253270
5237	6254777
5238	-1
5239	6256283
5240	6257790
5241	-1
5242	6259297
5243	6260803
5244	-1
5245	6262310
5246	6263817
5247	-1
5248	6265323
5249	6266830
5250	-1
5251	6268337
5252	6269843
5253	-1
5254	6271350
5255	6272857
5256	-1
5257	6274363
5258	6275870
5259	-1
5260	6277377
5261	6278883
5262	-1
5263	6280390
5264	6281897
5265	-1
5266	6283403
5267	6284910
5268	-1
5269	6286417
5270	6287923
5271	-1
5272	-1
5273	6289430
5274	6290937
5275	-1
5276	6292443
5277	6293950
5278	-1
5279	6295457
5280	6296963
5281	-1
5282	6298470
5283	6299977
5284	-1
5285	6301483
5286	6302990
5287	-1
5288	6304497
5289	6306003
5290	-1
5291	6307510
5292	6309017
5293	-1
5294	6310523
5295	6312030
5296	-1
5297	6313537
5298	6315043
5299	-1
5300	6316550
5301	6318057
5302	-1
5303	6319563
5304	6321070
5305	-1
5306	6322577
5307	6324083
5308	-1
5309	6325590
5310	6327097
5311	-1
5312	6328603
5313	6330110
5314	-1
5315	6331617
5316	6333123
5317	-1
5318	6334630
5319	6336137
5320	-1
5321	6337643
5322	6339150
5323	-1
5324	6340657
5325	6342163
5326	-1
5327	6343670
5328	6345177
5329	-1
5330	6346683
5331	6348190
5332	-1
5333	6349697
5334	6351203
5335	-1
5336	6352710
5337	6354217
5338	-1
5339	6355723
5340	6357230
5341	-1
5342	6358737
5343	6360243
5344	-1
5345	6361750
5346	6363257
5347	-1
5348	6364763
5349	6366270
5350	-1
5351	6367777
5352	6369283
5353	-1
5354	6370790
5355	6372297
5356	-1
5357	6373803
5358	6375310
5359	-1
5360	6376817
5361	6378323
5362	-1
5363	6379830
5364	6381337
5365	-1
5366	6382843
5367	6384350
5368	-1
5369	6385857
5370	6387363
5371	-1
5372	6388870
5373	6390377
5374	-1
5375	6391883
5376	6393390
5377	-1
5378	6394897
5379	6396403
5380	-1
5381	6397910
5382	6399417
5383	-1
5384	6400923
5385	6402430
5386	-1
5387	6403937
5388	6405443
5389	-1
5390	6406950
5391	6408457
5392	-1
5393	6409963
5394	6411470
5395	-1
5396	6412977
5397	6414483
5398	-1
5399	6415990
5400	6417497
5401	-1
5402	6419003
5403	6420510
5404	-1
5405	6422017
5406	6423523
5407	-1
5408	6425030
5409	6426537
5410	-1
5411	6428043
5412	6429550
5413	-1
5414	6431057
5415	6432563
5416	-1
5417	6434070
5418	6435577
5419	-1
5420	6437083
5421	6438590
5422	-1
5423	6440097
5424	6441603
5425	-1
5426	6443110
5427	6444617
5428	-1
5429	6446123
5430	6447630
5431	-1
5432	6449137
5433	6450643
5434	-1
5435	6452150
5436	6453657
5437	-1
5438	6455163
5439	6456670
5440	-1
5441	6458177
5442	6459683
5443	-1
5444	6461190
5445	6462697
5446	-1
5447	6464203
5448	6465710
5449	-1
5450	6467217
5451	6468723
5452	-1
5453	6470230
5454	6471737
5455	-1
5456	6473243
5457	6474750
5458	-1
5459	6476257
5460	6477763
5461	-1
5462	6479270
5463	6480777
5464	-1
5465	6482283
5466	6483790
5467	-1
5468	6485297
5469	6486803
5470	-1
5471	6488310
5472	6489817
5473	-1
5474	6491323
5475	6492830
5476	-1
5477	6494337
5478	6495843
5479	-1
5480	6497350
5481	6498857
5482	-1
5483	6500363
5484	6501870
5485	-1
5486	6503377
5487	6504883
5488	-1
5489	6506390
5490	6507897
5491	-1
5492	6509403
5493	6510910
5494	-1
5495	6512417
5496	6513923
5497	-1
5498	-1
5499	6515430
5500	6516937
5501	-1
5502	6518443
5503	6519950
5504	-1
5505	6521457
5506	6522963
5507	-1
5508	6524470
5509	6525977
5510	-1
5511	6527483
5512	6528990
5513	-1
5514	6530497
5515	6532003
5516	-1
5517	6533510
5518	6535017
5519	-1
5520	6536523
5521	6538030
5522	-1
5523	6539537
5524	6541043
5525	-1
5526	6542550
5527	6544057
5528	-1
5529	6545563
5530	6547070
5531	-1
5532	6548577
5533	6550083
5534	-1
5535	6551590
5536	6553097
5537	-1
5538	6554603
5539	6556110
5540	-1
5541	6557617
5542	6559123
5543	-1
5544	6560630
5545	6562137
5546	-1
5547	6563643
5548	6565150
5549	-1
5550	6566657
5551	6568163
5552	-1
5553	6569670
5554	6571177
5555	-1
5556	6572683
5557	6574190
5558	-1
5559	6575697
5560	6577203
5561	-1
5562	6578710
5563	6580217
5564	-1
5565	6581723
5566	6583230
5567	-1
5568	6584737
5569	6586243
5570	-1
5571	6587750
5572	6589257
5573	-1
5574	6590763
5575	6592270
5576	-1
5577	6593777
5578	6595283
5579	-1
5580	6596790
5581	6598297
5582	-1
5583	6599803
5584	6601310
5585	-1
5586	6602817
5587	6604323
5588	-1
5589	6605830
5590	6607337
5591	-1
5592	6608843
5593	6610350
5594	-1
5595	6611857
5596	6613363
5597	-1
5598	6614870
5599	6616377
5600	-1
5601	6617883
5602	6619390
5603	-1
5604	6620897
5605	6622403
5606	-1
5607	6623910
5608	6625417
5609	-1
5610	6626923
5611	6628430
5612	-1
5613	6629937
5614	6631443
5615	-1
5616	6632950
5617	6634457
5618	-1
5619	6635963
5620	6637470
5621	-1
5622	6638977
5623	6640483
5624	-1
5625	6641990
5626	6643497
5627	-1
5628	6645003
5629	6646510
5630	-1
5631	6648017
5632	6649523
5633	-1
5634	6651030
5635	6652537
5636	-1
5637	6654043
5638	6655550
5639	-1
5640	6657057
5641	6658563
5642	-1
5643	6660070
5644	6661577
5645	-1
5646	6663083
5647	6664590
5648	-1
5649	6666097
5650	6667603
5651	-1
5652	6669110
5653	6670617
5654	-1
5655	6672123
5656	6673630
5657	-1
5658	6675137
5659	6676643
5660	-1
5661	6678150
5662	6679657
5663	-1
5664	6681163
5665	6682670
5666	-1
5667	6684177
5668	6685683
5669	-1
5670	6687190
5671	6688697
5672	-1
5673	6690203
5674	6691710
5675	-1
5676	6693217
5677	6694723
5678	-1
5679	6696230
5680	6697737
5681	-1
5682	6699243
5683	6700750
5684	-1
5685	6702257
5686	6703763
5687	-1
5688	6705270
5689	6706777
5690	-1
5691	6708283
5692	6709790
5693	-1
5694	6711297
5695	6712803
5696	-1
5697	6714310
5698	6715817
5699	-1
5700	6717323
5701	6718830
5702	-1
5703	6720337
5704	6721843
5705	-1
5706	6723350
5707	6724857
5708	-1
5709	6726363
5710	6727870
5711	-1
5712	6729377
5713	6730883
5714	-1
5715	6732390
5716	6733897
5717	-1
5718	6735403
5719	6736910
5720	-1
5721	6738417
5722	6739923
5723	-1
5724	-1
5725	6741430
5726	6742937
5727	-1
5728	6744443
5729	6745950
5730	-1
5731	6747457
5732	6748963
5733	-1
5734	6750470
5735	6751977
5736	-1
5737	6753483
5738	6754990
5739	-1
5740	6756497
5741	6758003
5742	-1
5743	6759510
5744	6761017
5745	-1
5746	6762523
5747	6764030
5748	-1
5749	6765537
5750	6767043
5751	-1
5752	6768550
5753	6770057
5754	-1
5755	6771563
5756	6773070
5757	-1
5758	6774577
5759	6776083
5760	-1
5761	6777590
5762	6779097
5763	-1
5764	6780603
5765	6782110
5766	-1
5767	6783617
5768	6785123
5769	-1
5770	6786630
5771	6788137
5772	-1
5773	6789643
5774	6791150
5775	-1
5776	6792657
5777	6794163
5778	-1
5779	6795670
5780	6797177
5781	-1
5782	6798683
5783	6800190
5784	-1
5785	6801697
5786	6803203
5787	-1
5788	6804710
5789	6806217
5790	-1
5791	6807723
5792	6809230
5793	-1
5794	6810737
5795	6812243
5796	-1
5797	6813750
5798	6815257
5799	-1
5800	6816763
5801	6818270
5802	-1
5803	6819777
5804	6821283
5805	-1
5806	6822790
5807	6824297
5808	-1
5809	6825803
5810	6827310
5811	-1
5812	6828817
5813	6830323
5814	-1
5815	6831830
5816	6833337
5817	-1
5818	6834843
5819	6836350
5820	-1
5821	6837857
5822	6839363
5823	-1
5824	6840870
5825	6842377
5826	-1
5827	6843883
5828	6845390
5829	-1
5830	6846897
5831	6848403
5832	-1
5833	6849910
5834	6851417
5835	-1
5836	6852923
5837	6854430
5838	-1
5839	6855937
5840	6857443
5841	-1
5842	6858950
5843	6860457
5844	-1
5845	6861963
5846	6863470
5847	-1
5848	6864977
5849	6866483
5850	-1
5851	6867990
5852	6869497
5853	-1
5854	6871003
5855	6872510
5856	-1
5857	6874017
5858	6875523
5859	-1
5860	6877030
5861	6878537
5862	-1
5863	6880043
5864	6881550
5865	-1
5866	6883057
5867	6884563
5868	-1
5869	6886070
5870	6887577
5871	-1
5872	6889083
5873	6890590
5874	-1
5875	6892097
5876	6893603
5877	-1
5878	6895110
5879	6896617
5880	-1
5881	6898123
5882	6899630
5883	-1
5884	6901137
5885	6902643
5886	-1
5887	6904150
5888	6905657
5889	-1
5890	6907163
5891	6908670
5892	-1
5893	6910177
5894	6911683
5895	-1
5896	6913190
5897	6914697
5898	-1
5899	6916203
5900	6917710
5901	-1
5902	6919217
5903	6920723
5904	-1
5905	6922230
5906	6923737
5907	-1
5908	6925243
5909	6926750
5910	-1
5911	6928257
5912	6929763
5913	-1
5914	6931270
5915	6932777
5916	-1
5917	6934283
5918	6935790
5919	-1
5920	6937297
5921	6938803
5922	-1
5923	6940310
5924	6941817
5925	-1
5926	6943323
5927	6944830
5928	-1
5929	6946337
5930	6947843
5931	-1
5932	6949350
5933	6950857
5934	-1
5935	6952363
5936	6953870
5937	-1
5938	6955377
5939	6956883
5940	-1
5941	6958390
5942	6959897
5943	-1
5944	6961403
5945	6962910
5946	-1
5947	6964417
5948	6965923
5949	-1
5950	-1
5951	6967430
5952	6968937
5953	-1
5954	6970443
5955	6971950
5956	-1
5957	6973457
5958	6974963
5959	-1
5960	6976470
5961	6977977
5962	-1
5963	6979483
5964	6980990
5965	-1
5966	6982497
5967	6984003
5968	-1
5969	6985510
5970	6987017
5971	-1
5972	6988523
5973	6990030
5974	-1
5975	6991537
5976	6993043
5977	-1
5978	6994550
5979	6996057
5980	-1
5981	6997563
5982	6999070
5983	-1
5984	7000577
5985	7002083
5986	-1
5987	7003590
5988	7005097
5989	-1
5990	7006603
5991	7008110
5992	-1
5993	7009617
5994	7011123
5995	-1
5996	7012630
5997	7014137
5998	-1
5999	7015643
6000	7017150
6001	-1
6002	7018657
6003	7020163
6004	-1
6005	7021670
6006	7023177
6007	-1
6008	7024683
6009	7026190
6010	-1
6011	7027697
6012	7029203
6013	-1
6014	7030710
6015	7032217
6016	-1
6017	7033724
6018	7035230
6019	-1
6020	7036737
6021	7038244
6022	-1
6023	7039750
6024	7041257
6025	-1
6026	7042764
6027	7044270
6028	-1
6029	7045777
6030	7047284
6031	-1
6032	7048790
6033	7050297
6034	-1
6035	7051804
6036	7053310
6037	-1
6038	7054817
6039	7056324
6040	-1
6041	7057830
6042	7059337
6043	-1
6044	7060844
6045	7062350
6046	-1
6047	7063857
6048	7065364
6049	-1
6050	7066870
6051	7068377
6052	-1
6053	7069884
6054	7071390
6055	-1
6056	7072897
6057	7074404
6058	-1
6059	7075910
6060	7077417
6061	-1
6062	7078924
6063	7080430
6064	-1
6065	7081937
6066	7083444
6067	-1
6068	7084950
6069	7086457
6070	-1
6071	7087964
6072	7089470
6073	-1
6074	7090977
6075	7092484
6076	-1
6077	7093990
6078	7095497
6079	-1
6080	7097004
6081	7098510
6082	-1
6083	7100017
6084	7101524
6085	-1
6086	7103030
6087	7104537
6088	-1
6089	7106044
6090	7107550
6091	-1
6092	7109057
6093	7110564
6094	-1
6095	7112070
6096	7113577
6097	-1
6098	7115084
6099	7116590
6100	-1
6101	7118097
6102	7119604
6103	-1
6104	7121110
6105	7122617
6106	-1
6107	7124124
6108	7125630
6109	-1
6110	7127137
6111	7128644
6112	-1
6113	7130150
6114	7131657
6115	-1
6116	7133164
6117	7134670
6118	-1
6119	7136177
6120	7137684
6121	-1
6122	7139190
6123	7140697
6124	-1
6125	7142204
6126	7143710
6127	-1
6128	7145217
6129	7146724
6130	-1
6131	7148230
6132	7149737
6133	-1
6134	7151244
6135	7152750
6136	-1
6137	7154257
6138	7155764
6139	-1
6140	7157270
6141	7158777
6142	-1
6143	7160284
6144	7161790
6145	-1
6146	7163297
6147	7164804
6148	-1
6149	7166310
6150	7167817
6151	-1
6152	7169324
6153	7170830
6154	-1
6155	7172337
6156	7173844
6157	-1
6158	7175350
6159	7176857
6160	-1
6161	7178364
6162	7179870
6163	-1
6164	7181377
6165	7182884
6166	-1
6167	7184390
6168	7185897
6169	-1
6170	7187404
6171	7188910
6172	-1
6173	7190417
6174	7191924
6175	-1
6176	-1
6177	7193430
6178	7194937
6179	-1
6180	7196444
6181	7197950
6182	-1
6183	7199457
6184	7200964
6185	-1
6186	7202470
6187	7203977
6188	-1
6189	7205484
6190	7206990
6191	-1
6192	7208497
6193	7210004
6194	-1
6195	7211510
6196	7213017
6197	-1
6198	7214524
6199	7216030
6200	-1
6201	7217537
6202	7219044
6203	-1
6204	7220550
6205	7222057
6206	-1
6207	7223564
6208	7225070
6209	-1
6210	7226577
6211	7228084
6212	-1
6213	7229590
6214	7231097
6215	-1
6216	7232604
6217	7234110
6218	-1
6219	7235617
6220	7237124
6221	-1
6222	7238630
6223	7240137
6224	-1
6225	7241644
6226	7243150
6227	-1
6228	7244657
6229	7246164
6230	-1
6231	7247670
6232	7249177
6233	-1
6234	7250684
6235	7252190
6236	-1
6237	7253697
6238	7255204
6239	-1
6240	7256710
6241	7258217
6242	-1
6243	7259724
6244	7261230
6245	-1
6246	7262737
6247	7264244
6248	-1
6249	7265750
6250	7267257
6251	-1
6252	7268764
6253	7270270
6254	-1
6255	7271777
6256	7273284
6257	-1
6258	7274790
6259	7276297
6260	-1
6261	7277804
6262	7279310
6263	-1
6264	7280817
6265	7282324
6266	-1
6267	7283830
6268	7285337
6269	-1
6270	7286844
6271	7288350
6272	-1
6273	7289857
6274	7291364
6275	-1
6276	7292870
6277	7294377
6278	-1
6279	7295884
6280	7297390
6281	-1
6282	7298897
6283	7300404
6284	-1
6285	7301910
6286	7303417
6287	-1
6288	7304924
6289	7306430
6290	-1
6291	7307937
6292	7309444
6293	-1
6294	7310950
6295	7312457
6296	-1
6297	7313964
6298	7315470
6299	-1
6300	7316977
6301	7318484
6302	-1
6303	7319990
6304	7321497
6305	-1
6306	7323004
6307	7324510
6308	-1
6309	7326017
6310	7327524
6311	-1
6312	7329030
6313	7330537
6314	-1
6315	7332044
6316	7333550
6317	-1
6318	7335057
6319	7336564
6320	-1
6321	7338070
6322	7339577
6323	-1
6324	7341084
6325	7342590
6326	-1
6327	7344097
6328	7345604
6329	-1
6330	7347110
6331	7348617
6332	-1
6333	7350124
6334	7351630
6335	-1
6336	7353137
6337	7354644
6338	-1
6339	7356150
6340	7357657
6341	-1
6342	7359164
6343	7360670
6344	-1
6345	7362177
6346	7363684
6347	-1
6348	7365190
6349	7366697
6350	-1
6351	7368204
6352	7369710
6353	-1
6354	7371217
6355	7372724
6356	-1
6357	7374230
6358	7375737
6359	-1
6360	7377244
6361	7378750
6362	-1
6363	7380257
6364	7381764
6365	-1
6366	7383270
6367	7384777
6368	-1
6369	7386284
6370	7387790
6371	-1
6372	7389297
6373	7390804
6374	-1
6375	7392310
6376	7393817
6377	-1
6378	7395324
6379	7396830
6380	-1
6381	7398337
6382	7399844
6383	-1
6384	7401350
6385	7402857
6386	-1
6387	7404364
6388	7405870
6389	-1
6390	7407377
6391	7408884
6392	-1
6393	7410390
6394	7411897
6395	-1
6396	7413404
6397	7414910
6398	-1
6399	7416417
6400	7417924
6401	-1
6402	-1
6403	7419430
6404	7420937
6405	-1
6406	7422444
6407	7423950
6408	-1
6409	7425457
6410	7426964
6411	-1
6412	7428470
6413	7429977
6414	-1
6415	7431484
6416	7432990
6417	-1
6418	7434497
6419	7436004
6420	-1
6421	7437510
6422	7439017
6423	-1
6424	7440524
6425	7442030
6426	-1
6427	7443537
6428	7445044
6429	-1
6430	7446550
6431	7448057
6432	-1
6433	7449564
6434	7451070
6435	-1
6436	7452577
6437	7454084
6438	-1
6439	7455590
6440	7457097
6441	-1
6442	7458604
6443	7460110
6444	-1
6445	7461617
6446	7463124
6447	-1
6448	7464630
6449	7466137
6450	-1
6451	7467644
6452	7469150
6453	-1
6454	7470657
6455	7472164
6456	-1
6457	7473670
6458	7475177
6459	-1
6460	7476684
6461	7478190
6462	-1
6463	7479697
6464	7481204
6465	-1
6466	7482710
6467	7484217
6468	-1
6469	7485724
6470	7487230
6471	-1
6472	7488737
6473	7490244
6474	-1
6475	7491750
6476	7493257
6477	-1
6478	7494764
6479	7496270
6480	-1
6481	7497777
6482	7499284
6483	-1
6484	7500790
6485	7502297
6486	-1
6487	7503804
6488	7505310
6489	-1
6490	7506817
6491	7508324
6492	-1
6493	7509830
6494	7511337
6495	-1
6496	7512844
6497	7514350
6498	-1
6499	7515857
6500	7517364
6501	-1
6502	7518870
6503	7520377
6504	-1
6505	7521884
6506	7523390
6507	-1
6508	7524897
6509	7526404
6510	-1
6511	7527910
6512	7529417
6513	-1
6514	7530924
6515	7532430
6516	-1
6517	7533937
6518	7535444
6519	-1
6520	7536950
6521	7538457
6522	-1
6523	7539964
6524	7541470
6525	-1
6526	7542977
6527	7544484
6528	-1
6529	7545990
6530	7547497
6531	-1
6532	7549004
6533	7550510
6534	-1
6535	7552017
6536	7553524
6537	-1
6538	7555030
6539	7556537
6540	-1
6541	7558044
6542	7559550
6543	-1
6544	7561057
6545	7562564
6546	-1
6547	7564070
6548	7565577
6549	-1
6550	7567084
6551	7568590
6552	-1
6553	7570097
6554	7571604
6555	-1
6556	7573110
6557	7574617
6558	-1
6559	7576124
6560	7577630
6561	-1
6562	7579137
6563	7580644
6564	-1
6565	7582150
6566	7583657
6567	-1
6568	7585164
6569	7586670
6570	-1
6571	7588177
6572	7589684
6573	-1
6574	7591190
6575	7592697
6576	-1
6577	7594204
6578	7595710
6579	-1
6580	7597217
6581	7598724
6582	-1
6583	7600230
6584	7601737
6585	-1
6586	7603244
6587	7604750
6588	-1
6589	7606257
6590	7607764
6591	-1
6592	7609270
6593	7610777
6594	-1
6595	7612284
6596	7613790
6597	-1
6598	7615297
6599	7616804
6600	-1
6601	7618310
6602	7619817
6603	-1
6604	7621324
6605	7622830
6606	-1
6607	7624337
6608	7625844
6609	-1
6610	7627350
6611	7628857
6612	-1
6613	7630364
6614	7631870
6615	-1
6616	7633377
6617	7634884
6618	-1
6619	7636390
6620	7637897
6621	-1
6622	7639404
6623	7640910
6624	-1
6625	7642417
6626	7643924
6627	-1
6628	-1
6629	7645430
6630	7646937
6631	-1
6632	7648444
6633	7649950
6634	-1
6635	7651457
6636	7652964
6637	-1
6638	7654470
6639	7655977
6640	-1
6641	7657484
6642	7658990
6643	-1
6644	7660497
6645	7662004
6646	-1
6647	7663510
6648	7665017
6649	-1
6650	7666524
6651	7668030
6652	-1
6653	7669537
6654	7671044
6655	-1
6656	7672550
6657	7674057
6658	-1
6659	7675564
6660	7677070
6661	-1
6662	7678577
6663	7680084
6664	-1
6665	7681590
6666	7683097
6667	-1
6668	7684604
6669	7686110
6670	-1
6671	7687617
6672	7689124
6673	-1
6674	7690630
6675	7692137
6676	-1
6677	7693644
6678	7695150
6679	-1
6680	7696657
6681	7698164
6682	-1
6683	7699670
6684	7701177
6685	-1
6686	7702684
6687	7704190
6688	-1
6689	7705697
6690	7707204
6691	-1
6692	7708710
6693	7710217
6694	-1
6695	7711724
6696	7713230
6697	-1
6698	7714737
6699	7716244
6700	-1
6701	7717750
6702	7719257
6703	-1
6704	7720764
6705	7722270
6706	-1
6707	7723777
6708	7725284
6709	-1
6710	7726790
6711	7728297
6712	-1
6713	7729804
6714	7731310
6715	-1
6716	7732817
6717	7734324
6718	-1
6719	7735830
6720	7737337
6721	-1
6722	7738844
6723	7740350
6724	-1
6725	7741857
6726	7743364
6727	-1
6728	7744870
6729	7746377
6730	-1
6731	7747884
6732	7749390
6733	-1
6734	7750897
6735	7752404
6736	-1
6737	7753910
6738	7755417
6739	-1
6740	7756924
6741	7758430
6742	-1
6743	7759937
6744	7761444
6745	-1
6746	7762950
6747	7764457
6748	-1
6749	7765964
6750	7767470
6751	-1
6752	7768977
6753	7770484
6754	-1
6755	7771990
6756	7773497
6757	-1
6758	7775004
6759	7776510
6760	-1
6761	7778017
6762	7779524
6763	-1
6764	7781030
6765	7782537
6766	-1
6767	7784044
6768	7785550
6769	-1
6770	7787057
6771	7788564
6772	-1
6773	7790070
6774	7791577
6775	-1
6776	7793084
6777	7794590
6778	-1
6779	7796097
6780	7797604
6781	-1
6782	7799110
6783	7800617
6784	-1
6785	7802124
6786	7803630
6787	-1
6788	7805137
6789	7806644
6790	-1
6791	7808150
6792	7809657
6793	-1
6794	7811164
6795	7812670
6796	-1
6797	7814177
6798	7815684
6799	-1
6800	7817190
6801	7818697
6802	-1
6803	7820204
6804	7821710
6805	-1
6806	7823217
6807	7824724
6808	-1
6809	7826230
6810	7827737
6811	-1
6812	7829244
6813	7830750
6814	-1
6815	7832257
6816	7833764
6817	-1
6818	7835270
6819	7836777
6820	-1
6821	7838284
6822	7839790
6823	-1
6824	7841297
6825	7842804
6826	-1
6827	7844310
6828	7845817
6829	-1
6830	7847324
6831	7848830
6832	-1
6833	7850337
6834	7851844
6835	-1
6836	7853350
6837	7854857
6838	-1
6839	7856364
6840	7857870
6841	-1
6842	7859377
6843	7860884
6844	-1
6845	7862390
6846	7863897
6847	-1
6848	7865404
6849	7866910
6850	-1
6851	7868417
6852	7869924
6853	-1
6854	-1
6855	7871430
6856	7872937
6857	-1
6858	7874444
6859	7875950
6860	-1
6861	7877457
6862	7878964
6863	-1
6864	7880470
6865	7881977
6866	-1
6867	7883484
6868	7884990
6869	-1
6870	7886497
6871	7888004
6872	-1
6873	7889510
6874	7891017
6875	-1
6876	7892524
6877	7894030
6878	-1
6879	7895537
6880	7897044
6881	-1
6882	7898550
6883	7900057
6884	-1
6885	7901564
6886	7903070
6887	-1
6888	7904577
6889	7906084
6890	-1
6891	7907590
6892	7909097
6893	-1
6894	7910604
6895	7912110
6896	-1
6897	7913617
6898	7915124
6899	-1
6900	7916630
6901	7918137
6902	-1
6903	7919644
6904	7921150
6905	-1
6906	7922657
6907	7924164
6908	-1
6909	7925670
6910	7927177
6911	-1
6912	7928684
6913	7930190
6914	-1
6915	7931697
6916	7933204
6917	-1
6918	7934710
6919	7936217
6920	-1
6921	7937724
6922	7939230
6923	-1
6924	7940737
6925	7942244
6926	-1
6927	7943750
6928	7945257
6929	-1
6930	7946764
6931	7948270
6932	-1
6933	7949777
6934	7951284
6935	-1
6936	7952790
6937	7954297
6938	-1
6939	7955804
6940	7957310
6941	-1
6942	7958817
6943	7960324
6944	-1
6945	7961830
6946	7963337
6947	-1
6948	7964844
6949	7966350
6950	-1
6951	7967857
6952	7969364
6953	-1
6954	7970870
6955	7972377
6956	-1
6957	7973884
6958	7975390
6959	-1
6960	7976897
6961	7978404
6962	-1
6963	7979910
6964	7981417
6965	-1
6966	7982924
6967	7984430
6968	-1
6969	7985937
6970	7987444
6971	-1
6972	7988950
6973	7990457
6974	-1
6975	7991964
6976	7993470
6977	-1
6978	7994977
6979	7996484
6980	-1
6981	7997990
6982	7999497
6983	-1
6984	8001004
6985	8002510
6986	-1
6987	8004017
6988	8005524
6989	-1
6990	8007030
6991	8008537
6992	-1
6993	8010044
6994	8011550
6995	-1
6996	8013057
6997	8014564
6998	-1
6999	8016070
